globalID_A,globalID_B
EH1120493,EH1120493
DB197738,DB197738
DA109944,DE288433
CW789597,CW771482
BL501032,BL501032
BY636022,BY636022
BH137825,DD110527
AL168156,AG38030
DH46486,DH46486
CT50873,CT50873
CW1033010,CW1285209
CN84762,CN84762
CG158660,CG158660
DG40752,DG67486
AA169666,CW975531
CW1109744,CW1109744
CB81025,AA213745
DT140810,DT140810
CW1279585,CW1279585
EH833562,EH833562
BY639853,BY639853
CW1156889,CW1165208
CW938713,CW938713
BE275934,BE275934
BY530125,EB83042
CN74062,CN74062
EG44625,DE283950
DL254106,DL254106
CW1318429,CW1318429
DZ73339,EH1320869
BY594637,BY594637
CW1019314,CW1019314
DL193228,DL278285
CW612324,BL402346
BH168951,BH168951
CW1071646,EH760025
BL511619,BL511619
BL363283,BL363283
AA151314,AA151314
DE309051,DE298661
AG38030,AG38030
BE220026,BE243370
CW884962,CW875051
BL432136,BL432136
CC90465,AL173589
CW1061591,CW1061591
BE424024,BE424024
BB95698,BB95698
EH958627,EH958627
DA100642,DA100642
DL234603,DT169326
DD145581,DD210171
EH916983,DM31753
EH697363,EH697363
EH990812,EH990812
DE309051,DE309051
EH1003739,EH1003739
CW655034,CW655034
BL406265,BL406265
BP52629,BP52629
DL213238,DL213238
DE299782,DE299782
EG42335,EG41402
BE316205,BE316205
DL256640,DL256640
BY579626,BN324825
BY732200,BY732200
DZ47926,DZ47926
EH1146103,EH1146103
AA158604,AA158604
BR194692,BR194692
AA169717,AA169717
CG138777,EH615180
CW733706,CW766653
DE299413,DH63738
BL403136,BL403136
CW1235482,CW819839
CW928853,CW928853
BN383834,BN383834
DE289625,DE289625
EH972292,CW1104627
CW996207,CW996207
BN318758,BN318758
DR143305,DR143305
DL193456,EH811048
BM51097,BM51097
BY731636,BY732210
DB162966,DB162966
BN447525,BN447525
CJ153281,CJ153281
EH813822,EH813822
CW1067805,CW1068895
BR146772,EP73553
AL293080,AL293080
CW791960,CW1191098
CW1255755,CW1350593
EE6157,EE6157
DR108830,DR108830
CW1126564,CW1126564
DL223360,DL223360
AN227967,AN227967
AM70730,AM70730
CW1184535,CW742527
DZ54112,DZ54112
CW933986,CW933986
AL316425,AL316425
AA136470,CJ120344
BL366253,BL366253
BR171838,BR171838
BL416577,BL416577
CW698800,AL173589
AX64930,AX64930
DL235215,DL235215
BN483084,BN483084
AL196362,AL196362
EH1131563,EH1131563
EM89009,EM89009
AN159041,AN159041
CW909166,CW909166
CW1153993,CW1118220
BC66587,BC66587
DD150632,DD150632
DE300148,DE300148
BL443049,BL443049
CW983186,CW983186
EG51000,EG51000
AP81981,AX57830
CW1122372,CW1122372
DR105769,DR105769
DE324337,DE324337
EH1021621,EH1021621
AK97846,AK97846
CW884748,CW977011
BK45997,BK45997
AW172606,AW172606
DL278947,DL278947
BL449854,BL449854
BH135811,BH135811
DL197465,DL211254
BY636820,BY636820
AL235523,AL235523
DE308029,DE333934
DE313606,BL482106
CG150075,CG150075
BY564124,BY564124
BY539927,BY522435
BZ55934,AA167578
CD23101,CD23101
CW884962,CW1173415
EH1128142,EH1128142
CG106417,CC89087
AW193241,AW142492
BG39106,BG39106
BN466998,BN466998
DE210456,DE210456
BY532552,BY532552
BN335098,EH1030662
CL45452,CL45452
CW1115621,CW1115621
EP102069,EP102069
EL84042,EL84042
DL238423,DL238423
AW225635,AW225635
BL402703,BL402703
CW973401,CW923945
EH996301,EH996301
AW194986,AW194986
CW914602,CW861195
DE290195,DE290195
CW974374,DP45542
DN137043,DN137043
EP61471,EP61471
CT55494,CT55494
DZ66922,DZ66922
BE431025,BE431025
BE451800,BE451800
BR208523,DB244615
AN194131,AN194131
DE239739,DE231113
BH151044,BH145351
BN494219,BN494219
EB62140,EB62140
AW215989,AW215989
AD31826,AD31826
BY533561,BY533561
CW591164,CW591164
DL265538,DL265538
DA113709,DA113709
CW1140721,CW1125291
AN193811,AN193811
BG38470,BG38470
DB251167,DB251167
CW641516,CW641516
EH688075,EH688075
BY660872,BY660872
EH1145909,EH1145909
BY553102,BY762249
AL341191,CG122388
ED47631,DN136247
CW561503,CW561503
AL322140,AL314336
EL77188,EL77188
BK44569,BK44569
EH1055993,EH1055993
DR122639,DR122639
EH1127077,EH1127077
DN139837,DN139837
AA196276,AA196276
BY582279,BY582279
DL227548,DL227425
CW1120619,CW1327991
EH959633,EH959633
CW771626,CW771626
AK142100,AK142100
EH600784,EH600784
EL82214,EL82214
EH880266,EH880266
AA154332,AA154332
BR139538,AA164623
EH747175,CW707245
BH143905,BW56163
EH971630,EH971630
CW921669,CW1059928
BR176818,BR176818
CJ121132,CJ121132
EH961052,EH961052
EH864352,CM51023
CS30180,CS30180
BY591720,BY591720
BY543875,BY514246
BE288488,BE317495
CW954913,CW1164103
AN178636,AN178636
EH1266187,EH1266187
CW961078,CW961078
BL350057,BL377654
BY614200,BY614200
EH1159382,EH585306
EE6233,EE6233
AS77203,AS77203
EH1087571,EH1087571
DL254223,EH1093480
DB271050,DB271050
CW1048504,CW1235482
BD109766,BD105425
EB63891,EB63891
EH1231919,EH1231919
DD137886,DD137886
CM49340,CM49340
DE214866,EB72095
BE405362,BE405362
BY545764,BY545764
CW1260631,CW1260631
DS101400,DS101400
ER36171,ER36171
DK40548,DK40548
EH684142,EH856220
EP74915,CM51940
DD192810,DD192810
BC58554,CW1173415
AN147161,AN147161
EH1189242,EH1189242
EH1002989,EH1002989
CW1067124,CW1067124
BL394656,BL394656
DL191386,DL191386
BM76406,BM76406
BE421708,BE421708
BY739476,BY739476
EH871738,EH871738
BF32614,BF32614
AF25646,AF25646
CW1240977,CW1240977
BE215647,BE230988
CW791420,CW791420
AN106361,AN106361
AK126118,AK126118
BE446060,BE446060
CW978660,CW978660
EM116131,EM116131
BN324825,BN324825
BL521995,CN102344
BY553102,EN73838
EH684142,EH684142
BE296492,BE248245
CW1041951,CW1041951
BR210362,EH1320643
EM109039,EM109039
AL318630,AL318630
CA83786,CA83786
CW693367,CW730404
BH155294,BH155294
CG123240,CG123240
CN92038,CN78856
CW947584,CW963120
EH868452,EH1275256
EH1122259,EH1122259
CW1031095,CW1031095
BN420883,BN420883
BY575508,BY591305
EH1190867,EH1190867
CG166722,CG166722
ER43486,ER43486
DE296650,DE296650
DD145267,DD145267
AL274209,AL274209
BH138723,BH138723
DL232903,DL232903
CW932901,CW919068
BY553102,BY537198
DW48347,DW48347
BY545034,BY545034
AL240720,DL157195
CW1229981,CW595444
DD215711,DD215711
CW918116,EL82063
BN474489,BN471317
DL249295,DL218790
CW862660,CW862660
CT41034,CP46196
DP42527,DP42527
BR210362,DW72711
DN147692,DN147692
BN456091,BN456091
BY383942,BY405467
EH805595,EH805595
BE320891,BE320891
AL264607,AL264607
BR191026,BR187653
DA88326,DA88326
BN494637,BN494637
EM108819,EM108819
DD150989,DD90591
DR87595,DR87595
BY614104,EH636286
AA165504,AA165504
CW586410,CW893028
DD154790,DD154790
CW920607,CW920607
DB278494,DB266388
BY584720,BY584720
BY548862,BY548862
AK97979,AK97979
CW871699,CW871699
DD100891,CH39272
BL401328,BL401328
AP71808,AP70900
CW963563,CW963563
AL289073,AL289073
DL180932,EH557745
EH886587,EH886587
EH873235,EH1066384
CW684991,CW684991
AL231777,AL231777
BN441738,BN441738
CZ73042,CZ73042
BL486046,BL486046
CG106417,CG84760
DB261492,DB261492
DL238574,CN80021
DD167018,DD167018
DL256039,DL256039
DB290986,DB290986
AN142405,AN142405
EH1158851,EH1158851
EH1028545,BP60081
AF22861,AF22861
EH790567,EH1299001
CW813291,CW813291
CG106417,BN315455
CW739719,CW1344382
DG44922,DE233951
BZ47723,BZ47723
CW641782,CW641782
CN94502,CN94502
BE407698,BE382976
BL305917,DT118156
CA101081,CA101081
BN333394,BN497178
CW1095803,CW1235482
BL489917,AN227486
EL90498,EL90498
EH1129339,EH1129339
CW1004573,CW1004573
ES21902,ES21902
AL224092,AL224092
DS80007,DS80007
DL270565,DL270565
EH968689,EH968689
BN444848,BY567896
DA111494,DA111494
BL359568,BL330505
BN493722,BN441407
DD200189,DD200189
DD131723,DD131723
BY600338,BY600338
BE281276,BE281276
EG58435,EG58435
BF32494,BF32494
AP93289,AW208758
EB70420,EB70420
CW876492,CW876492
EH1129278,EH1129278
DS91852,DS91852
EN61176,EN61176
DE308340,DE308340
BN445387,BN445387
CG95535,CG95535
DN132564,DN132564
EL81241,EL81241
CW1066598,CW1066598
CW991623,CW946181
AN204676,AN204676
BL277420,EH1305033
BP69894,BP69894
BY381514,BY505337
EF132398,EF132398
AX58111,AX58111
CT37424,CT37424
CW1226133,EP74749
CW1072194,CW1072194
DZ63377,BB96390
BP45659,BP45659
EH951576,EH951576
EH1129021,EH1129021
EL53033,EH585306
EF149641,EF149641
EH1028545,DZ68091
EH921919,EH921919
EH678736,EH678736
AN199699,AN199699
BY547918,BY547918
BL441735,BL472300
BN341575,BN341575
DR138825,DR138825
BY730023,BY730023
BE291744,BE291744
CW735865,CW1184535
EH874770,EH874770
CB77464,CB77464
ES21119,EH1099957
CW915644,CW915644
CW1147944,CW1147944
CW723370,CW723370
DL210066,DL210066
BK47063,BK47063
DB285428,DB285428
CG99790,DL196314
EH952762,EH906019
EL53033,ES20584
CN78856,CL51472
BE392889,BE392889
BL396277,BL396277
AM99013,AM99013
CW586410,CB93093
DB295680,DB295680
BD128765,BD128765
CY23099,CY23099
BY635304,BY635304
BN533420,BN533420
BH143905,CW1003810
CM59844,BK42214
BY570324,BY570324
BN448501,BN448501
DB292502,DB195266
EH1028545,BW58274
BH138118,CW790761
CW833238,CW833238
BM59024,BM59024
BD139132,BD139132
BL370796,BL370796
BN407221,BN511322
CT41034,CT41034
BN444848,BL409388
BE379964,BE379964
EH1104508,EH1104508
EH969369,EH969369
CD30043,CD30043
CW797851,CW797851
BD145316,BD145316
BD107494,BD107494
DW48347,BB70498
DY43031,DY43031
BE248245,BE248245
EH1001305,EH1001305
EH1106925,EH1106925
DG59254,DG59254
AN162348,AN162348
EH1022897,EH1022897
CW1063169,CW1063169
EH876733,EH876733
DL252852,DL252852
CW927905,CW1236118
DG42432,DG42432
CW861551,CW861551
DR101236,DR101236
EH1127070,EH1127070
DN125122,DN125122
CY24849,CY24849
CW1190848,CW1190848
CC124191,CC124191
EH1148620,EP92475
CG168186,CG168186
AL207414,AL207414
DD150570,DD150570
EH747608,EH747608
BM67095,BM67095
CW998320,CW998320
CW903043,CW903043
BZ52186,BZ52186
AN180551,AN180551
EH883978,EH883978
BW62737,BW62737
CW715348,CW1007548
BE340035,BE340035
BY526467,BY526467
EP68216,EP68216
CW1069220,CW1069220
CW1249827,CW734441
DC23223,DC23223
CW1107194,CW1107194
AB40039,AB40039
AN173621,AN173621
BY608068,BY608068
DN129793,BL409388
CC90465,CB93093
BL433988,CE55136
DE269617,DE269617
EH1147923,EH1138524
BR172586,BR172586
CG134010,CG134010
DH56050,DH56050
BY732213,BY732210
EF131384,EF131384
EH931369,EH931369
CW973051,CW960752
DX52464,DX52464
EH835686,EH835686
CW1208988,CW1208988
CG133904,CG133153
EH978946,AE31080
BR215950,EH1023366
DB237134,DB237134
BE322638,BE336374
EH781293,EH781293
BY672070,BY490878
CW1019666,CW1019666
DN134266,DD210171
CW947665,CW947665
BP41129,BP41129
BE263035,BE369289
DB275729,DB275729
AM92641,AM92641
BL445376,BL445376
BY598432,AG38129
DE298804,DE298804
CZ93735,CZ93735
EF158467,CN78856
BY721133,EH679210
DN143729,DN143729
BN324068,AA167869
DW63894,DW63894
BE362058,BE362058
DN129793,BY567896
BY494042,BY494042
AK139695,AK139695
BY391131,BY391131
BL321783,BD103303
EH557664,EH557664
CW998979,CW998979
BE424024,BE418601
CW933260,CW933260
CJ199463,CJ199463
CX18231,CG122388
BL385538,BL385538
DB194782,DB194782
BR208270,BR208270
EH1029441,EH1029441
BN406067,CA84620
EH1137488,EH1137488
CW990216,CW968831
EN60454,EN60454
AS65905,EH943892
CJ126024,AH21000
DD123146,DD123146
DL246529,DL246529
BM57594,BM57594
DN125140,DN125140
BL465852,BL465852
DL230985,DL230985
DB193863,DB193863
BM72914,BM72914
EN58810,EN58810
EL63673,EL63673
EN68826,EN68826
BR190210,EM85615
AL335132,AL335132
CG126682,CG126682
CW698800,CW893028
CW1091308,CW1374400
EH569928,EH569928
EH1110679,EH1110679
EH1206401,EH1206401
CW1162834,CW1162834
EF121667,AN145151
BB92517,BB92517
AW140121,AW140121
CW1023736,AA185665
CW1061370,CW1061370
EL54213,EL57392
BD129473,BD129473
DB288983,DB288983
DL253391,DL253391
CW880889,CW817467
BN455769,DR132054
EF121667,AA164623
BN454480,BN538321
DE274878,DE274878
BP58302,CW893028
DE279010,DD105184
CW1300113,CW1205622
BL405848,BL405848
EF186373,EF186373
AP83445,AP83445
CW1067934,CW896224
AB44033,AB44033
EL89404,EL89404
CW777276,CW777276
EH927888,EH927888
CC121565,AA136656
BY728227,EH1131283
AL341191,CW707245
AA203188,AA203188
BE374912,BE411495
DB290676,DB290676
DB289867,DB289867
BK36748,BK36748
CM67439,CM67439
CW617355,EG37281
DL205805,DL205805
BY662298,AN160471
AM99581,AM99581
BH166284,BH166284
BY693730,BY693730
EM91385,BH136593
CW1196788,BL402346
DD138461,DD210171
DS104308,DS104308
DB213228,DB213228
CW1093463,CW1093463
DS86769,DS86769
BE210540,BE210540
AM107743,DL256578
AN194871,AN194871
CW988989,CW988989
EH1028653,DL279707
DW73456,DW73456
CW1326827,CW1326827
EB75421,EB75421
DN143664,DN143664
BE336181,BE336181
AL310402,AA164623
EH1024348,BG60795
BE379394,BE379394
EH896108,EH1136422
EH572249,EH613546
BY653471,BY653471
BE287277,BE311899
EM100437,CW1339407
EH1034080,EH1034080
CW957022,CW706347
AL273772,AL273772
DR141753,DR141753
BL420772,BL420772
BL451036,BL451036
AW173305,AW173305
BH172986,BH172986
EH1077321,EH1077321
CW1044515,CW1262210
EL80579,BY591305
BN472059,BN472059
DL195414,DL195414
DW68979,DW68408
CW880889,CW880889
DE320304,DE320304
EH559387,EH559387
DS87313,DS87313
CW973140,CW973140
BE278771,BE221215
CW1070290,CW1070290
CW1140326,BC69683
CW1148515,BR184986
DZ61553,DZ61553
BL478629,BL478629
AL244619,CW684991
CW573579,CB93093
CW835686,CW752874
DB306113,DB306113
EH1181448,EH1181448
EH979375,DS86380
EF158729,EF158729
CW1136654,CW1356556
BY538864,BY538864
BP57000,BP57000
DZ71965,DZ71965
AA145073,AA164623
DL248960,BH163790
EK21074,EK21074
DR120322,DR120322
CW738936,CW738936
DD170185,DD170185
DE305428,DE305428
DR85252,DR85252
CW1005634,CW1005634
DN123720,DN123720
BL351965,BL351965
EH1026068,EH1026068
BR205639,EH523367
AK105395,AK105395
BR183465,CJ166698
BP38825,DA77184
CW1043796,CW1081123
DN134266,BC69683
CL38445,BL330505
CL51047,CL51047
EH1201044,EH1201044
CW1090199,CW736803
EH666443,EH666443
AL341191,BM62400
AN175636,AN175636
CC87985,CC87985
BD121024,BD121024
DB218106,AL290124
EH1238881,EM132447
EH797899,DH34714
EG37281,EG37281
EH750945,EH750945
DS103158,DS103158
DA102627,DA102627
EF136796,EF136796
EH987874,EH987874
BL459680,BL459680
BL390285,BL390285
AX68916,AT18878
CW1052834,CW1052834
CW698800,AA167869
DL234350,DL234350
DD150989,EH1099957
EB66120,EN73838
AX72779,AX72779
AA180055,AA180055
AA143858,AA143858
EH873138,BL470941
DD84654,DD84654
CW861551,CW1024673
CW573579,CW602700
CW1294495,CW1294495
BR203762,BR203762
AL257110,AL257110
CW736079,CW1146961
CW698473,CW615566
ER39521,ER39521
CW844525,CW615566
CW1227813,CW1227813
BE259904,BE259904
EH1069624,CB93093
BY726604,BY726604
CW895830,CW895830
CW1099044,CW915544
BN320039,BN320039
CA106335,CA106335
BY672764,BY672764
CW596901,CW596901
BL353045,BP46424
EP84534,DE264784
BE372158,BE372158
AL241453,AL241453
CZ66462,CZ66462
DL207853,DL197368
EN58204,EN58204
DL272855,DL272855
EH966072,EH966072
BE280235,BE280235
DA97750,DA97750
BR175924,BR175924
CW1063695,CW1063695
BL502838,BL502838
DT167023,DT167023
CW846962,CW846962
BY553102,ED48831
CW1155451,CW1155451
EH1084138,EH1084138
DT124655,DT124655
EF148910,EF148910
EH893246,EH893246
BL407432,BL407432
CW1188602,CW1208783
CW1056800,CW1056800
EH1203368,EH1203368
DK40075,DK40075
CW890243,CW890243
BW53182,BW53182
EF163405,EF163405
AL310402,AE25450
DE271031,DE271031
BD151591,BD151591
DB203371,DL244199
BY621227,BY621227
BN405204,BN405204
DR118939,DR118939
AN169608,AN168264
EF172945,EF172945
BL398941,BL398941
BL339406,BL339406
BY566246,BY566246
CW1086502,EL76625
BY513880,BY513880
BN399466,BN380967
EH618592,EH618592
CW712056,CW743396
BN516711,BN516711
BY413842,BY413842
BL479806,BL512765
CN66193,BE202417
DB259523,DB259523
EH1122152,CJ168772
CD30625,CD30625
CW1007927,CW767235
DT124319,DT124319
BY646252,BY646252
DD194248,DD90591
BN503288,BN503288
DB207770,DB207770
AN169165,AN174979
DA111395,DA111395
BD101810,BD101810
EH595255,EH595255
DL220448,DL220448
EL78419,EL78419
DE263351,DE263351
BL457193,BL457193
EP92067,EP92067
CW1198412,CW948247
BH178727,BL290404
DS108014,DS108014
CW1021464,CW1021464
BL418374,BL418374
BE253500,BE253500
CW1065879,CW1065879
EH1194986,EH1194986
DL200707,DL200707
CW937761,CW937761
BN505635,BN505635
DN126468,DN126468
EL53033,AP64426
CW905854,CW946535
BD84842,BD84842
EH734008,EH734008
BY608659,BY537198
CW934357,CW963120
BE283713,BE259082
CW1037582,CW1037582
AN108738,AN115332
BE404334,BE404334
BL413204,BL413204
CW853384,CW853384
BE387996,BE387996
EP99036,EP99036
DD116894,DD104913
DD119132,CZ69818
BL387960,BL387960
BL359568,DE201724
BY552974,BY552974
ED47631,ED47631
CW835753,CW805696
DN127862,DN127862
EF181776,EF181776
EH1205400,EH1205400
DK39886,DK39886
DN133971,DN133971
CW1040709,CW1040709
CT42020,CT42020
CW701555,CW701555
BL533649,BL533649
DW57282,DW57282
EM80947,EM80947
AP80837,AP80837
CW1073565,CW1084987
BL379293,BL379293
EH1009646,EH1009646
CL34626,BE371840
BH144998,BH144998
BL491639,BL491639
CW683476,CW1248913
AM79180,AM79180
DE299942,DE299942
BD146562,BD146562
DB187538,DB187538
CW982173,CW982173
EH813308,EH813308
CZ92323,CZ92323
DB224801,DB199678
BN454480,AX65261
BB107968,BB107968
EF230371,EF230371
DP36298,DP36298
CM60711,CM60711
CW921051,CW921051
DY38006,DY38006
DT123211,DT123211
CW1195105,CW1195105
DB274090,DB274090
CW1164366,CW595444
EH789682,BY554789
CW1070809,CW1344810
BR149064,BR149064
BH148448,BH148448
CH56385,EH1071622
CG155030,CG155030
CG128136,CG128136
BL379165,BL379165
DE261823,DE261823
BR159431,AH20059
EH1069624,AA167869
DR92651,DR92651
BY584753,BY584753
BN383935,CW841564
CW1014692,CW1014692
EH670248,EH671687
BE317107,BE317107
AN192960,AN192960
AL346387,AL346387
DH63738,DH63738
BH134940,BH134940
AW194085,AW194085
ED54635,ED54635
AC14739,AC14739
AD30701,AD30701
DG49008,DG49008
BE312431,BE312431
DA94866,DA94866
DE303581,DE303581
AK97919,AK97919
CC90810,CC90810
BY599391,BY599391
CL44870,CL44870
AD30451,AD30451
CE53418,EH841766
EH1028545,DD165810
BN309431,BN309431
BR158975,BR158975
CB91704,CB91704
AL197759,AL197759
DH47841,DH47841
AN217466,AN217466
BM67387,BM67387
BR205639,BE195422
DN104038,DN104038
BL489342,BL489342
BN452691,BN512652
CG128293,CG128293
BE280739,BE280739
BG51080,BG51080
AG47639,AG47639
DE289750,DE289750
EN69475,EN69475
AM85563,CG122388
BY619842,BY619842
DN132536,DN132536
CW1257071,CW805696
BL371621,CW844757
CA95061,CA95061
DD177673,DD177673
CG151187,CG151187
DB262259,DB262259
EH558123,EH558123
AL263520,AL263520
DT110583,DT110583
CW835602,CW835602
EH1126871,EH1126871
EG59731,EG59731
DR132100,DR132100
EM109263,EM109263
CG128036,CG128036
DX58569,DX58569
BK46146,BK46146
DE290071,DE290071
BL363853,BL363853
AL261351,AL261351
EH870477,EH870477
CW1220726,CW1220726
EF175947,EF175947
BE372177,BE372177
AN145545,AN145545
EH1174528,EH1174528
EF109722,EF109722
CW1039037,CW1039854
CZ94527,CZ94527
EF205543,EF205543
BY521422,BY521422
EH1021527,EH1021527
BE334563,BE214939
CW698800,CB93093
CN84090,CN84090
AF25446,AF25446
AL323728,AL323592
CW880129,CW948596
CW1129368,CW1312790
CW950387,DL212514
CW1120041,CW1120041
BH148183,BH148183
EH982009,EH982009
EH1191342,EH1191342
EH1021388,DE289947
AA180717,AA180717
BY398312,BY398312
DR119602,DR119602
CW801696,CW801696
EF184479,EF184479
AA182441,AA182441
EH815850,EH815850
CP41737,CP41737
AS80487,AS80487
AW189506,EH958692
DD121411,DD121411
AH23017,AH23017
BN488678,BN488678
CW923752,CW923752
AA191106,AA191106
EL54213,EL66202
DB287351,DB287351
CW570294,CW570294
EG60876,EG60876
DD148296,DD148296
CJ156706,CJ156706
DA89842,DA89842
DW73666,DW73666
EF217017,EF217017
EH1191626,EH1191626
ES22598,ES22598
CW984585,CW589269
CR23724,CR23724
CY31699,CY31699
BY581505,BY581505
BN401482,BN401482
CW573579,CW893028
BY498456,BY498456
BZ56448,BZ60397
EH630961,EH630961
CE49266,CE49266
AM92946,DX43476
DG46608,DG46608
CW973107,CW973107
CW802263,CW802263
CW591362,CW797851
DB292906,DB292906
DR84465,DR84465
CW696352,CW696352
CW1173597,CW1277920
BB98703,BB98703
CW1219088,BR168514
EH972956,EH972956
AS80202,AS80202
BL399216,BL399216
AD27177,BD103303
BE353124,BE353124
CW961165,CW961165
EH714847,DB206885
CW1140326,CW875051
BB94988,BB94988
BN393532,BN393532
EL93120,EL93120
CW1152660,CW1152660
ED47414,ED47414
AL289792,AL289792
DD202616,DD202616
CW1017626,CG144046
BD151302,BD151302
EL65244,EL66669
EH1153580,EH1153580
CW831740,CW831740
DL179565,DL179565
DB272023,CE53882
BY581897,BY581897
CW827588,CW827588
BY714776,BY714776
DE271872,DE271872
AA183489,AA183489
AM85730,CD24597
CW613460,CW650329
EH933772,EH766967
CW925471,CW965587
AP81766,AP81766
DZ66734,DZ69838
DA86892,DA86892
AB37592,AB37592
AN170141,AN170141
DA97021,DA97021
EH948798,EH948798
EN61176,EN60188
BH178727,AL173589
CJ157960,CJ157960
BL419557,BL419557
BY644893,BY644893
BR196648,BR196648
DB292502,DB292502
EG58553,EG58553
CW918116,CW1190848
BR146772,BM62400
CW1227491,CW789525
EH789308,EH789308
BN312141,BN352209
BY491869,BY491869
EH1203741,EH1203741
DE257824,DE257824
BY375998,BY386189
AS59211,AS59211
BE215647,EH811554
DR115561,DR115561
CW1085749,CW1085749
BC68349,BC68349
DW48347,EF114946
EN69363,EN69363
BN414901,BN414901
EH893736,EH893736
CW1255399,CW1255399
DR94640,DR95570
DL216097,DL216097
BC63693,BC63693
BN465265,BN465265
CW638942,DD133762
EH953903,AN172120
CW713760,CW1165208
EH825092,EH825092
AL225059,AL225059
CW1082729,CW1082729
BN390832,BN390832
CN78856,CN92038
BJ26647,EM74173
BY500844,BY500844
BY400584,BY400584
CZ72256,CZ72256
DG51051,EH1202827
CJ170613,CJ170613
AM85730,AM85730
DN134224,DN134224
BB93265,BB70498
AM85022,AM85022
CW1263695,CW1263695
DH60054,DH60054
DN107083,CC89087
EH874744,EH874744
BY581413,BY581413
DP54599,DX57331
CW958717,CW1071655
BY606775,BY606775
CG106417,BB115995
CT52283,CT52283
CT51778,CT51778
EH1104761,EH1104761
CJ142933,CJ142933
BN414206,BN414206
BL449150,BL449150
EH971572,EH971572
DB221503,DB221503
EH751014,EH751014
BN510119,BN530554
BY577701,BY577701
BE336447,BE336447
BL521995,DB198706
DA110874,EP92475
BD114441,BD114441
CW830961,CW830961
BN355707,BN355707
CW931414,CW931414
AE27456,AE27456
EB69984,EB69984
EH608100,EH608100
CW939697,CW939697
EH1122501,EH1122501
EM114994,EM114994
BL395357,BL395357
AA172335,AA172335
DB210658,DB210658
DD122498,DD122498
BC53857,BC53857
BE349235,BE349235
BY615920,BY615920
EN49359,DZ48203
BR139538,AE25450
EH972050,EH972050
CW835991,CW1100754
AA167877,AA167877
CL53484,CL53484
CW1046977,CW1046977
BY588739,BY588739
DB310736,DB310736
BE278623,BE278623
BN313113,BN313113
CW835915,CW972837
EH953334,EH953377
AW165382,AW165382
EH1098025,BG48798
CW870055,CW870055
CW1039631,CW1039631
BY645309,BY645309
BR157116,BR157116
CW1135556,CW1135556
BD113748,BD113748
BY544374,BY544374
DL202307,DL202307
BL371135,BL371135
EH1022076,EH1022076
EM120425,CG159420
CW1014692,CW1351717
DB314461,DB314461
AN177004,AN177004
DE309137,DE233642
EH697363,EH913534
EH554131,DE201724
CW1017178,CW1017178
CW982107,CW982107
DR150621,DR150621
DB274253,DB274253
EN61176,ER38856
BY635013,BH162156
AA162675,AA162675
AT25720,DL261860
BE438313,DZ74529
BB92720,BB92720
BH147316,DK39187
BN307944,BN424547
DL235971,BW58274
AL227967,AL227967
DN107083,CG84760
EH992425,EH992425
CW982863,CW982863
DL219034,BE334170
EH1274725,EH1274725
CW1025023,CW738387
EH1130374,EH1130374
EH1178354,EH1178354
AT27135,EP93471
EL87527,AK126306
CW580878,CW580878
BH160355,BH160355
CW1264180,CW1264180
EH1317123,EH1317123
BL436490,BL436490
DC24321,DC24321
DL202026,DL202026
DH64791,DH64791
AN118101,AN118101
EH1126964,EH1126964
EH1066747,EH1066747
BY514246,BY514246
EB64502,EB64502
CJ194618,CJ191296
EH1030865,EH1030865
CW1150426,CW1123186
BE264836,BE368562
DB179462,DB179462
DL211475,EH1068030
BY730013,BY730013
BP38579,BP38579
EH1142979,EH1142979
CW931483,CW931483
EH921564,EH631730
DR144645,DR144645
CW823611,CW823611
EH893857,EH893857
EH1102544,EH1102544
EH973558,EH973558
CW1019482,CW874074
BR152683,BR152683
CS28277,CS28277
DE289761,DE289761
CW1035122,CW1035122
BY615113,BY615113
BR145300,BR145300
AB38035,AB38035
BE428692,BE428692
CN89075,CN89075
EM111102,EM111102
BE320183,BE362058
DN143543,DN143543
BN408209,BN408209
BY599056,BY599056
ER44583,AD33709
AL267512,AL267512
BD105060,BD105060
CC127648,CC127648
DZ53061,DZ53061
EH926515,EH926515
EL72712,EL72712
EH556255,EH556255
BL398088,BL398088
CW811046,CW811046
EH890231,EH890231
DT143064,DT143064
BR215950,BY609792
BE401167,BE401167
CW1367400,CW1021579
BR205050,BR205050
EH896460,EH896460
EH970129,EH970129
CW1095176,CW1095176
BC69683,BC69683
BY572228,BY572228
BY551168,BY551168
DL240683,DL240683
DD136208,DD121701
BN364918,BN364918
EJ28957,EJ28957
BE333998,BE333998
EH1000368,EH1000368
CW918664,CW918664
AW171073,AW171073
AA128863,AA128863
AL322484,AL322484
DH47424,DH47424
CW1039910,CW1039910
AS71417,AS71417
BN537325,BN537325
BY530125,BY512366
AK139784,AL207414
BE215647,BE322383
AA148687,BE253445
CG138229,CT51778
BL447973,BL447973
EM100437,DN123519
CW692306,CW692306
EH980723,EH980723
DZ64817,EH1136422
DT107215,DT107215
BL451910,BL451910
DB239071,DB239071
EH667133,EH667133
EH1216635,EH1216635
ED53398,ED53398
EF186763,EF205543
CW1092100,CW1092100
EH880266,EH852968
BG41158,BG41158
EH1039260,BM62400
CW930879,CW930879
BL342032,BL342032
EH667854,EH669582
BN380407,EL68072
CT55494,CT53137
BL443805,BL443805
EM116084,EM116084
AE22972,AE22972
CZ92444,EN70838
BY500410,BY500410
CJ167871,CJ161672
BW55501,BW55501
BE310870,BE269821
DS96722,DS96722
DZ48203,DZ48203
CW693290,CW681784
EF152195,EA41708
AM84523,AP73692
CW1071646,CW1298909
CW977238,CW1077877
DL207833,DL207833
CW871606,CW692799
CW1068230,CW1068230
AL184579,AL184579
DL202237,EM83475
BL389229,BL389229
CN56916,CN102390
BW56191,BW56191
CC137246,CC137246
EH864352,EH586792
BY723372,BY723372
AE30681,AE30681
AL277000,AL277000
EH949726,EH949726
CW1035378,CW1035378
CJ142228,CJ142228
CW975982,CW975982
EH1023783,EH1023783
CA109010,CA109010
EH1178323,EH1178323
AW163349,AW163349
BR176414,BR176414
BY526390,BY528017
BY674389,BY674389
BN385918,BN385918
CW1098673,CW620566
CG113216,EH1251974
CW732901,CW732901
EL100032,EL100032
DL257984,DL257984
BE354077,BE442774
EH891821,EH891821
CW833886,CW887494
AA164332,AA164332
DN126187,DN99252
CW1123743,CW1123743
CW869195,CW1263695
CG106417,CG106417
CW779967,CW779967
ED43007,ED43007
DB280954,DB280954
EH1271768,EH1271768
BC48695,BC48695
CH37702,CG84760
BW41012,BW50305
BD120620,BD120620
CA130283,CA130283
AW213345,AW213345
BN459001,BN459001
DE314477,DE314477
DZ60501,DZ60501
AG62719,AG62719
CW1019865,CW1019865
CW1298692,CW935836
BP56024,BP56024
AA176717,AA176717
EH934137,EH934137
DL258204,DL256598
BD99799,BD160777
CW1181855,CW1181855
CE41505,CE41505
AL240720,BL290404
BN500177,BN492532
BR210599,BR210599
DN113587,DN113587
BH114559,BH114559
BR213812,BR171803
CB77018,CB77018
CW1154919,CW1038762
DH53043,DH53043
AP82165,AP82165
AL341191,BE255083
BX16061,BY608572
DB269488,DB269488
BC56046,BC56046
CW998216,CW998216
DT140642,DL252541
BY637047,BY637047
BN373990,EH927410
AT19556,BN315121
CG132635,CG132635
AJ38397,AJ38397
BY635756,BY635756
DL216097,CW948108
CW605330,CW806014
DR145962,DR145962
BY543881,BY525667
BY479835,BY479835
BW60395,BW60395
DZ50604,AG38030
EH1127504,EH1127504
EH874558,EH874558
BH123451,BH123451
DL199951,DL199951
DL257700,DL257700
EH592506,EH592506
BW62790,BW62790
AM94737,AM94737
AL322140,AL322140
CZ101724,CZ101724
BR217509,BR217509
DN125660,DN125660
EH588708,EH588708
CW598223,BR168514
EH1208561,EH1068198
BY605906,BY605906
EF97662,EF97662
CG144363,CG144363
EH994604,EH994604
CZ115385,AG38030
BL383837,BR155364
AL189873,AL189873
AL229231,AL229231
BM50875,BM50875
CW746382,CW746382
BN460792,BN498024
CW830958,CW612149
DE262705,DE262705
CX18044,CX18044
CA132957,CA132957
BC49228,BC49228
CW1170764,CW777350
BY560832,BY560832
AS97393,AS76981
EH1000368,EH1312741
DT166661,DT166661
BN479116,BN494219
DE197254,DE197254
BE288825,BE288825
CW1222766,CW1222766
AA154091,AA212055
DE293664,DE293664
EG60858,CW996207
DL250533,DL250533
DB224758,DB224758
CW713368,CW946535
AW189506,CN80021
CW1293994,CW617893
EP81250,EP81250
CW811752,CW811752
CL50198,CL50198
BE433228,BC57735
CM57423,CM57423
AL231303,AL231303
AW172234,AW172234
AN167215,AN167215
AD30399,AD30399
BY572363,BY572363
DE278575,DE278575
BY587183,BY587183
CW777714,CW792398
DZ57147,DZ57147
BL387689,BL387689
CG170963,CG170963
BY626732,BY626732
CW1143208,CW1285209
EH1170836,EH1170836
BY607929,BY607929
BN437420,BN437420
DE285006,DE285006
BN324068,AL173589
EH963125,EH963125
EN49359,EN53165
DE315934,DE315934
EG50030,EG50030
EF192964,EH1066928
EH873188,EH873188
EG47607,AE24113
EH1201107,EH1201107
CA85890,CA85890
BL491498,BL491498
AL163180,AL217265
CN71734,CN71734
BR177532,BR177532
CL49444,CL49444
CW701555,BL538401
CP40980,CP40652
EF126231,EF126231
CG140728,CG140728
CG89791,CG148109
AP60160,BE195422
BE437458,BE437458
BB100472,BB100472
CJ122089,CJ122089
BE341510,BE300020
EH1206459,EH1206459
DY30381,DY30381
BK48509,BK48509
CW1300113,BC58331
CM44777,CM71470
BL429805,BL429805
EH1000932,EH1000932
DD180425,DD180425
DT136338,DT136338
BY671576,BY665584
EH953574,EH953574
DB249846,DB249846
CW746784,CW746784
CW913448,CW913448
BY375998,BY554789
AS84374,AS84374
AL214210,AL214210
CW1030986,CW1030986
DA107682,DA107682
DK41520,DK41520
BL443682,BL443682
EH1143521,EH948191
CG131204,CG131204
BL448521,CW1034747
CN76103,CN76103
BJ35017,BL440276
BN423980,BN423980
DZ78160,BL290404
CW1129676,CW633221
CW1202445,CW1172988
AA147378,AA171225
AL263142,AL263142
CW1017476,CW1017476
DA107191,DA107191
EH1077269,EH1077269
EH834255,EH834255
DL257952,DL257952
EH770149,DL197368
BY707491,BY707491
CW1144271,CW1144271
CW1314926,CW1314926
DL205507,DL205507
CN80563,CN80563
CW1000106,CW1000106
DN131344,DN131344
DL211934,DL211934
EF128390,EF128390
DP44896,DP44896
BR148314,DB198706
EH1133020,EH1133020
CW976260,CW976260
EH1117939,EH1117939
CW1180888,CW1036633
EH705706,EH705706
CW1066427,CW1066427
EM100437,BE255083
AL315103,AL315103
CW998275,CW998275
AB37531,AN145545
CP42062,CP42062
DM24423,DM24423
DD104913,DD116894
BR146772,DN123519
BL434954,BL434954
BA14121,DL201530
CW1082344,CW1088566
CW971378,CW971378
BR174687,EB66819
DR98763,DR149577
BR148314,BD123511
BY529077,BY529077
DB220697,DB220697
EH915902,EH915902
DT145634,DL224688
CW1051252,CW801581
EH863090,EH863090
EH666667,EH666667
CW1096724,CW1344382
EP92221,EP92221
CN72693,CN72693
BH163494,BH163494
BY496308,BY496308
BN521511,BN521511
BY691376,DD90591
CW984480,CW984480
CW917401,CW917401
BH172825,AX65261
BE366610,BE366610
EF162165,EF162165
CS25752,CS25752
BE305320,BE305320
AL184922,AL184922
CW791960,CW1220726
BA15637,BA15637
EH1071622,EH1071622
EH850500,AL298045
BL412859,BL412859
DL164049,DL164049
EL91752,EL91752
AN215110,AN215110
DL257524,DL257524
CW872103,CW872103
EH554131,CG84760
CG179376,CG179376
EL86157,EL86157
AN178905,AN178905
AN165628,BL464740
BN330856,BN313699
AW164871,AW164871
AA181740,AA181740
BE410385,BE410385
CW693290,CW1159758
CW1127268,CW1021078
BL469393,BL469393
EH729745,EH729745
CW1022282,CW1022282
BN445808,BN445808
EH1271595,EH1271595
CT45149,CT45149
BE246304,BE246304
CN90884,EL74344
CW889803,CW889803
BD99117,BD99117
EH1104844,EH1104844
EF214281,EF214281
BN420646,BN420646
BN427212,BN427212
BE273250,BE273250
EH1204896,EH1204896
CW890811,CW890811
CW1198412,CW731364
AW204608,AW204608
BR177693,BR177693
EH1105058,EH1105058
DL206194,EH604649
CW966488,CW1344382
EL81003,EL81003
AN198118,AN198118
BZ56545,BZ58931
CW1164366,CW671825
AB37531,DL256578
BL500252,BL413074
CA81751,CA81751
CB67887,CB67887
CW856509,CW856509
DE289705,DE289705
CW1140746,CW1289775
CK11163,CK11163
CW948525,CW948525
AN197348,AN197348
DL253648,DL253648
CW1312119,CW1312119
EF204357,EF204357
EF190334,CJ158954
CW742527,CW752874
BL521995,BD123511
EH665804,EH665804
BL403748,BL403748
AX52859,AX52859
BB93575,DN119699
BG41707,BG41707
BY335904,BY335904
EH1318324,EH1318324
DL221568,DL221568
EH978946,CJ158954
CW852684,CW852684
BY541658,BY541658
CW1096117,CW1039854
CW811429,CW790348
AL275974,AL275974
BR169124,BR169124
CA139513,CA139513
AK121737,AK121737
EH1024348,EH1024348
BY610708,CW788482
CW989699,CW989699
CJ135820,CJ135820
CZ79476,CZ79476
BE351070,BE351070
BY560392,BY560392
CJ136421,CJ136421
CW862550,CW862550
CW742527,CW742527
AW196793,BN466448
AM91705,AM91705
CW1015363,DB295438
BE289349,BE257921
CW800976,CW1199132
EH921195,EH921195
EH1070318,EH1070318
AX61075,BM62400
BN511322,BN511322
BY588139,BY588139
EL89358,EL89358
BL421945,BL421945
BN442382,BN442382
DL226334,DL226334
BL448817,BL448817
AP60160,EN53165
BH178727,CB93093
CW1068382,CW1068382
CG179588,CG179588
BR186181,BR186181
AA173139,AA173139
CY24526,CY24526
DD116894,DD116894
CH53797,CH53797
CW767235,CW767235
AK71137,AK71137
DL215914,DL215914
BY530125,BN380981
EH1012115,EH1012115
DM33332,DM33332
EH1099500,EH1099500
EF163694,EF163694
AL303643,AL303643
CW784310,CW784310
BR192065,BR192065
CW1052558,CW1052558
BL522189,BL522189
EH903348,EH903348
CW1039949,CW1039949
AJ41471,CJ156706
ER40564,ER40564
BN456761,BN456761
BN476138,EM122938
AL267668,AL267668
CW702998,CW648994
EH959836,EH959836
DL267654,DL267654
CW963088,CW797851
AG53716,AG53716
CW914906,CW914906
AX71529,AX71529
DB242984,DB242984
BL406629,BL406629
EH1073038,EH1073038
BE392243,BE392243
BE194956,BE194956
EH867975,EH867975
BG38521,BG38521
CW830958,CW580369
CW808627,CW808627
CW857453,CW857453
EH958662,EH958662
EH982009,EH1271429
BL400030,BL400030
BL331918,BL512765
BN371457,BN371457
CW1246066,CW1246066
EH1079051,EH1079051
CW1104627,CW1104627
CP40980,DL221523
EH682386,EH682386
EH906019,EH906019
BN380413,BN380413
BD101941,BD101941
CW1224587,CW1224587
CW1163931,CW1163931
AN224741,AN224741
AL335557,CW1298307
BE442619,BE455353
BE389151,BE389151
BE275369,BE275369
CD23606,CD23606
AR12410,CN78856
EH1318998,EH1318998
AX58508,AX58508
BW58546,BW58546
DZ70230,BP63909
CW1178925,EH679210
BY376982,BY376982
CW1252378,CW790348
EH1266763,EH1266763
CW982173,CW893979
BB98231,BB98231
DN151454,DN151454
EH1069624,BD160777
AA143651,AA164623
BR230860,BR230860
CW1226330,CW941767
DG48309,DG48309
DD134718,DD134718
DR84257,AL174739
DB224443,DB224443
CA131935,CA131935
BR190031,CE55136
AK105251,AK105251
BE202417,DL176912
CW1178925,CW1327819
BF27690,BF27690
CW618644,CW1081123
AX74290,EH1204756
BH163790,BH163790
BN426380,BN426380
CB81713,CB94946
BY594027,BY594027
BL322869,AA164623
BY578262,BY578262
CW896729,EH731772
BE351095,BE351095
EH747175,EH747175
BE222374,BE281445
EH609910,EH585462
EH964524,EH964524
BN324068,BN352209
BY487019,BY487019
EH1268865,EH1268865
CW1140721,CW915134
EP93462,EP93462
CC142750,CC142750
BY741378,BY741378
CW790378,AM94549
BN430566,BN430566
DZ68997,BR237904
DG52662,DG52662
AM108595,AM108595
DN114116,DN110239
DB198765,DB198765
BP69913,BP69913
CE42624,CE42624
EH907031,EH907031
DE259308,DE259308
BN430702,BN430702
BR153993,BR145932
DB233143,CW798570
EH1075893,EH1075893
BY665156,BY674185
CW932098,CW932098
CW776887,CW776887
CW1104627,CW1128643
AN186179,AN186179
CW1257071,CW835753
EH921086,EH921086
BE339713,BE339713
CT44067,CT44067
BE380159,BE294419
CW965663,CW1043592
EH850535,EH850535
BN440827,BN440827
BZ41680,BZ41680
AL267577,AL267577
EF220084,EF220084
CJ163262,CJ163262
BL350882,BL350882
DZ67523,DZ67523
AL180676,AL180676
CW784454,CW786481
CW860447,CW860447
BE392119,BE392119
BY638647,BY550862
DC23869,DC23869
CW923945,CW923945
BP55827,BP55827
AA198345,AA198345
BJ42534,BJ42534
EL58032,EL54647
BE443673,BE443673
EH1126629,EH1126629
BH123916,BH123916
CW873012,CW788828
BL507391,BL507391
DP47131,DP47131
EH960853,EH960853
CW973392,CW973392
CW819839,CW819839
CB74369,CB74369
AM95719,AM95719
AL265822,AL202896
DL267177,DL267177
AM101591,AM101591
BY568521,BY622617
AN138152,AN144324
DL220855,DL220855
AD24839,AD24839
BR144570,BR144570
BY591305,BY591305
CW587555,CW620566
EH1145402,EH1145402
CA102517,CA102517
BZ56514,BZ57500
BY620410,BY620410
DT155517,DT155517
DH51184,DH51184
EH566535,AX68916
CP39371,CP39371
EH666986,EH666986
BL416948,BL416948
DA118678,DZ68091
BN324068,BL290404
BM73801,BM73801
CP40652,CP40652
AS87250,AS87250
DB302348,DB302348
CW1119914,CW1038798
BR159951,BR159951
BY680122,BY680122
CW798458,CW798458
DR110549,DR110549
DE263898,DE263898
DR111470,DR111470
BY721808,BY721808
DE276264,DE319139
EP76306,EJ21472
ES23252,AA151333
AN181667,AN181667
AL216438,AL216438
CW1040038,CW1040038
EH835902,EH835902
DG52198,EE6285
EH1115863,EH999233
EH697398,EH697398
BY480972,BY480972
BN462518,BN466108
DE291621,DE291621
BN435162,BN435162
EH849345,EH708685
CW556390,CW556390
DT122065,CH42929
CJ169691,CJ169691
BY517176,BY544557
DD122846,DD122846
BY720025,BY720025
BE262184,BE262184
DB282885,DB282885
AM77669,EM94966
BN408155,BN408155
CW804721,CW804721
CE53822,CE53822
CW990104,CW990104
BL518957,BL518957
CA89274,CA89274
DL238574,BY591305
CW862385,DK27999
AC13365,AC13365
CW1175148,DZ73204
EH595458,EH595458
DH43718,DH43718
BR155364,BR155364
BE311965,BE311965
CJ164119,CJ164119
DL227143,DR118412
EH731656,EH731656
CE54224,CE54224
EH734647,EH734647
BH169236,BH169236
EH1269103,EH1269103
CW592575,CW592575
DN132887,BB92021
BL353007,BL353007
CW855203,CW839196
BD134107,BD134107
BL433635,BL433635
CW950387,CW1203969
AL308651,AL308651
CA94511,CA94511
AB39010,AB43358
DL179680,DL179680
DL233278,DL233278
DT161567,DT161567
EH918029,EH918029
AK121410,AK121410
BZ48702,BZ48702
DE273662,DE273662
CZ88842,CZ88842
EH1195451,CW1036633
CW870944,CW1027949
AX52914,AX52914
EH923381,EF115853
DS101557,DS101557
DT144443,DT144443
EH776629,EH776629
CW784539,CW784539
EH1011454,EH1011454
BB96426,BB96426
EN65106,CA105847
DL238574,EH958692
BY561771,BY561771
EL71987,EL74344
CG106417,CW1286633
EH1038099,EH1038099
DW69368,CZ115044
BN531920,BN531741
BB87134,BB87134
AP70910,CN86707
CW1010566,CW1203047
BL498566,BL498566
BP58302,CW1199132
DS103900,DS103900
BL513608,BL513608
EN76264,EN76264
AZ17936,AZ17936
CW950155,CW950155
CW1041219,CW1041219
BY506629,BY506629
DB256318,DB256318
BL479806,BL479806
EH888221,EH888221
DP51210,DP51210
EH919920,EH919920
DL238574,DL238574
AS65905,AE25450
DA121476,DA121476
BW62670,BW62670
DN99137,DW48347
CW1094855,CW1374098
DD145581,AB38383
EH854364,EH854364
AL225339,AL225339
EH997007,EH997007
BN481705,BN481705
CW1028630,CW1375815
BR168514,BR168514
BN397922,BN397922
DE276107,DE276107
BL510010,BL510010
AK90803,AK90803
BN328735,BN319950
BE278951,BE278951
CW723993,CW1165208
BN508323,BN417670
DX58846,DX58846
BH140846,BH140846
CW1235621,CW837504
CW1032555,CW1032555
CW576170,EA36263
EH874598,EH874598
AH18674,AH18674
CW1081587,CW983194
AP72631,AP72631
DA115206,DA115206
CZ85106,CZ85106
BN371057,BN371057
CW1167607,CW1167607
BY508816,BY508816
BY670438,BY670438
EH667956,EH667956
EH1129810,EH1129810
CJ202696,CJ202696
AK139784,AW172784
EH1204444,EH1204444
EH558144,EH550976
BL433341,BL442766
CW826099,CW810638
DW66674,DW66674
CB73335,CB73335
EH934002,EH934002
BJ36016,BJ36016
EH921065,EH921065
BL420504,BL420504
CW608140,CW1059702
EH754004,EH754004
EL79536,EL79536
EH833223,EH833223
CW616519,CW616519
CL49961,CL49961
AX48219,AX48219
BL348135,BL348135
DD197829,AM80980
EH1127324,EH1127324
BY518883,BY518883
BL446500,BL483943
EH869416,DA104838
BL406839,BL406839
BE372708,BE372177
CW871685,CW871685
AM75351,DB291381
DE304947,DE304947
CW1112301,CW1238569
EH948475,EH948475
DB255625,DB255625
BY613222,BY613222
DF21876,DF21876
BE341510,BE341510
EM132181,EM132181
CW743448,CW743448
CW1141164,CW1141164
BZ56798,EM132136
CW1034205,CW1034205
CW984433,CW784313
BD107176,EP73553
BD108596,BD108596
CX23373,CX23373
DL248944,DL248944
CW1058436,CW1058436
CW819839,CW1235482
EH1145148,EH1145148
BY608659,BY762249
BY534499,BY534499
CW871606,CW1326299
CZ60621,EH1230280
DR107572,DR107572
BM48230,CW594984
DA73877,DA73877
BN513351,BN513351
CW692281,CW545190
CN76503,CN76503
EH803733,EH803733
BL270631,BL270631
BY406101,BY406101
DB259652,DB259652
BF26718,EH921701
BL398723,BL398723
AL335557,AL335557
EF215726,EF215726
AL267505,AL267505
AM91472,AM91472
BR125338,BR125338
EH1130601,EH1130601
EH1074193,EB72946
DN134266,CW1173415
CW896595,CW1088615
DN134266,DT155805
DB171529,DB171529
BN442302,BN442302
CW889976,CW889976
BJ30283,BJ30283
CJ136367,CJ136367
CS30372,CS30372
CW1148515,CW915134
EH666787,CA117343
AL240720,BD154874
DE264283,DE264283
CC156967,CC156967
DE221002,DE223372
BB94112,BB93798
EH1005524,EH1005524
CW940057,CW940057
BW64535,BW64535
BR166916,BR166916
CA103928,CA103928
DT104289,DT104289
BR138495,BR138495
DE300797,DE300797
BB114233,BR189110
CW598223,CW637256
CW817910,CW817910
EH1119260,EH1119260
DB243621,DB243621
AA181600,AA181600
CW555319,CW946470
AG49694,DT162221
BN324068,DL157195
AA181038,AA181038
CW793632,CW793632
CW835686,CW1352867
DT148521,DT148521
CW857634,CW857634
EH923381,EH923381
BP55441,BP55441
DR110373,DR110373
DR120470,DR120470
EH1068030,EH1068030
EH1315570,EH1315570
DR145220,DR145220
EL75453,EL75453
EH925269,EH925269
AL341191,DD134024
CW656112,CW1215662
EH1092800,EH1092800
AR13245,AR13245
CW1046659,CW603307
EM96199,EM96199
CG111024,CG111024
BY705277,BY705277
DP38283,DP38283
CW895435,CW895435
CC107477,CC107477
EH1128142,EH1307757
DG52198,DG52198
CW648994,CW648994
CW1041951,CW834887
AX48290,AX48290
BD130954,BD130954
DB241469,DB241469
CP44369,CP44369
BL450008,BL516655
ER37755,ER37755
AW192180,AW192180
BH141028,BH141028
CW698996,CW1180581
AX62111,AX62111
EL86159,EL86159
BY602780,BY602780
DY33239,BD154874
DE284966,CJ158954
ES24134,ES24134
AK113128,AK113128
EH912376,EH912376
EG42335,EG41569
CW756797,CW857744
BN442427,BN442427
CA82969,CA82969
CW977427,CW894532
CW781665,CW781665
AN210583,AN210583
CS27540,CS27540
BH178727,EM91954
DL240563,DL240563
CW886630,CW1066598
BE371111,BE371111
DE233552,DE233552
BY538112,BY538112
CW996161,CW996161
AL168283,AL168283
EH839467,EH839467
EP95892,EP95892
BE322891,BE322891
CW838097,CW870137
DA104318,DA104318
CW1148515,CW1125291
CW694860,CW694860
AA193237,AA193237
BN467871,BN467871
CW1024294,CW1024294
DB293737,DB293737
CW1092988,CW1092988
BN463111,BY621604
DL254400,DL254400
BR154545,BR154545
CW1031561,CW1031561
CW583149,EG37281
AG55246,AG55246
CN68050,CN68050
EL53033,DY47232
DL163544,BL299809
DB267685,DB267685
DZ71486,DZ71486
DN130385,DN130385
CW1243176,CW1243176
CW1109669,EH731772
EF152195,DT137955
BL517822,BL517822
EH1193485,EH1193485
DD121369,DD121369
CW942864,CW942864
BN411607,BN411607
EM109452,EM109452
AL240720,BD160777
DE296732,DE296732
BE322206,BE322206
BL432136,AP88075
CW886816,CW760610
EH847251,EH894316
AA149517,AA163175
CG102096,BR140083
BD115347,BD115347
EB57763,EB57763
CJ124356,CJ124356
CG159404,CG159404
BN444879,BN444879
EH1021803,EH1021803
BN324454,BN315121
DB294396,DB294396
BY670767,BY670767
DB179965,DB179965
AL252665,AL252665
CW638942,CW1328953
CZ111587,CZ111587
EF232629,EF232629
BN488329,BN488329
CC142931,CC142931
BY524782,BY524782
CY29158,CY29158
EM75750,EM75750
CR20989,CR20989
BY523603,BY523603
EH946022,EH946022
CP46801,CP46801
BR157121,BR157121
DX58672,DX58672
BM67666,BM67666
DR134273,BP60081
BL332071,BL332071
EP68319,EP68319
CW650808,CW650808
AM107328,AM107328
CW922479,CW1172988
CW1064311,CW1064311
BN470163,BN470163
CW941459,CW941459
BY592497,BY592497
CW1018707,CW1017178
DL192177,DL192177
BY674054,BY674054
BD107176,AK144869
EH1020785,EH1020785
BB81229,CM57109
BE341665,BE332008
CW975932,CW963120
CG87003,CG87003
CW1065482,CW1065482
CW1113405,CW1322774
CP36186,CP36186
EL92483,EL92483
EH811208,EH811208
CJ140904,DL272674
CJ110185,CJ110185
EH1037461,BN361054
AW198644,AW198644
CW617355,CW1348212
BN471456,BN471456
EM79829,EM79829
EH855240,EH855240
DB249024,DB249024
BN465421,BN541503
CW1050903,CW1273938
CW1257666,CW1257666
CM76502,CM76502
CW824402,CW824402
CW1184535,CW752874
BF26826,BF26826
AC14458,AC14458
EH1192028,EH1192028
CW1021388,AL289073
EL50213,AL173589
BY492361,BY594027
EH1007408,EH1007408
EN49926,AN106361
CW925086,EL76625
EH1028545,AW220058
BY641471,BY641471
BZ66425,BZ66425
CW989667,CW989667
DD163588,DD163588
BE344485,BE344485
CW571278,CW571278
DL258264,DL258264
DE307691,DE307691
EH779189,EH779189
AG62690,AG62690
BR177693,DA107318
CW1133300,CW1133300
CW837742,CW837742
BL353031,BL353031
DL163802,DL163802
EF169445,EF169445
BD107176,BM62400
BY709863,BY709863
BH181322,BH181322
BY608572,BY418077
BZ48312,BZ48312
CW896595,CW805696
AN154887,EF169728
AL283566,AL283566
CW956222,CW602755
EH909132,EH909132
CW957684,CW957684
AA148130,AA148130
BL347523,BL347523
DF20318,DF20318
AA180246,AA180246
EM108096,EM108096
EL72984,BY681778
BJ37414,BJ37414
CW938447,CW938447
DC25836,DC25836
CJ138540,CJ141798
AH17593,AH17593
BN492532,BN492532
BE442280,BE442280
CW873911,CW873911
CJ142031,CJ166698
DK38449,DK38449
EH987826,EH987826
EH847251,EH585462
EB51804,EB51804
BN495677,BN495677
BM60277,BM60277
BL379079,BL379079
CW606187,CW760610
BN479740,BN479740
BD109142,BD109142
EP79375,EP79375
CZ76714,CZ76714
AA148687,AA148687
EH825361,EH825361
CW1002023,CW833566
CW1227002,CW1227002
BE393527,BE393527
DR120766,DR120766
CW871649,CW871649
ER34316,ER34316
CP49813,CP49813
AD28487,AD28487
DL195564,DL195564
DZ64817,DZ64817
BN473290,BN452735
EL71797,EL71797
EH1030972,EH1030972
EB63533,EB63533
CS29515,CS29515
CW966124,CW966124
AA180967,AA180967
AA151900,AG43054
DB191233,DB193863
EL79288,EL79288
DB234434,BD153497
DL242464,DL242464
AM77582,AM77582
DZ68997,BD123511
DB251865,DB251865
BD107176,CW707245
DL235122,DL235122
CW656059,CW656059
BB68666,BB68666
AL314943,AL314943
CW953292,CW1065482
EL60361,EL60361
CW888941,CW888941
BP56024,BE345735
CZ111122,CZ111122
CM59942,CM59942
BY732283,AK155377
BR135743,CW1047110
BP58986,BP58986
BK54698,BK54698
CN72462,CN72462
CW1024700,CT34990
CW783055,CW783055
BE200129,BE200129
EH1271800,EH1271800
BL286056,BL286056
CW1031328,AS101247
ES23219,ES23219
DZ54986,AL365008
BR177869,BR177869
BM71108,BM71108
DA97893,DA97893
DB253275,DB253275
EH1124421,EH1124421
BD107176,DN123519
BR172644,BR172644
DN149595,CW1038336
AN151364,AN151364
DA87972,DA87972
CW1248478,CW1256449
CC151227,CC151227
CW1062937,CW1062937
DL241611,DL241611
EF189900,EF189900
DL245455,DL245455
CW1011585,EG53645
EH558226,EH558226
DB322897,DB322897
CW1210267,CW1209277
AA166059,AA166059
CW1013732,CW1118996
BL486045,BL486045
EH1164449,EH1164449
EA48173,EA48173
BE280653,BE280653
CW1140326,DT155805
CW1077319,CW1038758
BR171681,BR228715
EH1318853,EH1318853
EH593992,EH593992
CA84511,EA39341
AN184039,AN184039
CW624844,CW624844
DL182200,DN110787
EH624522,EH624522
CW1139262,CW1139262
CW858689,CW858689
BE385228,BE385228
BY638144,BY638144
EH659233,EH659233
BE400639,EH1268865
AW175418,AW175418
CW933070,CW713368
CW1367306,CW1367306
BP61152,BP61152
CN87580,EA37843
EF225923,EF225923
CW807485,CW807485
BY604607,BY604607
CJ144265,CJ144265
BY646641,BY646641
EH873235,EH873235
EH937107,EH937107
CW1040835,CW1040835
DK45634,DK45634
CW789597,CW779704
BP52467,BP52467
EN51644,EN51644
CW874377,CW1093463
AN142715,AN142715
DZ61185,DZ61185
CW906990,CW906990
CW1276425,CW1276425
DD213665,DD213665
EL77853,EL77853
EH871499,EH871499
DX60240,DX60240
AL180253,AL180253
EH1175358,EH1175358
CP46630,CP46630
CJ107349,DD127967
BC62818,BC62818
CW1117281,CW1375565
BN346791,BN410715
CW910474,CW910474
CW1066935,CW1066935
CM67045,CM67045
CW1037805,CW1037805
CW886710,CW886710
AM90816,AM90816
CW737347,CW737347
CW1039404,CW1039404
BD155533,BD155533
CW800976,CW602700
BE371483,BE371483
CW1112576,CW1112576
BD135184,BD105554
BE272946,CG84760
DB220595,DB220595
BY586852,BY586852
AN138418,AN146157
CW934405,EH852561
DD119132,CW1091768
EH960594,EH960594
CW1140507,CW1140507
AA169745,AA174302
DL256598,DL256598
CW931472,CW931472
EA52777,EA52777
EH912399,EH912399
AW183780,AW183780
CW1071646,CW620566
DN115905,DN112708
BH129310,BH129310
BY545386,BY545386
AN173601,BY584994
CB64392,CB64392
CJ172628,CJ172628
EL58841,EL58923
AA176330,AA176330
EH1113570,EH1113570
BR176673,BL398559
EH867081,EH867081
EH1002600,EH1002600
CW1139491,CW706347
BH155171,BH155171
DG41808,DG41808
DL253312,EH1044090
AA151900,BR140083
DE237064,DE237064
EH717148,EH717148
DL239487,DL239487
BY627278,BY627278
CN72886,CN72886
EN68225,EN68225
BE289349,CW788482
BE291772,BE291772
CG154261,CG154261
CW995556,CW995556
CW1140326,DD210171
DN134266,DN134266
DN157166,EH834553
DA110874,BY640168
AN167265,AN167265
AS90131,AS89535
DB252095,DB252095
BN444043,BN444043
DL229968,DL224479
EH595428,EH595428
CG172272,CG172272
DW66479,DW66479
AX64195,AX64195
BN415760,BN415760
CW1148140,CW1148140
AS72029,AS72029
EH752695,EH752695
EH1271389,EH1271389
CW905854,CW713368
BD103938,BD103938
BH163790,BH176274
DF20462,DF20462
CW1045876,CW705823
AL339166,BH182930
CW1185342,CW1185342
CW1086907,CW1086907
EH1056128,EH1056128
BH136356,BH136356
CW1256819,CW1256819
BN408203,BN408203
AL271973,AL271973
DB198765,DB207624
BN454480,BN466448
BY718608,BY718608
EH1122152,EH1122152
EP85092,EP85092
DZ78160,AL173589
EH928849,EH928849
AL219573,AL219573
DY44388,DY44388
BR211226,EH921065
BN521198,BN521198
DL228369,DL228369
CR25916,CR25916
BH112252,BH112252
CW767926,CW767926
CW925606,CW925606
DP54599,DP54599
EG49913,EG50270
BL389042,BL389042
CJ168129,CJ168129
DL176912,CJ103320
CT35274,CT35274
BE347259,BE347259
BL455917,BL455917
BZ54117,BZ54117
CZ87028,CZ87028
AA164843,AA164843
CH37702,EF106766
DS106893,DS106893
BN448830,BN448830
EH896269,EH896269
DL235971,CE55136
AN198644,AN198644
CW874605,CW874605
CA119815,CA119815
EH950363,EH950363
AA171225,AA171225
DB173705,DB173705
AL314336,AL314336
AL200863,AL200863
DB228759,DB228759
CW701555,CW707245
BL429510,DZ68091
EH929979,EH929979
CW748182,CW996207
CH50418,CH50418
DP52958,DP52958
CW1048504,CW907801
DZ78160,CB93093
BN436543,CJ166698
CW1154919,CW1145003
DW65270,DW65270
AA151900,CW714074
EM98515,EM98515
EH935247,EH935247
EM91385,CL43995
BN424621,BN424621
EM124663,EM124663
BY546936,BY546936
CW956222,CW995567
BN371050,BN371050
EB55727,EB55727
CW618891,CW618891
BL401240,BL399430
BY378037,BY374099
EH919036,EH919036
AN198431,AN198431
CW1033498,CW870137
AL272073,AL272073
BG52054,BG52054
EA39471,EA39471
BL361476,BL361476
CC123421,BR184986
CG139736,CG192731
EH1030662,EH1030662
EH827397,EH827397
BD107176,DD134024
EH917739,EH917739
EL73298,EL73298
CW935516,CW935516
AN167761,AN167761
BY677007,EL86295
CW804256,CW804256
EH822668,EH822668
BE355585,BE355585
EH566612,EH792455
CW595761,CW595761
BR170507,BR170507
EH927410,EH927410
EH967897,EH967897
CW745401,CW1185484
BN427996,BN427996
CW727177,CW810638
CG164639,CG164639
DD150989,DD150989
EH869416,EH977067
BL469860,BL469860
BD103938,DH43718
DL178211,DL178211
AL238927,AL356395
CP45301,CP45301
EH874717,EH874717
EH1156552,EH1156552
EA47327,EA47327
BY654898,BY654898
CW1092438,CW1092438
BY541708,BY541708
AN118280,AN141017
BN309256,DL151304
CW844799,CW844799
CB73680,CB76605
AM97104,AM97104
CW1022807,CW1022368
AP90080,AP90080
AX50255,AX50255
DB243444,DB243444
AX52728,AX52728
EH1129810,CL63322
BG56676,BG56676
EH1085122,EH1085122
CW853384,CW1347488
CW933141,CW933141
DD186557,DD186557
BE400154,BE400154
DB241098,DB241098
CW683476,CW546321
CW983194,CW983194
BN403363,BN403363
BY373407,BY373407
CW1366045,CW589269
BL403069,BL403069
EL85635,EL85635
CC105112,CC105112
BE248245,EH1083713
CW705153,BE272710
DT121803,AN141017
BH152273,BH152273
DL254818,DL254818
CW1120041,CW1356556
BN447802,BN447802
DT122065,DT122065
BK39711,BK39711
BF36857,BF36857
CW1327668,CW1327668
BM49255,BM49255
EH846530,DB234175
DR94090,DR94090
BE374044,BE374044
DE271841,DE271841
BL429504,BL429504
EH821930,EH821930
DY34057,DY34057
DB261759,CJ163262
EL50213,BL290404
BH143905,EH916670
CW1184535,CW735865
DK45755,DK45755
CN81396,CN81396
DL226598,CW926918
CW954715,CW801581
BY672484,BY672484
CC112086,CC112086
DA81547,DA81547
EH774554,EH774554
EH813067,EH813067
BY608572,BY608572
CW1062183,CW1062183
EH662830,EH662830
DZ60501,AA151333
AA162509,AA162509
BL401240,BL401240
EH998476,EH1149945
BW40062,BW40062
DL232292,DL232292
AL332437,AL332437
CW752458,CW752458
AL240720,CW1199132
CD31356,CD31356
CW1122372,CW981209
CW1250969,CW1250969
BL458005,BL458005
CE48590,CE48590
BN447185,BN447185
CW1191046,CW1191046
CW1361107,CW1361107
BR171803,BR171803
BL399928,BL399928
DE243198,BL390142
CY35795,CY35795
BE424139,BE424139
EH609910,EH906749
CW713368,AN208290
EH668419,EH1136422
ES21222,ES21222
EN56532,EN56532
DN107083,DT114697
DE292342,DE291173
EL88659,EL88659
CX18231,EP73553
BL446971,BL446971
DN130388,DN130388
EH847251,EH906749
EF114986,EF113774
BE349044,BE453281
EH1271637,EH1271637
EH819049,EH819049
CW835753,CW1161895
CW909552,CW995026
CW1011585,EP74749
BY575456,BY575456
EH794356,EH794356
BH175541,BH175541
CW898050,CW752874
CR30127,CR30127
EH714847,CN67821
CW1253042,CW1253042
DB225941,DB225941
CW1136654,CW1136654
ES22295,ES22295
CW1064073,CW1064073
EL80381,EL80381
BL429510,AX65261
AS90131,AS90131
CG150039,CG150039
EH1204413,EH1204413
AX72059,BD123511
BY486772,BY486772
CW693233,CW714074
BN500134,BN500134
BN370477,BN370477
DN112524,DN112524
CL49603,CL49603
EH1125628,EH931369
CG93340,CG93340
CW1154279,CW1154279
CW819213,CW661308
BY479651,BY479651
DT164896,DT164896
CW698473,CW1298909
BL408150,BL408150
DH50759,DH50759
EH839001,EH839001
BE348158,BE348158
AW180495,AW180495
CJ143960,CJ143960
CE47125,CZ67903
AP60160,EH523367
BG46678,BG46678
BN496315,BN496315
DN129793,AX57830
CW979884,CW979884
CW576170,CW576170
EN64156,EN64156
CW1120854,CW1120854
EH719415,EH719415
CD26088,CD26088
AM79391,AM79391
BN470282,BN470282
AN138415,AN138415
BD131212,BD131212
BP47890,BP47890
EH938020,EH938020
CG190164,CG190164
BL533649,BL521604
CW1223927,CW1159758
EH822303,EH822303
AF23480,AF23480
BN417021,BN417021
EH546353,EH546353
EH880900,EH880900
EH1317838,EH1317838
BC45409,BC45409
DW76038,DW76038
EH844310,EH844310
AN204389,CW1173415
BN323535,BN323535
BP49875,BP49875
DL172925,DL172925
AN169127,AN199699
EF165725,EH892856
CW1026715,CW659406
EH865669,EH1176910
DL174685,DL174685
BE318834,BE318834
EH770664,EH770664
CW800976,CW1034747
BB105609,BB105609
DL254746,DL206532
DD163161,DD180668
CW909915,CW829364
BE314083,BE314083
CW554426,CW554426
BL509902,BL509902
BW54426,BW54426
CW1169432,CW1203914
EH1203789,EH1203789
BY382514,EH1024348
DW53243,EH1146044
BY595538,BY595538
BL372104,BL372104
CW1057994,CW1057994
BZ49649,BZ49649
DS103474,DS103474
EH965717,EH965717
EF134195,DA86813
BE316733,BE316733
CW1090547,CW1090547
EK22061,EK22061
DZ60501,BK38062
BZ49736,BZ49736
BL388234,BL388234
DR132100,DL208284
BE453913,BE453913
CW1280428,CW1280428
DZ60501,AP85339
CM56472,CM56472
CW721215,CW721215
BR182685,BR182685
BY570499,BY598350
CW880458,CW1118354
CW1118906,CW758438
BA13498,BA13498
BL420677,BL420677
DD147276,DD95044
CW808970,CW808970
DR94816,DR94816
CW1260868,CW1260868
CK13062,CK13062
CW1006543,CW1006543
DT132841,DT132841
BB105573,BB105573
EH973511,EH973511
CW899062,CW899062
EL93849,EL93849
CW819915,CW819915
EP91141,EP91141
BR178022,BR178022
EN69007,EN69007
AN144773,AN144773
BY624672,BY624672
DB168254,DB168254
EC14403,EC14403
AP91858,AP91858
AA163413,DL171848
EH668212,EH1134056
CG102096,AG43054
BN427834,BN427834
BL511441,BL511441
DZ58000,DZ58000
DB248263,DB248263
BW51719,AB38383
EH1238881,EH1238980
BM56280,BY594027
CW844525,CW1298909
EL80579,EH958692
CW733910,CW733910
EH1318497,EH1318497
AA210860,AA210860
BL400098,BL400098
AL248242,AL288722
CZ83754,DW60306
DE306341,DE299415
CZ90767,CZ90767
BN489569,BZ57512
EH1135910,EH1135910
EH1201427,EH1201427
AG59064,AG59064
EH691454,EH691454
AL284234,AL284234
BW60717,BW60717
AW153017,AW153017
BD119053,BD119053
AN192132,AN192132
BE280759,BE280759
CW1056042,CW1056042
EH1087565,EH1087565
AL276149,AL276149
CW1021724,CW1021724
AL290998,AL290998
BR221997,BR221997
EH871002,EH871002
BN378784,BN378784
BE392126,BE392126
BK47254,BK47254
EH1046177,EH983056
DX42934,DX42934
AL260439,AL260439
DZ56351,DZ56351
DD191035,DD191035
DB203371,DB213228
CC119473,CC119473
EH730553,EH730553
BR180031,BR180031
EM111013,EM111013
CW1112087,CW1112087
DD187539,CG144740
BE393932,BE393932
DL231271,DL231271
CW713701,CW545190
AL335916,AL335916
AM95926,AM95926
BR195181,BR195181
BN442282,EH1088816
DT139488,DT139488
AN152279,AN152279
DL207286,DL207286
BR182990,BR182990
DE288924,DE288924
CL49740,CL49740
CW1283978,CW861628
BH149687,CL54180
EH922043,EH922043
DE292767,DE292767
BG47056,BG47056
EF140151,EF140151
AN158353,AN158353
AL203059,AL203059
EP88527,EP88527
DC23235,DC23235
DR104635,DR104635
DB287895,DB287895
CW976260,CW1128643
DL176212,DL176212
CM65905,CM65905
BH161607,BH161607
BY584753,DL218790
EL88636,EL88636
EH670248,EH955059
DG56834,DG56834
EH971942,EH971942
AW157703,AW157703
BL500252,BL500252
DY33239,CW1034747
EH1054430,EH1054430
BY598432,BY405467
EH1096569,EH760025
BN466132,BN466132
DD113778,DD113778
AM90930,AM90930
CW979220,CW979220
DN134266,DD90591
BY510666,BY510666
BE265292,BE265292
BY521834,BY521834
EL95702,EL95702
CW1258381,CW1258381
DB251614,DB179462
BE413024,BE413024
BG37855,AL152745
DE294357,DE294357
CE42450,CE42450
CW1059897,CW1059897
BL396575,BL396575
BY616387,DD113778
EH1069624,EM91954
DD101930,DD101930
CN78564,CN78564
AP91553,AP91553
BN465391,BN465391
AL313780,AL313780
DL176912,DL176912
EN69658,EN69658
BN420943,BN420943
EH831181,EH831181
EF182732,BP60081
BR124939,BR124939
DT104672,DT104672
CJ190542,CJ190542
CC111713,CC111713
CW940438,CW940438
CZ68884,AM89605
EL95475,EL95475
CW844972,CW844972
BY615143,BY615143
EF175174,EF175174
EF171386,EF171386
BL360915,BL360915
EN67428,EN67428
DS119282,DS119282
EH777658,EH777658
EH1071405,EH1071405
DP40741,DP40741
CW1039405,CW1039405
BY508387,BY508387
EH685655,EH1122259
EH944730,EH944730
DB284924,DB284924
DD155374,DD155374
DA90461,DA90461
AK112993,AK112993
EH1091989,EH1091989
EH612496,EH612496
EH1027272,EH963883
DX43228,DX43228
EL81959,EL81959
BL463489,BL463489
CA99411,CA99411
BL462988,BL462988
CW1357018,EF134195
AN121261,AN121261
CW834887,CW834887
CW863797,CW863797
CW964545,CW1348076
CW945523,CW885659
BY616387,EH1136422
BE348083,BE348083
AL171847,AL171847
DE306341,DE333805
AL212511,AL212872
DL226642,DL230142
BR210511,BR210511
BZ54430,BZ52186
EF107399,EF107399
BY509662,BY509662
EL62772,EL62772
CW927905,CW1070809
CW731364,CW1198412
DN140313,DN140313
DD152749,DD152749
DS93560,DS93560
DH59748,DH59748
AX48078,AX48078
DL239695,DL239695
DL223322,DL223322
EH1199681,EH1199681
CE45856,CE45856
DS80032,DB179027
BM72333,BM72333
BY608572,BN332431
EL85536,EL85536
AN153699,AN153699
BE221215,BE221215
DB289197,DB289197
DD154227,DD154227
BP58302,CW1034747
BL448521,CW893028
EF141973,EF141973
BN434861,BN434861
AL171813,AL171813
CW914502,CW1030673
CW594984,CW594984
AA171570,AA171570
EH1048214,EH1048214
CW1210267,CW1203254
DB195438,DB259652
AP81914,AP81914
BR152927,BR189087
CW658081,CW658081
AN168257,AN168257
AM72328,AM72328
EF205731,EF205731
EN70932,EN70932
BB68243,BB68243
AP82263,AP82263
EH1081717,EH1081717
AX37202,BD83520
BE424633,BE424633
CW999192,CW999192
CE42753,CE42753
AX64115,AX64115
DZ64404,DZ64404
DL156913,DL156913
BY714958,BY714958
CC105217,CJ118755
AN217551,AN217551
AL314145,AL314145
DB249836,DB244797
BN498299,BN498299
DS109014,DS109014
DD104913,DD104913
DL241705,DL232067
AG55863,AG55863
EH1092555,EH1092555
EM106087,EM106087
BJ40082,BJ40082
DB207834,DB207834
BE355676,BE355676
CW1221578,CW1221578
DY29744,DY29744
CW877760,CW877760
EH1127602,EH1127602
DL163544,DL163544
CA100505,CA100505
EH1001040,EH1001040
DN139715,DN139715
CW960752,CW960752
EM99939,EM99939
CN56177,CN56177
CW586410,CW602700
EP61277,EP61277
DE209137,DE223372
EB62419,EB62419
CW555319,CW555319
BE407472,DS82450
EF134195,EF134195
DA122207,DA122207
BN490918,EH1110679
DE271923,DE271923
AA173835,AA173835
AP81195,AP81195
AM102219,AM102219
EG49785,EG49785
CW1176959,CW962509
BY498358,BY498358
BL402346,BL402346
AL240720,AL173589
CA123439,CA123439
CW698996,BE243370
DL230911,DL230911
BE202417,DZ48203
DR111267,DR118186
DZ69838,DZ69838
CW730391,CW730391
CW1140942,CW1014536
CW886630,CW886630
EH1190078,EH1190078
DL176912,DL218477
CL54180,CL54180
CW982173,CW723281
AA201794,BL409388
DL236472,BW54936
DP49854,DP49854
EH1215474,CN102344
AM109151,AM109151
CW800976,AL173589
BN458646,BN458646
DB281273,DB281273
AY33811,AY33811
EF104004,EF104004
CW918563,CW918563
AA149867,AA149867
DE290050,DE290050
CW899309,CW899309
CA101233,CA101233
BN453896,BN453896
EH1132757,EH1132757
EH986833,EH986833
CW735865,CW735865
DN151187,BB99231
BL469692,BL469692
CW1155764,CW1110593
CJ139370,CJ139370
CW1061927,CW1061927
AS71777,AH21000
BY468986,BY468986
DP48753,DP48753
CW1163911,CW1163911
EH1145034,EH1145034
CW1096701,CW1096701
DT158261,DT158261
EM119772,EM119772
CW938944,CW1175841
DL268993,DL268993
AW200741,CC134160
DN107083,AW156990
DN141747,AB45183
AT24440,AT24440
BN466448,BN538321
AP81434,AP81434
AL263416,BY531991
CW904595,CW968831
CW754562,CW754562
BE332084,BE332084
AL163180,AL163869
BN463231,BN463231
DD116142,DD116142
BY572305,BY572305
BE202417,AL152745
CW1186037,CW1176519
DE226799,DE226799
AA152948,AA152948
AP79357,AP79357
DZ56707,DZ56707
DZ74151,DZ65521
CC136679,CC101037
CW1178145,CW1323761
DB242175,DB242175
CW1190848,EL82063
EB52272,EB52272
EL82063,EL82063
BC60007,BC60007
EH936311,EH936311
EH554544,EH554544
DH62434,DH62434
CW1003810,CW1241677
CW789453,CW736803
BY628057,BY628057
BH147821,BH147821
EB73357,EB73357
BB66739,BB66739
AP81981,BL409388
CW991623,CW991623
DE267272,DE281609
BM66922,BM66922
EM104225,EM104225
CW894635,CW788828
CW937225,CW989444
DL183024,DL205125
EH1268865,EH916670
EH1055531,EH1055531
DL224611,DL224611
EA39529,EA39529
EN56066,EN56066
BY554789,BY554789
CZ87333,CZ87333
DE246856,DE311890
AD24893,AD24893
EH1090428,EH1090428
BY735065,BY735065
AD29363,AD29363
EM136286,EM136286
DZ66874,BR236521
CL59225,CL59225
BX22864,BX22864
AG58298,AG58298
BE353199,BE353199
BY375988,BY375988
EB72095,EB72095
CW1140071,CW1071737
BR153993,BR153993
BN425010,BN536292
DB200706,EH523367
DE319836,DE319836
BL499542,BL499542
DD136208,DD188881
EH776627,EH776627
DE245107,EH719798
BP55167,BP55167
EH1185210,EH1185210
BM71158,BM71158
EH1105205,EH1105205
EH940021,DZ63728
AD31033,AD31033
EF128724,EF128724
DA99101,DA99101
CJ114884,CJ114884
CJ189486,CA109010
ED48831,ED48831
BY581390,BY572640
EH1121290,EH1121290
EL97696,EL97696
EA52907,EA52907
EM109065,EM109065
EM90139,CK13141
CT49807,EH888301
BN454480,BL429510
BE245554,BE245554
AA166891,AA166891
AW214112,AW214112
EH1131226,EH1131226
BD138734,BD138734
CW999192,CW650865
BY613415,BY613415
CW1160098,CW1160098
BE413344,BE413344
BY628452,BY628452
EH1068139,EH1068139
EH761967,CW841564
CA139513,CW1173415
EH1028545,AX65261
BN387929,EF106766
EA41708,EA41708
EH1096569,BE368990
EH1202688,EH1202688
BY667707,BY667707
DM25349,DM25349
EL86882,EL86882
CW1197054,CW1321164
EH670248,AW157703
EH1059226,EH1059226
EH666986,EH927668
AC13636,AC13636
EK22258,EK22258
EH689218,EH1254072
CW1229981,CW1048500
EF134195,BD123511
CC113589,CC113589
BY489526,EF128724
AP84379,AP84379
BP61231,BP61231
CW898050,CW898050
DN136247,DN136247
BN404816,BN404816
AN135850,CG105947
CJ107349,CT55880
BY561019,BY561019
CW898992,CW1243366
CW823188,CW770474
CW713434,CW989667
CW1234774,CW1234774
EH1031415,EH1031415
EF165725,EF165725
EG56142,EG56142
BL427560,DL218790
CJ155490,CJ155490
BN415801,BN461728
DD162102,DD162102
EH974840,EH974840
BZ54430,BZ54430
CW651343,CW651343
CG171289,CG171289
BY623032,BY573780
CM71057,CM71057
CW1070809,CW1070809
CG89630,CG89630
CN72531,CN72531
DA124972,DA124972
CN81512,CN69976
EL53033,BE226260
EH1131482,EH1131482
DE265719,DE265719
AJ30111,AJ30111
CW1229981,CW671825
EH1087030,EH1117971
DL201530,DL201530
AM87063,AM87063
CW985912,CW985912
CZ78905,CW707245
CW1319823,CW758438
DB283264,DB283264
BB79054,BJ38696
EH1084097,EH1084097
EL73289,EL73289
CN92038,CN92038
CW835915,CW835915
CW1228338,CW1228338
DE309388,DE309388
EH1159382,BE226260
CW1134154,CW1134154
CW711246,CW711246
BL415139,BL415139
AK137436,AK137436
DT127039,DT127039
DW50840,DW50840
DL250470,DL250470
CW948736,CW931414
DR84257,AP64426
AE34874,AE34874
AL313213,CP45301
BL485257,BL485257
CM55036,CM55036
CG142048,CG142048
CJ161326,CJ161326
BR148314,CJ172096
EL77925,EL77925
BM77398,BM77398
CW1263952,CW1263952
BE291983,BE291983
AL237577,AL237577
EH851701,EH851701
BN401482,BN378845
EH966827,EH966827
CA100240,CA100240
CW1196118,CW1015872
BB81229,BE308990
CW735865,CW752874
DD139192,DD139192
BL396565,BL396565
AL310439,AL354322
BM54415,BM54415
BL392394,BL392394
BL429510,BP60081
EH979375,CG84760
DL230889,DL230889
EH1031360,EH1031360
BH115791,BH115791
AA178419,AA178419
EH837028,EH977067
CA139513,AB38383
EL86880,EL86880
AN203818,AN203818
BL320940,BL350361
CW735865,CW742527
CW787228,CW787228
CW1077584,CW1077584
CW1184535,CW1184535
CA60390,CA60390
CW1099044,CW1034596
BR171684,BR171684
EF192752,EF186581
BY568521,BY568521
CW799596,BN380981
BY735821,BY735821
CW611496,CW611496
DZ60501,CW837504
DH38685,DX68039
CW1048504,CW819839
BD122000,BD122000
BR149064,DD127199
DB215668,DB215668
AN194437,AN194437
EH1039260,DN123519
DD142359,DD150989
CJ153120,CJ153120
BE334146,BE334146
CW999245,CW999245
EL53303,EL53303
BL442766,BL442766
CD26282,CD26282
BL494091,BL494091
CW1176959,CW928345
BY562281,BY562281
BY711475,BY711475
AM107743,DL273507
EH770607,EH1006579
EH825430,EH825430
BN404133,BN404133
DG40032,DG40032
BP58301,BP58301
AL302920,AL302920
DL191369,BY646943
CJ191691,CJ191691
BR128759,BL321555
BY540423,BY540423
BL440869,BL440869
CW1073144,CW1059702
CW953292,CW953292
AL334808,AL334808
CW1072897,CW1072897
EP84756,EP84756
AJ42627,AJ42627
DL248960,DL248960
CW1097198,DD106580
BL416099,BL416099
CE42090,CE42090
BY496770,BY496770
AL268632,AL268632
CC125450,CC125450
DL175163,DL175163
BW52181,BW52181
BE339388,BE339388
BL464274,BL464274
CW606944,CW606944
BE251027,BE251027
CW550534,CW1180581
EH1059561,EH1059561
EH1009380,EH1009380
BB93265,BE317495
EH1110256,EH1110256
DG46083,DG46083
BL345053,DR96593
AT20015,AT20015
BM67744,BM67744
BL396460,BL396460
BN446705,BN446705
BY584720,BY598350
AS76694,AS76694
EH957546,EH957546
CS28277,CS28963
BJ35799,BJ35799
BL409022,BL409022
EM109217,EM109217
BR187292,BR187292
DT138812,DT138812
EH588708,EH811554
AL273583,AL273583
BN514441,BN514441
DK33989,DK33989
DS108600,DS108600
BN444104,BN444104
EH1156675,EH1156675
CW930244,CW930244
DA89700,DA89700
DR96999,DR96999
DT139566,DT139566
EA48804,EH1130601
BZ38388,BZ38388
DL243230,EH1268865
DE298749,DE304895
BN476138,BN476138
AN173277,AN173277
BY667625,BY667625
AA169666,DL218790
DS105072,AL289792
BN413792,BN413792
EH1116797,EH1116797
BN507124,BN441407
CW650124,CW650124
BY670111,BY670111
BE367319,BE367319
CC128637,CC128637
CW1156695,CW1156695
DT164228,DT164228
BM49102,BM49102
CL63322,CL63322
DB271653,DB271653
DB251706,DB251706
AA185908,AA185908
BY654168,BY654168
CW1096832,CW1096832
DZ56754,DZ60726
CW1183020,CW1183020
CW797366,CW851253
CW1071646,CW615566
DS107675,DS107675
DL163508,BE339614
AW189506,BY591305
EH572249,AL163869
AL163180,AL275466
EH1147029,EH1147029
EH1198196,BL290404
BE218156,BE218156
EH962301,EH962301
DB290925,DB278199
BE406318,BE300466
BY489019,BY489019
EH1125862,EH1125862
EH1271385,EH1271385
EG55420,EG55420
CW1329711,CW1329711
EH937649,EH937649
DB248135,DB248135
CZ56619,CZ56619
CW1140326,CW1173415
AM97715,AM97715
EH1006370,EH1006370
DN139554,DN139554
BN458855,BN458855
CW851974,CW851974
BY525607,BY525607
EH979375,EH585306
EH1204878,EH1204878
BY630308,BY630308
BP58302,CW602700
EL72042,EL72042
DR99486,DR99486
AL274169,AL274169
BR197800,BR197800
CW940760,CW940760
CA137224,CA137224
BY500410,BY516191
CW879524,CW907116
CW1161736,CW1161736
CD24301,CD24301
CW907116,CW907116
AT19556,AP62724
BL497110,BL497110
AL287541,AL287541
BL429510,BL429510
BN496911,BN496911
BM74543,BM74543
EH1044051,EH1044051
BD119292,BD119292
EH830463,EH830463
EH869416,BZ57512
AA178645,AA154150
CW1235482,CW1235482
DF22252,DF22252
CW862338,CW862338
AR15103,AR15103
EB63891,EF167847
DT126157,EF186432
EH933772,BN374226
CW962941,CW962941
EH970214,EH970214
BN309431,BH134959
CW573579,CW1199132
BR184303,BR184303
BY553102,BY528029
CM75709,CM75709
CW928324,CW943184
CW1260064,EF134195
BY471085,BY471085
AP77233,AP77233
AW198020,AW198020
CW985693,CW985693
BE394310,BE394310
CW1194360,CW1194360
DD212942,DD178340
EH1159445,EH1159445
EH994250,EH994250
BY720367,BY720367
EH1153807,BC69571
BJ37076,BJ37076
CW977427,CW616519
EH1069624,BD154874
CZ92323,AM94826
AW206370,AW206370
CW718046,CW718046
DZ68302,DZ68302
EF161056,EF161056
CW970595,CW970595
AP91854,AP97209
BH129156,BH129156
BL464228,BL471471
EF233492,EF233492
AA186618,AA186618
BX16234,BX16234
BN463069,BN463069
AL298037,AL298037
CW1104872,CW1104872
DB237902,DB237902
DE285752,DE285752
BE448480,BE448480
AL199687,AL365008
BB79054,BB79054
DE309954,DE309954
BL355563,BL355563
DL239814,DL239814
BY697681,BY697681
CC90465,BD154874
DD126900,DD126900
DT137675,DT137675
EH1127505,EH1130071
CW934357,CW934357
AN112840,AN112840
AP80822,AP80822
AB43120,AB43120
EH920875,EH920875
DJ11395,DJ11395
BY628057,BY392298
DD92391,DD92391
DL173311,DL173311
BR210251,BR210251
EF214286,EF214286
EH921090,EH921090
DL269537,DL269537
BY677312,AG38129
DB248569,DB248569
AN177263,AN177263
DE260040,DE320948
AY30044,AY30044
CW1009172,CW655034
EP79011,EP79011
AW158164,EL61101
CW830796,CW841336
CP32932,CP32932
BS11727,BS11727
EH749334,EH749334
DY36575,DY36575
CW938318,CW938318
DR104635,BD108204
AN184195,AN184195
CW893637,CW893637
CW1067934,DH63113
CW1017476,CW740857
BL506956,BL506956
BB98029,BB98029
CM72592,CM72592
AM75351,CW901757
EL75776,EL75776
BL409041,BL409041
EH869936,EH869936
DB306727,DB306727
EP88646,EP88646
AW158713,AW158713
CW1139058,CW737347
CW1096087,CW642591
CW1045009,CW1045009
DD173494,DD173494
CW837504,CW837504
CW800976,CW893028
EH1229464,EH1229464
BY608659,BY506206
EN72164,EN72164
AL312942,AL312942
AM78879,AM78879
CN86933,CN86933
EH1185387,CW837504
AM67143,AM67143
CW691660,CW691660
BN421762,BN447525
EH1086241,EH1086241
EM120744,CJ161672
CW1133025,CW1133025
AL237994,AL237994
CW1017476,CW905518
DL195172,EB72095
CX18231,BM62400
BN323063,BN323063
AL320265,AL320265
ED43413,ED43413
EH940884,EH940884
CW1228487,CW1285067
EL50213,BD154874
EH595061,EH595061
EH1028407,EH989150
CW1257071,CW855590
CC110535,CC110535
BE215888,BE220069
EH888540,EH888540
BN425283,BN425283
EH1055696,EH945932
AT19556,BN320304
EH736985,EH736985
BY704428,BY704428
BR178958,BR207730
BP61289,BP61289
DA120151,DA120151
BL471916,BL471916
BY645433,BY645433
BL405895,BL405895
BY662298,BY681778
EH1020200,EH1020200
BP69560,BP69560
CX17243,CX17243
AH21319,AH21319
CW868525,CW1323894
EH995866,EH995866
BZ62844,BZ62844
BY626544,BY626544
CC105217,BM62400
CW559854,CW829364
EH905227,EH613546
BN438846,BN438846
CC105217,DD134024
CJ168772,CJ168772
EM97131,EM97131
EH1129094,EH1129094
BC59808,BC59808
BE430997,BE430997
AM96360,AM96360
CW1198412,CW1198412
BE267874,BE267874
DN95578,DN143729
DR129068,DR129068
CE47509,CE47509
DL215695,DL252415
DE290192,DE290192
CW826099,CW1094725
DL179067,DL179067
CW1168893,EF131059
BY632761,BY632761
CW1104627,CW976260
DR113579,DR113579
BB92623,BB92623
CW573579,CW1034747
BY554769,BY554769
EH927399,EH927399
DD152505,DD152505
DB225859,DB225859
CG148248,CG148248
BL390979,CW976763
BB68304,BB68304
CW900138,CW900138
DL251215,DL251215
BL414816,BL414816
AN112084,AN112084
BN433070,BN433070
CW1154002,CW1154002
DL241025,BW58274
CF7306,CF7306
CZ105030,CZ105030
BE406455,BE406455
AN162251,AN162251
EB67240,EB67240
EH826674,EH826674
AA197611,AA197611
DE299415,DE299415
AG44210,AG44210
CW698800,CW1199132
BN419775,BN433109
BD97969,BD103938
EH1190260,EH1176910
DW60080,DW60080
EH626650,EH626650
EH1133056,EH1133056
DA93038,DA93038
CG106417,CW807933
DE270746,EH943892
AB37531,CG172272
EH1048918,EH836390
BL357804,BL357804
AA129276,AA129276
CW888434,CW888434
CW915134,CW915134
EH1035068,EH1006615
BR185424,BR185424
AD27312,AD27312
CW626437,CW1080726
EH955059,EH955059
DL251833,DL251833
DR98686,DR98686
EH1015302,EH1015302
EF188891,EF188891
CW645739,AD20691
EH831579,EH831579
BL521995,DD127199
EH1027272,EH1027272
EH856282,EH856282
CW1281961,CW1281961
CW1149708,CW956619
BY571393,EH1127501
EH1118234,EH1118234
BP58302,EM91954
EH681690,DD105184
BN386692,BN386692
CW938318,CW1353497
DB272023,CA123270
CW1003810,DT160210
CG165889,CG165889
DE242230,DE242230
AN167215,AN169863
EB60114,EB60114
CW1301257,CW1301257
DT139007,DS113885
BL406498,BL406498
BY668613,BY668613
CC105217,DN123519
BW52689,BW52689
CW598223,CW925194
AX51894,AX51894
BN444368,BN444368
AA151900,BD103303
DB291227,DB291227
DZ57966,DZ57966
CW1294754,CW1294754
EH910749,EH910749
CW1325378,CW1325378
EH905000,EH905000
CW1284746,CW1284746
EF188175,EF188175
CZ111917,CZ111917
CW1273035,CW1273035
AL341191,EP73553
CW698800,CW602700
BE322622,BE322622
BE426007,BE426007
DB258815,DB258815
BE338040,BE338040
CW958717,CW1360580
CW1095803,CW819839
EH1084097,EH1048805
DL223409,DL223409
BN442282,BN320493
DL234603,DD166225
DA118678,BP60081
EH1163050,EH1163050
AW186308,AW186308
CW698473,EH760025
CW917647,CW917647
EH974914,EH974914
CW1208313,CW1208313
EH1087030,EH1087030
EM124428,EM124428
DC20819,DC20819
CW1139491,CW736803
CW1252378,CW1163931
EH807001,EH807001
BR148314,BR237904
BE224240,BE224240
EH860481,EH860481
AN184331,AN184331
BE368104,BE368104
BR139538,BR140083
CW1104627,EH938996
EH689147,EH689147
BE257674,BE257674
EH882203,EH882203
BY390818,BY487658
CC96538,CC85571
CW834887,CW1041951
BY608321,BY708332
CA104571,CA104571
BE446098,BE446098
CW1228338,CW1112087
EF158467,EF158467
EP71932,CP33380
EH667407,EH667407
CJ131212,CJ131212
CJ170968,EH919036
BZ50416,BZ50416
EF162969,EF162969
CZ92444,CZ92444
EH1105752,EH1105752
BE229579,CW621454
EL63113,EH1076428
CW915134,CW1125291
BY667362,BY667362
CW806733,CW806733
AA199750,AA199750
BH152509,BH152509
CA91781,EN57769
CW907562,CW907562
EH1125841,EH1125841
AX55118,AX55118
DD119132,DD119132
DD185609,DD185609
EH941617,EH941617
EH1074362,EH1074362
CW950387,CW950387
BE401365,BE401365
DB310266,DB246924
BN466448,BN466448
EH885288,EH885288
BH130514,BH130514
EH967477,EL69953
EH880224,EH880224
CH37062,CH37062
BE306326,BE306326
BM67119,BM67119
BL434870,BL434870
DZ60501,CL43774
AN212439,AN212439
CW1168450,CW1102710
DL222170,DL222170
CW626437,CW765141
EH970124,EH970124
EL50213,DL157195
CW866327,CW1221578
CW1056842,CW1056842
AP82165,AP81914
BE314648,BE314648
DB299042,DB244603
DG61601,DG61601
BE413331,BE413331
DD155729,DD212665
CZ93781,AA162148
DT153914,DT153914
BN377010,BN377010
EH816614,EH816614
EH1247202,EH1247202
EH1121178,EH1121178
DW60584,DW60584
CW882108,CW882108
CW925099,CW925099
CW915644,CW908979
DB261914,EH822269
EH978480,EH978480
DJ13694,DJ13694
DN132564,DB193863
DA95226,DA97448
AA163413,AA163413
DZ66874,DZ66874
DS109110,DS109110
AN164651,AN164651
CH50928,CH50928
DR105902,DR105902
BR159431,BE256091
CW1291107,CW1291107
BH149151,BH145104
DS95930,DS95930
BL482106,BL482106
EH1130527,EH1130527
EH888351,EH888351
CW1019314,CW1345979
CW843609,CW843609
EH980954,EL73740
BM56280,DA86813
EH1271429,EH1271429
DN150170,DN150170
EH880266,EH1121290
AN135850,AN135850
BR210229,BR210229
AY38251,AY38251
EH1071783,AC16027
BN340370,BN340370
EJ23502,EJ23502
EG53645,EG53645
BD108663,BD108663
CW731364,CW731364
EH960400,EH960400
CW608140,CW692340
DL209790,DL209790
AK88079,AK88079
CW1293647,CW546321
BN361006,BN361006
CW1296350,CW1296350
AX64618,AX64618
DN141764,DN150170
EF220010,EF220010
CP36186,BL519483
CL45751,CL45751
EH1250777,EH1250777
CW1065901,CW1065901
CW1096117,BN473263
EH973361,EH973361
EH855602,EH855602
BY729340,BY729340
BY618186,BY618186
CW1119949,CW1119949
EF221208,EF221208
EH730449,EH730449
DP39582,DP39582
AZ15568,AZ15568
BR171079,BR171079
DL258199,DL258199
DD207444,DD207444
CM71534,CM71534
EH1020882,EH1020882
BC63360,BC63360
AN194025,AN194025
EH927359,EH927359
AA183804,AA183804
DN118650,DN118650
BE345579,BE345579
DB263190,DB263190
BN321674,BN321674
DD157545,DD157545
EF108192,EF108192
DR85045,DR85045
CW1080755,CW1209881
DD92888,DD92888
DN111703,DE302574
BL518665,BL518665
CG130383,CG130383
CW691419,CW691419
AS76334,AS76334
CN80168,CN80168
CW1061591,CW613445
EH972928,EH972928
CC113872,ED48831
CW1184395,CW1184395
BY728467,BY728467
BY513687,BY513687
BY604931,BY604931
CW698800,CW1034747
EH834579,EH834579
CW586410,CW1199132
BF27616,BF27616
CW573579,AL173589
CW960287,CW904214
DB198926,DB198926
CW807649,CW807649
CG164586,CG164586
BR174687,CH53096
DT137103,DT137103
BL433549,BL433549
BZ62725,BZ62725
BR213213,BR213213
AN196138,AN196138
CW1230582,CW1230582
BY584753,AW187744
DE221484,DE221484
BN500177,BN500177
DF16371,DF16371
DB207321,DB207321
EH586792,EH586792
BR184393,BR184393
AR12410,CN92038
CW1286212,CW1286212
AX51364,AX51364
CW1330376,CW1330376
BE357542,BE357542
ED39742,ED39742
CN78856,EF158467
AW180473,EB62916
BN346746,BN346746
DT105422,DT105422
BK46640,BK46640
EH937107,EH929107
BY473791,BY473791
DE289947,DE289947
DN159325,DN159325
EH1052027,EH1052027
BC62977,BC62977
CW1112301,CW1084987
EH597023,EH597023
CW1240183,CW1240183
CJ156913,CJ156913
AL315166,AL315166
AN193977,AN193977
CY23600,CY23600
BZ62493,BZ62493
DR110531,DR110531
DB282330,DB282330
CW1290984,CW1290984
BH107781,CZ54351
DL193491,DL193491
BY478346,BY478346
AD29285,AD29285
BY537198,BY537198
BD141093,BD141093
AA149517,AA179073
CW1107230,CW1258381
DB266821,DB266821
BR179325,BP62988
BN464262,BN464262
AP86751,AP86751
AL296365,AL296365
CA84620,CA84620
AM92963,BP62988
EL92358,EL92358
BW41012,EF98591
BY656045,BY656045
EM86439,EM86439
CC104394,CC104394
BE454389,BE438032
BL455673,BL455673
CW1012314,CW1014692
CW1099235,CW1099235
DX52150,DX52150
CY27265,CY27265
BE202417,BE202417
DB203381,DB179027
DE216838,DE216838
EL69898,EL69898
CW765799,CW1175739
EM121186,EM121186
DC24525,DC24525
EH1125628,EH1125628
CW1077547,CW1141164
CW907544,CW907544
CW571823,CW571823
DB254166,DB254166
DR145945,DR145945
BR146772,BE257921
BB93798,BB93798
DL224535,DL224535
BK34213,BK34213
EH885175,EH885175
EH999170,BR228757
CW1039597,CW1039597
EH1074193,AS90823
CW940438,CW1233332
DX62459,DX62459
AN168787,AN168787
EL76992,EL76992
BB98512,BB98512
BP61051,BP61051
DL227178,DL227178
BN344706,BN344706
DE291511,DE291511
CZ90750,CZ90750
DX47124,DX47124
CW1097376,CW1095618
CC145679,CC145679
CW1031328,CW861195
EH834553,EH834553
CW1203841,EH1147627
DB209605,DB209605
AL243645,AL243645
CN75770,DB252562
BY622917,BY622917
EH603758,EH603758
CW835686,CW742527
CH40017,BY569040
DN134596,DN134596
DY37246,DY37246
EH760025,EH760025
BE247967,BE247967
CW701555,CW788482
CW1193607,CW1330943
EH1069624,AL173589
BL421195,BL421195
BL391506,BL391506
AK102678,AK102678
BL429934,BL429934
EH1243468,EH1287113
DR134273,DZ68091
CG106809,DT169285
CW689179,CW689179
BN462199,CW985912
BE202417,BE195422
DL213793,DL213793
CN78856,CN78856
BG40582,BG40582
BL420513,BL420513
EH1185387,CL43774
CG133835,CG133835
DE290179,DE290179
DT137955,DT137955
EH899781,EH899781
CW1130164,CW1130164
DL272674,DL272674
BD150329,BD150329
ER39429,ER39429
CW922374,CW922374
EH1157433,EH1157433
EH818462,EH682386
BL512031,BL529681
BN311975,BN319950
EH913467,EH1022076
DL215961,DL215961
DL241603,DL241603
DN132598,DN132598
BY667056,BY667056
DD129626,DD129626
DY33239,CW893028
DE318836,DE318836
DE269617,AA210074
DL185762,DL185762
CW1253301,CW1253301
BP58302,BP58302
EH546197,EH546197
EH940021,EH1058475
BZ62247,BZ62247
BE400307,BE400307
EF189156,EF189156
EH1232178,EH1003739
BH128926,BH140850
BD133465,BD133465
BN488786,BN488786
BL418051,BL418051
BM49255,EH515109
BW41012,DT99043
DZ63895,DZ63895
DL166712,BE273057
DB228368,DB228368
BH178727,AA167869
BY609641,BY609641
CW692281,CW692281
CW809076,CW809076
EM99705,EM99705
BY392298,BY392298
CW727263,CW727263
EM101752,EM101752
DM30401,DM30401
BT12276,BT12276
BE318079,BE318079
BG35192,BG35192
DB206155,DB206155
DA118678,AG43054
BD118784,BD118784
AN109814,AN109814
DL251900,DL251900
DL172613,DL172613
EH921080,EH921080
BP60475,BP60475
BL287194,BL287194
CA75102,DH41209
AN225157,AN225157
CW792245,CW952475
CW705153,CW1321982
EH890357,DE236127
EN55283,EN55283
EH1177019,EH1177019
DB233476,DB233476
EH1213560,EH1213560
EH1069624,BL290404
AE25599,AE25599
EH1198196,CW893028
CG154555,CG154555
AN168986,AN168986
AL263189,AL263189
BB102500,BB102500
CJ145622,CJ145622
CM51023,CM51023
CW1121064,CW1121064
CW1123186,CW1123186
AB29353,AB29353
EH916139,EH916139
BY565651,BY565651
AN129576,AN129576
DP41930,DP41930
EH1182358,EH1182358
CW1123366,CW1068311
DL229965,DA105236
BL482528,BL538401
EH865669,EH586792
EC18628,EC18628
DN134266,AB38383
CL57056,CL57056
BN448625,BN448625
CN60461,CW913448
CW1167443,CW1167443
BN470588,BN470588
CW1098890,CW1098890
CW1100749,CW1083351
BY650892,BY650892
DD169630,BB71892
AW180579,AW180579
CW1057307,CW1057307
BN514515,BN514515
AP82401,BR225976
CH37702,CC89087
BY618089,BY618089
BB99060,BB99060
CM65275,CM65275
DR106745,DR106745
BL484824,BL484824
CW1230289,CW1230289
CW934380,CW1105590
AL271972,AL271972
DR138557,DR138557
BM62965,BM62965
EH690871,BR195612
DR115356,DR143120
BN395403,BN395403
EH747175,EP73553
CW1308507,CW1308662
CW698473,CW620566
DL242344,DL242344
BN463226,BN463226
CJ119490,CJ119490
DE231038,BE195422
BL416601,BL416601
DW69368,DW69368
EH823780,EH823780
DB234434,DD90591
CW1071737,CW1071737
CW713368,CW713368
DB226429,DB226429
CC113791,CC113791
CW734441,CW734441
EH1316945,EH1316945
CW1154042,CW1154042
AW183932,AW183932
BE290719,CL47342
BW60344,BW60344
AG54013,AG54013
AA166878,AA166878
EH1125803,EH1125803
BL439481,BL429510
BC61242,BC61242
CW749113,CW967495
AL304509,AL304509
BL381539,BL381539
EH1150542,EH1150542
BY584059,BY584059
EH967477,EH967477
BL427560,AW187744
BL373048,AL359981
EH885650,EH885650
DL170790,BM57594
CW730929,CW1148004
CJ100245,BY614704
DL248972,DL248972
AK106297,AK106297
DN141529,DN141529
BY582969,BY582969
EH1125354,EH1125354
CW1053186,CW1030673
DD145581,CW1173415
BL502372,BL502372
AL304889,AL304889
BY368282,DD90591
CW874605,CW1088566
CW995896,CW995896
CW1145676,CW1145676
CW876342,CW876342
EH841766,EH841766
BD108070,BD108070
EH1044090,EH1044090
CW841524,CW841524
AM101471,AN193748
DP41891,DP42767
DB307222,DB307222
AW148630,AW148630
CW1003810,CW1003810
DD138119,DD138119
DB231247,DB231247
AA180466,AA180466
EH1243546,EH1243546
EG46066,EG46066
AP98213,AP98213
CW1195436,CW1021078
CW1246619,CW1246619
BY598432,BL340756
DN128088,DN128088
DW61319,DW61319
CL38445,BN315455
BW51719,BB101069
DB276628,DB276628
AK77972,EN55283
CW1090199,CW706347
EH1005048,CW1346764
CW1041608,CW1041608
EH1058407,EH1058407
CA65173,CA65173
DW55606,DW55606
EH1055696,EH1306164
BZ49165,BZ49165
DA110874,AN203818
BY621227,BY633539
CW846330,CW846330
CW775270,CW775270
BY669195,BY669195
EH958978,EH958978
EH1003910,EH1003910
DE306232,DE306232
CW1213560,CW938447
CL49743,CL49743
DE276320,DE276320
AT18878,AT18878
AA151900,AA164623
CW573579,BL290404
BN507355,BN465391
DE280851,DE280851
BY381208,BY381208
BY606698,BY606698
DA96176,DA96176
BL374487,BL374487
BL400127,BL400127
CJ127754,EH807001
AL240720,CB93093
BE218849,CW793632
CW1300113,CW885659
AK110866,AK105251
EC18214,EC18214
DD182318,DD182318
DE205306,DE216178
DB221878,DB221878
AL222134,AL222134
EF164218,EF164218
DZ62328,DZ62328
DE245097,DE248206
EB67959,EB67959
EH1063112,EH1063112
CW1001837,CW1001837
BZ66002,BZ66002
DZ73901,DZ72906
BL434954,DP41930
EH1206693,EH1206693
BL429570,BL429570
CM67919,CM67919
DB249805,DB249805
CG139348,CG139348
EL93054,EL93054
DT157535,DT160210
AE26088,AE26088
CW949850,CW949850
EN73838,EN73838
BD149878,BD149878
BL368608,BL368608
EH609813,EH609813
DT166698,DT166698
CW690543,CW943184
DR118511,DR118511
BM49255,EH523367
DR82339,DR82339
AG42411,AG42411
DW60629,DW60629
EL77188,AT24562
AY40134,AY40134
BE301820,BE301820
EH883246,EH883246
EH894359,EH894359
BE211001,BE281445
CJ144816,CJ144816
DL224363,DL224363
BL430417,BL430417
EH905227,EH905227
BY554789,BY386189
CW715729,CW715729
BE306326,BE321908
CW1318763,CW1318763
DL198848,DL192146
DB257548,DB257548
CM64566,CM64566
EH1191342,EH1087571
CW1073769,CW1073769
BE340995,BE340995
DD88925,DD88925
BE390886,BE390886
CC120670,CC120670
BE424785,BE424785
EL75300,EL75300
EH631273,EH631273
BN464491,EP102545
EH904462,EH904462
BP51066,BZ57512
CW1157235,CW765534
BR209704,BR209704
BE383094,BE383094
AN175007,AN175007
DB171309,DB292502
CW1219024,BN380981
BE358227,BE358227
