globalID_A,globalID_B
CW549185,CW549185
AK12554,AK12554
DR96172,DR96172
DL239263,DL239263
CW915211,CW929855
BH148364,BH148364
AL172802,AL172802
AP79283,AP79283
EH870816,EH870816
CW736876,CW736876
DN93603,EH431830
AK26386,AK26386
EH1123347,EH1123347
CT24903,CT24903
DH46486,DH46486
BL417902,BL417902
AL50791,AL50791
BE221549,BE221549
DR68908,DR68908
AL283971,AL283971
DX57928,DX57928
CJ44514,CJ44514
BY381420,BY430721
BE275934,BE275934
CW99478,CW99478
EH1074354,EH1074354
AL312812,AL312812
BR46080,BR46080
CW359599,CW67334
CW573430,CW573430
AS53491,AS53491
BL492441,BL492441
DS107356,DS68139
BL101080,BL101080
CW489947,CW489947
EB34098,CA90184
CT6785,CT6785
EH734216,EH734216
AA36052,AA36052
BD128610,BD128610
DH37729,CN61179
EH467363,EH467363
BN448531,BN448531
EH642364,EH642364
BH70011,BH70011
AL155807,AL155807
BE378062,BE378062
DL220647,DL244270
EF109599,EF109599
EH171189,EH171189
BY557433,BY557433
AR16012,AR16012
DE281454,DE281454
EJ25249,CW802880
EH651093,EH651093
CH51923,CH51923
AG46958,BH130365
DN94629,DN94629
BL385307,BL385307
BS6734,BS6734
BL298121,BL298121
CT29270,CT29270
BD137298,BD137298
EP60452,EP60452
BJ25701,BJ25701
CW776598,CW776598
AX71812,AX71812
CW805794,CW805794
DW36346,DW36346
BE283515,BE283515
BN157081,BN15521
BW56516,BW56516
DB182074,DB182074
CW1010123,CW1010123
BE363367,BE363367
EH1128123,EH1128123
ER17295,CP4198
CW27539,CW143256
EH1125874,EH1125874
DZ54112,DZ54112
BP2983,BP2983
CC102983,CC102983
BL292540,BL292540
BY683405,BY424841
BY562922,BY562922
CW771660,CW771660
DE159623,BL307531
CW824801,CW824801
BN483084,BN483084
BM74817,BM74817
AL120780,AL120780
EM107290,EM107290
EG51000,EG51000
CR9226,CR9226
BW26876,BW26876
EH866775,EH866775
AE14506,AE14506
AK97846,AK97846
CW247148,CW1260625
BE367609,BE367609
EH641878,EL58969
BL415979,BL415979
DA36452,DA36452
EF3524,EF3524
DB259254,DB259254
DR89025,DR89025
BN27650,BN27650
CW855896,CW855896
CW142482,CW142482
EH864237,EH864237
CW254180,CW211575
BN412411,BN412411
DB242998,DB242998
BE249745,BE249745
DE87317,AZ19395
DC18333,DC18333
DR94354,DR94354
AZ8548,EH110713
DX53346,DX53346
DE198939,DE198939
BN537574,BN537574
BD137466,BD137466
EH1074535,EH1074535
CW517755,CW347111
CW908371,CW908371
BE431025,BE431025
CW947355,CW947355
AS81868,AS81868
EN72244,EN72244
EH556926,EH556926
AX53493,AX53493
AM83579,AM83579
BE326289,BE309136
DR50892,DR50892
DL232533,DL232533
AL109233,AL109233
CW138868,CW672046
CW824623,CW824623
BL283169,BL283169
CW680137,CW680137
EL19501,EL19501
DD149197,DD149197
DB141576,EA31079
CL54184,CL54184
EB20218,BC58923
BN493179,BN493179
AL157981,AL157981
EH480837,EH480837
BE159336,BE159336
EF6686,EF6686
AF23986,CN80083
EH670857,EH670857
EH757836,EH757836
BB98596,BB98596
EH614589,EH614589
BN85826,BN85826
EH957483,EH957483
BZ50438,BZ50438
CW500809,CW339066
CH53126,CH53126
CW56209,CW119932
BE403321,BE403321
BH147787,BH147787
EH671269,EH671269
CW122110,CW54931
EH770566,EH770566
AX41776,AX41776
AL315289,AL315289
BY714645,BY714645
EH773803,EH773803
CZ40673,CZ40673
CN97014,CN97014
AN40864,AN40864
AW212216,AW212216
BL450963,BL450963
EM88867,EM88867
AN154371,AN154371
EH923210,EH923210
BE381483,BE381483
BN366675,BN121712
EP92296,EP92296
CW1127559,CW1127559
BC47902,BC47902
BN449562,BN449562
BY470387,BY470387
ER40003,DH54460
BZ44311,BZ44311
EH1201025,EH1201025
DN83425,DN83425
BY677877,BY677877
EH395687,EH395687
CW1072015,CW1101312
DD178879,DD178879
EH214495,EH214495
AM77025,AM77025
DR17449,DR17449
CG150710,CG150710
AL27439,AL27439
AB2847,AB4248
CW378693,CW285437
CW1156618,CW1156618
BE53550,BE53550
BR162465,BR162465
EH825545,EH825545
BL519816,BL519816
CW42383,CW42383
CW809104,CW955472
BD50597,AP51678
AN41352,AN41352
CJ72265,CJ72265
DE291085,DE291085
AL13771,AL13771
CW1159872,CW1159872
BY391044,BY391044
CJ132175,CJ132175
EA31499,EA31499
BL493311,BL493311
BN59401,BN59401
CW66964,CW66964
ED37292,ED37292
CW23083,CW44197
DT144694,DT144694
DE301951,DE301951
CW1131245,CW835206
CW78484,CW78484
DD103882,DD103882
EH683813,EH683813
DX19900,DX19900
EH194945,EH194945
EA10545,EA10545
DL254096,DL254096
BN315027,BN315027
BW25266,BW25266
EH454156,CT33344
BM26061,BM26061
AT27370,AT27370
EH1080847,EH1080847
DB58236,DB58236
BY548895,BY79082
EH687975,EH687975
BZ16025,BZ16025
AP22074,AP22074
CW543500,CW543500
BY637270,BY637270
DE289763,DE289763
DR86193,DR86193
AL142110,AL142110
DC18353,DC18353
CJ161288,CJ161288
EH821470,EH821470
CW705102,CW705102
BY456407,BY453591
BL350936,BL350936
CW845719,CW664745
DJ11514,DJ11514
BN410856,BN410856
BZ63610,BZ63610
BR20471,BR20471
CW223222,CW142777
EH958297,EH958297
DC6316,DC6316
BW57891,BW57891
EH827821,EH827821
CE57713,CE57713
CW910311,CW1092736
EH536298,EH536298
DE277569,DE310141
AL295535,AL295535
EH907959,EH907959
BH102187,BH102187
CW833117,CW833117
CG95107,CG95107
BT5608,BT5608
CW596989,CW617788
CW882313,CW882313
BY532055,BY528029
CW798727,CW798727
BL78637,BL78637
DW45304,DW45304
EH911873,EH911873
CW707592,CW941451
EH496037,EH496037
BY49830,BY49830
EH1128010,EH1128010
DJ14337,DJ14337
CW522743,CW522743
CW99104,CW175416
BY457731,BY457731
CW848067,CW848067
AA171690,AA171690
CL53820,CL53820
BZ23157,BZ23157
EH907321,EH907321
CW504270,BN308262
DA111398,DA111398
CW99807,CW99807
DL243792,DL243792
AS73048,AS73048
DA98283,DA98283
AA180507,AA180507
BY581477,BY626247
AM97130,AM97130
BE392889,BE392889
CW1325014,CW1325014
CW729220,CW790214
CW862478,CW862478
BY387987,BY387987
DX22042,DX23308
BK42930,BK42930
BN284577,BN284577
DT49188,DT49188
BN116330,BN116330
AL148640,AL148640
BL155897,BL155897
CW936880,CW936880
EL5284,EL5284
CH51564,CH51564
BL397839,BL397839
DP39573,DP39573
AA79054,BH65950
CW902307,CW902307
CW408607,CW408607
CW817593,BY549105
BE29671,BB34458
DD179359,DD179359
CH39937,CH39937
AL169976,AL169976
AW188895,DX52175
CW563138,CW563138
CW813360,CW813360
AS64008,AS64008
CA8708,CA8708
CW823739,CW823739
CW974765,CW974765
DB221968,DB221968
AX61169,AX61169
CW996024,CW996024
DB286199,DB286199
CW1063169,CW1063169
AL47148,AL27439
BP34840,BP34840
DA18459,DA18459
BN415368,BN245892
BY364224,BY364224
CW495460,CW266772
DK41949,DK41949
CW811612,CW811612
BL288585,BL288585
EH822494,EH822494
AW184946,AW184946
BL442666,BL442666
AL209448,AL209448
CR23060,CR23060
EN21357,EN21357
BZ38342,BZ38342
CW1027644,CW1027644
AS23825,BD44032
DZ67824,DZ67824
AW92705,AW92705
CW430306,CW430306
AM39718,AM39718
BL374934,BL374934
DB237134,DB237134
EH874873,EH874873
CN57387,AM5896
BE280512,CW709970
CJ10227,CJ10227
EH612162,EH612162
AL49719,AL49719
DY24226,DY24226
DX43185,DX43185
CW990202,CW990202
BM59798,BM59798
CN13589,CN13589
BR78602,BR78602
CW929013,BY575226
EH811073,EH811073
BR98784,BR98784
BH111677,BH121565
CW964704,CW964704
BY417152,DP37847
BY624069,BY624069
CW997238,CW266772
DL218937,ER25307
DB135612,DB135612
DR87365,DR87365
CW37792,CW499931
EH770566,EH1059608
CM42405,CM42405
CW167148,CW167148
EM95314,EM95314
BY619957,BY619957
EM2217,EM2217
CW782355,CW782355
CW201939,CW268975
DT133510,DT133510
BZ49625,BZ49625
CG87453,CG87453
EH674375,EH674375
CW1297389,CW1297389
BY682573,BY682573
BY32081,DR65685
EA28457,EA28457
DE295074,DE295074
CW251386,CW216625
CW1031277,CW1031277
CG132911,CG132911
AX32646,AX32646
CW147840,CW188047
DR83527,DR92849
BN401265,BN401265
EF191848,EF191848
AM65919,AM69189
BL449642,BL449642
AL248775,AL189245
BB49643,BB49643
CW1046466,CW356785
BE40540,BE40540
CW669075,CW669075
CW959685,CW116387
EF186373,EF186373
CL31929,CL31929
CA3318,CA3318
DE78563,DE78563
EH967986,EH967986
CH35147,DZ56277
DB249348,DB249348
BN250539,BN250539
AL303796,AL303796
AL167151,AL167151
BE60539,BE60539
BZ7480,BZ7480
CJ143937,CJ143937
DN132817,DN132817
CW451539,CW451539
AL12109,BH67022
CW946990,CZ121627
CW543117,EN35640
DG47372,DG47372
DB11634,DB11634
AK33209,AK33209
BN409115,BN409115
BL292070,BL292070
EH1032760,EH1032760
DB54895,DB54895
BY365893,BY112776
CW861001,CW861001
EH715536,EH715536
CW1203746,CW1203746
CW826559,CW826559
CW214422,CW201071
EB65371,EB65371
EH704860,EH704860
DE113476,DE113476
BZ22994,BZ22994
CW746208,CW970636
DT137346,BH105228
EB29311,EB29311
BW56210,BW56210
AS78552,AS78552
CG118931,CG118931
CJ126454,CJ193644
EM10869,EM10869
EH1084970,EH751841
BE216627,AS35847
CW56980,CW56980
BY701401,BY701401
CW189030,CW823091
BW63405,BW63405
AA135986,DT108527
BN478894,BN478894
DN39705,DN39705
DT79346,DT79346
DT82535,DT82535
DE226178,DE226178
EH704851,EH704851
AW198068,AW198068
CW6429,CW6429
CW348082,CW524370
DX46789,DX46789
EH184582,EH184582
BN325471,BN325471
BR180879,BR180879
CJ124916,CJ124916
CW143315,CW143315
BN370619,BN370619
BL443716,BL443716
BL11784,BL11784
AW90850,AW90850
EH689168,EH689168
EH806864,EH806864
AL225945,AL225945
CW359534,CW1352309
EH704281,EH704281
EH886335,EH886335
CT16171,CT16171
DP34281,DP34281
DL254223,BE203733
EH719414,BY491340
CW693187,CW693187
DW25255,AN56182
BR121694,BR121694
CW1001555,CW1001555
CZ85718,DW61931
DT111857,DT111857
DE276223,DE276223
DX12446,DX12446
CJ171097,CJ171097
BB87770,BB87770
CW106399,CW106399
DN141327,DN141327
CW744397,CW744397
CJ180945,CJ180945
EH824479,EH824479
CW334977,CW334977
BE185416,BE185416
CM11599,CM11599
BL400978,BL400978
AW169857,DE295664
EH1130547,EH1130547
DL210195,DL210195
BH111408,BH111408
AL182530,AL182530
BH130969,BH130969
DN140552,DN140552
EH1084375,EH1084375
CW1227813,CW1227813
EF200326,EF200326
EM20628,EM20628
BR116598,DZ56707
DT139152,AW227835
AN166298,AN166298
CW840203,CW840546
EH150477,EH150477
EH61568,EH61568
AM69838,DM12046
BL361395,BL361395
EH600695,BH131746
BY435495,BY435495
BW19815,BW19815
AW189991,AW189991
CW1101393,CW1101393
EH884026,EH884026
EH955231,EH955231
EP44872,CL43684
EH966789,EH966789
EH1216390,EH976254
EH1128583,EH1128583
BH89385,BH113294
BE276078,BE276078
CM9193,CM9193
EH897744,EH897744
BC66957,BC66957
DR118939,DR118939
BB40439,BB40439
AK94468,BH166784
EF17489,EF17489
DZ56858,DZ56858
AW128357,AW128357
CW390025,CW1032752
CC74408,EG57279
CW204632,CW124933
EH939343,BL500024
EH468107,EH468107
EF114239,EF114239
EH824046,EH824046
CW417581,CW393936
EH595255,EH595255
AA135599,AA135599
CW980064,CW980064
CZ64839,DB25014
BY505928,BY505928
CS26584,CS21468
DA46404,DA46404
EH864248,EH864248
DY12360,DY12360
DL210735,DL210735
AK74902,AK74902
BY401045,BY401045
AL350921,AL350921
AK11973,AK11973
EH784424,EH784424
CW150632,CW150632
DB34986,DB17038
CW497250,CW66964
CW1053301,CW1053301
BE379714,BE129190
BY97115,BY97115
BL317203,BL317203
BD42144,BD42144
DX56425,DX56425
EP99036,EP99036
AK79627,AK79627
EH895966,EH895966
CW599820,CW599820
CL51486,CL51486
BC61144,BC61144
AN72111,AN72111
AE22952,AE22952
CY32681,CY32681
CW537897,BL397781
BF14080,BF14080
BG49623,BG49623
EH1128011,EH1128011
CW841393,CW841393
CW1040828,CW1040828
CW773569,CW800519
CN66180,CN66180
DL191022,DL191022
EH829939,EH829939
AL209335,AL209335
DZ61730,DZ61730
CW307667,CW307667
BE158248,BE66432
BD122630,BD122630
BN248865,BN451048
DB293189,DB293189
CG46108,CG46108
EH1106649,EH1106649
CW629125,CW629125
EN35926,CA24128
CW376422,CW376422
BJ32425,BJ32425
CG26355,CG26355
DL219544,EB66074
CW766016,CW610855
CW704113,CW864325
BN202052,BN202052
EH1008288,EH1008288
CW816822,CW816822
AW194085,AW194085
DE275727,DE275727
EH223245,EH223245
EH876488,EH876488
AD30701,AD30701
EH645851,EH645851
BR155607,BR155607
CW1094980,CW781880
CW1146662,CW819839
CW1155769,CW1155769
CG107242,CG107242
AL183582,AL183582
EH629929,EH629929
AL145849,AL145849
CG186964,CG186964
BY542952,BY542952
EP70143,EP70143
EH594846,EH594846
CW239949,CW239949
CW930822,CW1044906
BL270763,BL270763
CA133028,BY412905
BZ18935,BZ18935
EL11832,EL11832
CW601501,CW601501
BL473887,BL473887
CZ36580,CZ36580
BY38830,BY38830
ER40210,ER40210
BJ38575,BJ38575
CW153410,CW837799
CW749117,CW757247
DS80746,DS80746
AH25271,AH25271
EH328151,EH328151
CW563288,CW563288
BE429098,BE429098
BR142087,BR153687
BL353351,BL353351
CS5027,CS5027
CJ30573,CJ30573
DS87655,DS87655
CJ31665,EH454015
CG72231,CG72231
DR83058,DR83058
CW720424,CW720424
EL81050,EL81050
EH705484,EH705484
AK142895,AK142895
CG92187,CG92187
EH973684,EH973684
DT17885,DT17885
AF25446,AF25446
AL23421,AL23421
CW871872,CW871872
BY387137,BY387137
AL285100,AL285100
CW675047,CW675047
EH952417,EH952417
EH1021388,DE289947
BN399522,BN399522
CW498346,CW498346
ER2650,AL5549
ED20558,ED45438
CT3608,CT3608
BK38887,BK38887
DB244789,DB244789
AN43453,AS12152
CW827183,CW827183
DW9512,DW9236
BY558806,CZ85272
BB103973,BB103973
CW277832,CW263265
CW543117,CT28398
DR88011,DR88011
BB113130,BD145180
BP40045,BP40045
DT158172,DT158172
CW107980,CW107980
CW672716,CW672716
DR15224,DR15224
CC140651,CC140651
CW974331,CW974331
AA159369,CP12015
CW116260,CW707632
CB79350,BB20165
EH761994,EH761994
EH1044905,EH1044905
DW55215,DW55215
CM43068,CM43068
CW643614,CW223164
BN401482,BN401482
CA100803,CA100803
CW8489,CW355777
BY355430,BY355430
CN82423,CN82423
CW1085819,CW1085819
CW85500,CW85500
BW64095,BW64095
BL303347,BL303347
CW41993,CW15486
CW531299,CW531299
DR44286,DR44286
AW154834,AW154834
DN57521,DN57521
BL410579,BL410579
CW425988,CW425988
CG96618,CG96618
CW862385,CW553195
BH105849,BH105849
AS64895,AS64895
BY714776,BY714776
BH119947,BH119947
BW12859,EH67942
ER30410,AJ25110
BN9703,BN22785
EH1205082,EH1205082
CW448846,CW448846
CW1146993,CW1146993
CM13498,CM13498
CW846691,CW846691
DD158735,DD158735
EH1178182,EH1178182
CW1248312,CW1139069
CW912643,CW912643
CH48944,CH48944
EF9895,EF9895
CW765780,CW985828
CJ59134,CJ59134
DB126189,DB126189
AA114349,AA114349
DP35018,DP35018
AM90512,AM90512
BN436855,BN436855
CW1028488,CW1028488
CA24809,CA24809
BF37912,BF37912
DD126749,DD126749
AY40324,AY40324
BB42790,BB42790
AA123526,AA123526
AN84187,AN84187
CG149896,CG149896
CJ131126,CJ131126
BN52163,BN96344
BE346853,CJ128860
CW838284,CW838284
DE267341,DE267341
CW463511,CW556628
BW8606,BW8606
EH1245569,EH808331
BE221968,BE221968
DB135988,DB188200
BH4732,BH4732
BE322560,BE322560
DD178589,DD178589
CA97989,CA97989
AR5185,AR5185
BY710855,BY710855
AL255589,AL255589
DB248322,DB248322
DS31727,DS31727
BE368782,BE368782
EH376000,EH376000
AM85022,AM85022
EL81853,EL81853
DN126037,DN126037
BL81554,BL81554
CB67679,CB67679
CW1015389,CW767536
EH226712,EH226712
BL330014,BL330014
DC3210,DC3210
DK31983,DK31983
BN433361,BN433361
CJ127324,CJ127324
EH601820,EH1180025
BY617005,BY617005
BN459604,BN459604
DH61216,DH61216
CG191958,CG191958
EG47732,EG47732
AN191573,AN170101
BR194937,BR194937
BD134544,BD134544
AL251373,BL439267
EM114994,EM114994
BD111785,BD111785
EH1128304,EH1128304
DG53884,DG53884
DB183959,DL166170
CL46531,CL46531
CJ116246,CJ116246
EH409317,EH409317
EH584584,EH171423
DK38201,DK38201
BY611228,BY611228
CJ180124,CJ180124
CW524693,CW524693
EH1206648,EH1206648
EH811539,EH811539
DE308861,DE308861
EH1090623,EH1090623
BY390551,DS78651
BR157116,BR157116
BN508538,BN508538
AK27042,AL85486
CW219489,CW139269
BR12384,BR12384
DD44357,CW1018629
DP11784,DP11784
EH902029,EH902029
EH830765,CG114917
AM86501,AM86501
CJ25692,CJ25692
BN159281,BN271407
DB159694,DB159694
DH21413,DH21413
CW707492,CW438848
AZ17373,AZ17373
CW85297,CW1349965
EH750875,EH750875
EF190969,EF190969
CW999071,CW999071
EH325311,CJ47056
CW1064726,CW1064726
CS10157,CC16275
EH473481,EH473481
EH700331,EH700331
CB60044,AN159237
CW924957,CW924957
CW348650,CW274047
CW89585,CW89585
EH1206197,EH1206197
CW1067856,CW1067856
ER41374,ER41374
DB296313,DB296313
BL131514,BL131514
BL336357,DL87758
EB12596,EB12596
BB99570,BB92517
EH1317123,EH1317123
BY609638,BY609638
CW969412,CW969412
CW1233693,CW1010645
DN138662,DN138662
AZ9598,AZ9598
EH654198,EH654198
DR53952,DR53952
CE53452,CE53452
EH867623,EH867623
DC2266,DC2266
CN65215,CN65215
AL71896,AL71896
AL128876,AL128876
DL234617,DL234617
AM46647,DH55631
EH866257,EH866257
AW158896,CW175943
EH613989,EH613989
CL36440,CL36440
BL179735,BL179735
CW1035122,CW1035122
EH1105548,EH1105548
AL89562,AL89562
BY359114,BY424841
CW1064594,CW1064594
DX38944,DX38944
BN408209,BN408209
DR93832,DR93832
EH381196,EH381196
AK78969,AK78969
EH684396,EH684396
CW450284,CW934140
EH776784,DD201553
BN298658,BN298658
EH54982,EH245496
DB168000,DB168000
AN135918,AN135918
AG50136,AG50136
BH141265,BH141265
EH896460,EH896460
CM59962,CM59962
DR121077,DR121077
BN364918,BN364918
CW1093452,CW1093452
EJ28957,EJ28957
EH1054383,EH1134219
BN15574,BN26713
CW442428,CW442428
AH18779,AH18779
BP58275,BP58275
BE409888,BE409888
BL370514,BL370514
DS5578,DS5578
CW1123748,CW1123748
EA32953,EA32953
AE21221,EH477725
EH751841,EH751841
CG131936,CG131936
DP8259,AS12397
CW15331,CW66239
BG36894,BG36894
EH692156,EH692156
CE40331,CE40331
BE327215,BE327215
DL110067,DL110067
EH618251,EH618251
DH59102,DH59102
BZ52104,BZ52104
AB5467,AB5467
EH770566,DE154467
DL132422,DL132422
DA121603,DA121603
CZ92444,EN70838
EH408907,EH408907
CS16949,CS16949
DS96722,DS96722
EH864544,EH864544
BN345637,BN345637
CG135923,CG135923
CW552728,CW552728
EH969776,EH969776
DB58288,DB58288
AN116861,AN116861
DS29456,DS29456
EH609618,EH609618
CW1068230,CW1068230
DE80369,DE80369
EH898297,EH898297
BN446023,BN446023
CW842205,CW842205
BZ14167,BZ14167
BD125183,BD125183
CW125437,CW279267
BL416034,BL416034
DE279431,DE279431
DW56027,DW56027
BN407454,BN407454
CT40671,CT40671
EH714467,BE456245
DE292232,DE287665
DT142439,DT142439
EB66074,EB66074
CW908154,CW990726
CJ143124,CJ143124
CW530686,CW530686
AL189245,AL338615
CW848107,CW848107
AN177472,EH673799
BZ8276,BZ8276
CW767705,BN443966
EH1271546,EH1271546
EH912476,EH912476
CW495743,CW495743
CW700014,CW700014
BN459001,BN459001
EH1210192,EH1210192
CW1028586,CW1028586
AX62736,AX62736
BZ49594,BZ49594
BD82887,BD82887
EH324751,EH321709
BN504307,BN504307
EH1112931,EH1112931
CW121038,CW121038
CW543117,DL168310
EH1040317,EH1040317
CW895825,CW895825
DL227548,EH1129203
DT33405,DT33405
DR132404,DR132404
AM75899,CE47253
DR118462,DR118462
DN84503,DN27768
DE279766,DE279766
EH421263,BH151572
AL107302,AL107302
CA95587,CA95587
BY466699,BY466699
EH784063,EH784063
EH878143,EH878143
BH156760,BH156760
DR6971,DR6971
CW903340,CW172601
EM89495,EM89495
ED53103,ED53103
CL38135,CL38135
AY28803,AY28803
EM64526,EM64526
CW98980,CW98980
DL200541,DD122830
EH994604,EH994604
CW1104872,CW1109037
AA86635,AA86635
BL247288,BL247288
CW210359,CW187224
EH748628,EH748628
CX18354,CX18354
CW811932,CW811932
CW360783,CW649843
CW195898,CW265544
CW46911,CW46911
BE97546,BE97546
BS11732,BS11732
BY487917,BY487917
DB175974,DB175974
BE111834,BE111834
DT111028,DT111028
EN65652,EN65652
CW1058908,CW1058908
EH827693,EH827693
EH751976,EH751976
BE27015,BD103067
DT124333,DT124333
EH27975,EH27975
BH149492,BH149492
DD111949,DD111949
EH919377,EH919377
EH631364,EH631364
EH777612,EH777612
AL315602,AL315602
CM57423,CM57423
DB290711,DB290711
EH388774,EH388774
DD124270,DD124270
CW867068,CW867068
CW83394,CW83394
DL160628,DL61289
AH14633,AH14633
AM19181,AM19181
ER21784,ER21784
EH884343,EH1149074
EH470465,AW175479
CC142339,CC142339
EH958482,EH958482
DH69783,DH69783
EH1130061,EH1130061
ES22635,ES22635
EF126231,EF126231
BD105435,BJ35165
DP42763,EJ23951
CW1176855,CW771568
BL500651,BL500651
CW805779,CW140568
CN49331,CN49331
EG49047,EG49047
EH1050791,CW865298
CW743852,CW743852
BE288624,BE288624
CJ25181,CJ25181
BN211947,BN211947
CC80170,CC80170
CT7515,CT7515
EH682392,EH645656
EH62442,EH371921
DB67469,DB67469
CW530596,CW530596
BZ20318,BZ20318
EH849072,EH849072
BE403586,BE403586
AM56263,AM56263
AL326058,AL326058
AL180726,AL180726
ES6096,DR82477
EL79359,EL79359
BZ26029,AJ39527
DE286829,DE286829
EH1093409,CW1231917
CH19746,CH19746
BE296269,BE296269
BZ12541,BZ12541
EH870053,EH870053
AW208956,AW208956
DA120026,DA120026
CW219904,CW219904
DL205507,DL205507
CW1211050,CW1211050
BE184658,BE13902
CW146132,CW146132
EH956721,EH956721
CW766651,CW766651
CW524877,CW932069
BY379955,BY485538
EH114844,EH114844
AM59956,AM59956
CW1062099,CW1062099
CG110831,CG110831
CW585864,DM29185
EM34508,EM34508
EH254449,DT95445
CW971378,CW971378
EB32945,EB32945
BY265622,BY265622
AL280352,AL280352
CW234840,CW145651
DC20653,DC20653
BB74007,BB74007
CW860241,CW280533
CW1285768,CW1285768
BN521511,BN521511
BL445651,BL445651
DT10324,DT10324
EG44967,EG44967
CW1197270,CW930929
EF38802,EF38802
AN3566,AN3566
DN129649,DN129649
EH1027015,EH1027015
AF11193,AA100071
CM39146,BL117656
BE443612,BE302973
DE318449,DE318449
AL274008,AL274008
EH606711,EH606711
DS102387,BE407250
EB71003,EB71003
DL15823,DL135504
BM54568,BM54568
CW1036188,CW870781
AM72303,AM72303
DS114194,DS111031
CM25721,CM25721
CW545342,CW545342
BL282503,BL282503
DA82435,DA82435
DP47796,DP47796
CW5980,CW5980
BE215754,BE215754
AL281173,AL281173
BE255185,BE255185
CA14096,CA14096
CG136839,CG136839
BL421923,BL421923
EH1271595,EH1271595
BH160172,BH160172
BY737375,BY737375
AW204608,AW204608
EH875090,EH875090
AM90540,AM90540
BL123517,BL123517
CW1045861,CW1045861
AW190576,AW190576
EM96620,EM96620
BY470950,BY364160
EH393442,EH393442
DE162852,DE162852
BK34564,BK34564
AS72232,AS72232
AW209092,AW209092
EH325811,EH325811
CW984831,CW684866
BN276817,BN276817
CW225497,CW225497
EH960885,EH626999
BL403748,BL403748
EH699321,EH699321
CW1188319,CW1188319
AM32462,AM32462
BY673461,BY620891
CW852684,CW852684
EH554130,EH611657
BH149551,BH149551
AM100148,AM100148
BC46985,BG52192
CW135517,CW726542
BL267097,BL267097
CW222786,CW222786
AZ13538,AZ3906
CW458450,CW1031939
EH1076540,EH1076540
DT61318,BL137627
AL222844,AL222844
BN162371,BN162371
DL232492,DL232492
EF145479,EF145479
BR203035,BR203035
DB252241,DB252241
DG38627,DG38627
CH51424,CH51424
EH938061,EH938061
CW166538,CW362698
BL80414,BL351270
AL303643,AL303643
EH717999,EH717999
BB13516,BB13516
EP59320,EH1125448
BD20347,BD20347
CT43230,CT43230
EN58359,EN58359
BY653581,BY653581
BN11628,BN26713
EH753079,EH981233
CW1246172,CW1246172
EH1210225,EH1210225
DX49411,DX49411
BE22584,BE22584
CW636628,CW187224
DB164804,DB164804
CW684081,CW693492
DB141951,DB141951
EN10471,EN10471
EH977197,EH977197
BB57369,BB57369
EN45704,EN45704
BL356703,DT132439
EH703405,EH703405
CJ139080,CJ139080
AL77001,AL77001
DL9318,DL9318
BL298358,BL298358
BE445019,BE445019
EP103567,EP103567
BE378229,CZ106628
EH864154,EH784979
DW63057,DW63057
CW877227,CW807933
CJ68116,CJ68116
BX14573,BX14573
BG11394,BG11394
DD94428,DD94428
CW29306,CW29306
DD128598,DD128598
CT45051,CT45051
CW38333,CW38333
EM96864,EM96864
BZ38848,BZ38848
BY522250,BY522250
DA97445,DA97445
BY589888,BY589888
EH102459,EH102459
EH1023448,EH1023448
EF182276,EF182276
BY20014,BY20014
CJ197558,CJ197558
DA73649,DA73649
BE45738,BE118145
DG34919,DG34919
EH1121927,EH1121927
CW529579,CW477689
EF119824,EF119824
CW1072798,CW1072798
BD62212,BD62212
EH1063902,EH410610
BY542396,BY542396
ES14097,ES14097
BY610226,BY610226
AK69853,AK69853
AL294251,AL294251
BW52484,ED56203
AK164221,AK64060
DP38477,DP38477
EH372623,EH322206
CW777616,CW777616
DD102388,DD102388
BH54931,BH189748
EL11614,EL11614
BC38439,BC38439
DS97116,DS97116
AL76925,AL76925
BM33838,BM33838
DR93565,DR93565
BL248255,BL248255
EH516789,EH516789
BY532349,BY510755
CW199421,CW199421
CW507098,CW507098
DG46863,DG46863
DP23822,BN364847
DA101388,DA101388
CW114375,CW149473
BE389766,BE389766
DB249880,DB249880
DZ64555,DZ64555
DG43415,DG43415
EH421978,EH421978
DR126469,DR126469
EH80721,EH80721
CW976101,CW976101
CP39371,CP39371
EH666986,EH666986
EH645362,EH645362
CW1030499,CW1030499
EH428837,EH428837
BM67312,BM67312
EH872008,EH872008
BY388641,BY388641
CW91834,CW207415
DT105200,AL187714
DL189126,DL189126
ED6447,ED6447
EH970555,EH970555
AE30818,AE30818
BR171079,AG57667
EH908541,EH908541
AL62956,AL62956
BM40772,DA22274
BE243971,BE243971
EH1051137,EH1051137
CG82414,CG82414
DD35077,CJ158637
CW958322,CW863288
AK76606,AK76606
EH1162798,EH1162798
CW427036,CW83972
CJ169691,CJ169691
BL264019,BL264019
BE87897,BE87897
DA73458,CW453468
DR47730,DR47730
CW413178,CW413178
DE313614,BL455020
CW530851,CW110404
BL357854,BL357854
CW76206,CW76206
BL518957,BL518957
CA89274,CA89274
BY240924,BY240924
CW808026,CW808026
BM55591,BM55591
BB61674,BB61674
EH708429,EH708429
DB177666,DB177666
BL88923,BL88923
CW1078011,CW1078011
EH157001,CJ75097
DS59325,DS59325
AL308651,AL308651
BH63740,BH63740
BN381728,BN381728
BD66992,BR157341
CN35330,CN35330
AL37522,AL37522
EH1064089,EH1064089
EH729791,EH729791
AN198171,AN198171
BE436326,BE436326
EH395762,EH395762
AL102289,AL102289
DA31410,DA31410
AK155324,AK155324
BD119958,BD119958
CA90055,BL324455
BR174407,BR174407
CW77554,CW1185132
CW837608,CW837608
BL501887,BL501887
CN78072,CN78072
EH864154,BY499425
AL335243,AL335243
DX18547,DX18547
CW183309,CW183309
AL177506,AL177506
EB72304,EB72304
CW812530,CW812530
EH1222840,EH1222840
EH713017,EH713017
EH821289,EH821289
EH107666,EH107666
EH1080647,EH1080647
EF112511,EF112511
EH1059608,EM116364
AW199180,AW199180
EA12936,EA12936
CW62405,CW62405
CZ114556,CZ114556
EH863963,EH863963
BN481705,BN481705
AL78352,AL78352
BB61185,BB61185
DB20592,AA34621
DX58846,DX58846
BD119502,BD119502
AD20782,AD20782
CW783606,DR104635
AA148374,DE132459
BN497306,BN497306
CW297235,CW946298
BH57030,BH57030
EH960460,EH960460
CG148375,CG148375
CW484272,CW484272
DT140091,DT140091
DR60539,DR60539
CW917692,CW1350029
AL139982,AL139982
CD17211,CD17211
AL199776,AL199776
EF62823,EF62823
CW160570,CW160570
CC12673,DD111816
CW824937,CW824937
BZ46732,BZ46732
BL348135,BL348135
AL32880,AL32880
BN462290,BN311286
BY185331,BY165019
CW815898,CW815898
CW572556,CW912643
BE110657,DL79513
CW634988,CW760392
CW1125816,CW552002
CW1150732,CW1150732
EF145268,EL59856
DL211166,DL211166
DR3468,DR3468
EH1088599,EH1088599
EM110232,EM110232
AP68309,AA116976
CW894194,CW894194
EH1123881,EH1123881
AP36026,AP36026
ER25133,ER25133
EH996101,EH996101
AK11693,AK11693
BM57904,BM57904
CW574899,CW498346
BL489996,BL489996
BE253477,BE53579
BK29740,BK29740
EH887646,EH887646
CW1138778,CW1138778
DD139295,DD139295
AL108520,AL108520
CW992998,CW170453
BY387643,BY331582
EH950814,EH950814
CZ76789,CZ76789
BR59933,BR59933
EH917598,EH917598
DL173256,DL173256
BR125338,BR125338
AP63703,AP63703
CG32266,CG117497
EH881770,EH881770
DX43250,DX43250
EH98774,EH382190
EH414163,EH414163
DB142708,DB142708
AL169969,AL169969
AN80950,AN121113
BD66992,EF23181
CP38018,CP38018
BZ30505,BZ30505
BH40789,BH40789
EM81892,CB53963
BY286044,BY129732
AX55689,AX55689
EM28110,EM28110
CD9484,CD9484
EH853927,AX52690
BM71995,BM71995
AP100356,AP100356
CW479699,CW479699
AA171031,AA171031
CW409139,CW409139
DB122415,CW575407
AL78994,AL78994
DB265137,DB265137
EK16936,EK16936
AB3933,AB3933
EH1315513,EH1315513
BL348784,BL112019
EL13539,EL13539
AL15336,AL15336
EL76201,EL76201
CA90055,CA90055
CW724685,CW1067426
AL86133,AL86133
CW1230293,CW888539
AN90576,AN90576
CW1121713,CT48183
CW460797,CW380178
AK141243,AK141243
BH141028,BH141028
CN79629,CN79629
BY522765,BY522765
BL232016,BL232016
CW368088,CW398663
BR52826,BR52826
AN177472,DT128225
BY575309,BY249536
EM16960,EM16960
AM103346,AM103346
BY548874,BY548874
CM65935,CM65935
EH148604,EH148604
CB81291,CB81291
EH236209,EH236209
DB266344,DB266344
BN218915,BN218915
DM17418,DM17418
BE348064,BE348064
DP40254,DP40254
AN210583,AN210583
CS27540,CS27540
EH827834,EH827834
CW552913,CW548381
DA63916,DA63916
CG45169,CG45169
CW514290,CW514290
BY664106,BY664106
EH252135,EH252135
DA73324,AL314301
ES5702,ES5702
BY30432,BY116091
BN376664,BN376664
ED20136,ED20136
CW707984,CW707984
AN170101,AN170101
BJ25471,BJ25471
BL205684,BL205684
EH1203867,EH1203867
BL243547,BL243547
DW54149,DW54149
CJ141762,CJ141762
EM13217,EM13217
AL214802,AL178666
EH1041038,EH1041038
AG55246,AG55246
AN58494,AN58494
EH666701,EH666701
CW911837,CW911837
DB148989,CC43023
DE186891,DE199626
CW229395,CW229395
EH673257,EH673257
BE354636,BE354636
EH939068,EH939068
DA97205,DA97205
EM52636,EM52636
CG130979,CG130979
BY583791,BY583791
DD114686,DD114686
CW57420,CW440428
CA143430,CA91926
EH580055,EH580055
DR75954,DR83527
EH702259,EH702259
EH882466,DK40086
BZ66392,BZ66392
BE213844,BE213844
BE363596,BE363596
CJ196619,CJ196619
CW44950,CW503686
BR157121,BR157121
CW73930,CW73930
BE323338,BE323338
BY580040,BY580040
EH830763,EH830763
BG48958,BG48958
DL200861,DL200861
BY607278,BY607278
BR69902,AY36493
CW424907,CW424907
DP57559,DP57559
CW533847,CW720484
CW636628,CW517623
BN326885,BN326885
EF158840,EF158840
DB145003,DB145003
BE346449,BE346449
BN9703,BN183649
CG143187,CG162898
AD30510,AD30510
DZ2258,DZ2258
BZ49230,BZ49230
CP2642,CP2642
EP64728,EP64728
CA61965,CA61965
ES28666,ES25779
EH943309,EH943309
EH1127818,EH1127818
BF18906,BF18906
BM27129,BM27129
EH504540,AN51713
DG11806,DG11806
CJ100445,CJ100445
DL155778,DL155778
DA47713,DA47713
EM125285,EM125285
CM67893,CM67893
BN468185,BN468185
AL18314,AL18314
DR20103,DR20103
AM89332,DE242068
EF102780,EF102780
DT37847,DT37847
AG62690,AG62690
CZ92394,CZ92394
BN436573,BN436573
DB147395,DB15829
BD39562,BD39562
AS80520,AS80520
AA173730,AA173730
AX41347,AX41347
CW495460,CW287954
EF88192,EF88192
AL239991,AL239991
AP84674,AP84674
BY540133,BY540133
CW589458,CW589458
BZ49984,BZ49984
CW530099,CW870781
CH36563,AP58795
CW1052550,CW1052550
BH82711,BH82711
DB116225,DB116225
CW452217,CW452217
DS44468,DS44468
CW1242124,CW1242124
EG43942,EG43942
DA60672,DA60672
EM79350,DL210162
DN126839,DN126839
DS74316,DS74316
CW140341,CW82326
BN188647,EH278562
CW562887,CW562887
AP20621,AP20621
CW940072,CW940072
EF57456,BR42434
CW273340,CW273340
DL114536,DL114536
BH86892,BH86892
EH487417,EH487417
DP48723,DP48723
EH302590,BN236969
BL483733,BL483733
CW961510,CW488825
CJ22093,CJ22093
CW913656,CW913656
DE270390,DE270390
BH135471,BH135471
CW598884,CW598884
EH1208035,EH1208035
EH972966,EH972966
EH920921,EH920921
DL212199,DL212199
EH575040,EH575040
AK98441,AK98441
CJ167787,CJ167787
DG40015,DG40015
BR191656,BR191656
BY587996,BY587996
CW481241,CW526581
CJ140093,CJ140093
EH813053,EH813053
CW899370,CW1332368
AS35847,AS35847
BR172644,BR172644
CW586343,CW586343
AK164846,AK164846
AX64002,AX64002
BL142653,BL142653
CM70936,CM70936
EH973133,EH973133
DD63385,DD63385
CW1040853,CW1040853
CJ35837,CJ35837
DW58064,DW58064
BW43014,BW43014
EH55307,EH64376
AK70708,AK70708
CW70636,CW70636
DE265324,DE201038
EH1317538,EH1317538
BN332592,BN332592
CW451913,CW451913
AH3901,AH3901
BA14628,BA14628
BL366548,BL366548
EH832140,EH832140
BR84454,BR84454
CW865298,CW865298
EH509257,EH509257
BN435902,BN435902
CW1300242,CW1300242
CW1368193,CW1368193
AL314301,AL314301
EH343439,EH343439
EH570183,BY458753
AX25121,AX25121
CW924163,CW924163
CW1129279,DT108512
AL108017,AL108017
CW771798,CW771798
EL77853,EL77853
DX60240,DX60240
DB207585,DB207585
CW865871,CW865871
CW58210,CW58210
EH1121625,EH1121625
BK39656,BK39656
CW1153017,CW1153017
CW162116,CW162116
DX35852,DX35852
BM37593,BM37593
BL291828,BL291828
BL407955,BL407955
CW737347,CW737347
DB225687,DB225687
DN131720,DN131720
CL32675,CL32675
EH776784,BY532055
EF177885,EF177885
EH734851,EH887954
EL68786,EL68786
EH921569,EH921569
CW163243,CW163243
DB282289,DB282289
DB170830,DB170830
BH129310,BH129310
BY545386,BY545386
BY592654,BY592654
EH596565,EH1205146
BG20694,BG20694
BB10650,BB10650
CB83969,CB83969
CW4148,CW4148
CK3823,CK3823
BR52292,BR52292
BN425185,BN425185
AK57768,AK57768
CJ148405,CJ148405
EH323668,BE115648
CZ94145,CZ94145
EM22589,EM22589
DE172381,DE172381
CW234609,CW234609
DN76156,DN76156
EH770099,EH770099
CW1201563,CW1355188
AL276794,AL276794
DL139967,DL139967
CW1148140,CW1148140
DZ8016,DZ8016
DS117790,DS117790
BL277947,BL277947
EH481296,EH481296
AL173555,AL173555
DW71769,DW71769
BK47831,BK47831
AL173816,AL118164
CY28085,CY28085
DR50206,DR50206
EH282156,EH282156
BE374092,BE374092
EH679315,EH184894
DA112111,DA112111
AL76660,AL76660
DP4108,DP4108
BR133754,BR123783
CW1039000,CW1039000
CF6767,CF6767
EF74925,EF74925
DW60587,DW60587
CW463511,CW463511
AN154328,AN154328
DR124056,DR124056
DB319110,DB319110
BH82134,BH82134
EB63191,EB63191
EP84841,EP84841
BH149083,BH149083
AD22331,AD22331
EH681114,EH681114
DB26590,DB26590
DR99060,DR99060
DS95215,DS95215
DB228759,DB228759
AL22501,AL22501
BL457457,BL457457
BB83016,BB83016
DE294719,DE294719
EH994235,EH863472
CW811221,CW811221
EH575643,EH575643
DB266578,DB266578
BR191470,BR191470
BN57014,BN57014
AJ27897,CM36336
EM2608,EM2608
BY679428,BY679428
CE26577,CE26577
DX55812,DX55812
BJ37147,DL219544
CW930095,CW930551
BN256405,BN256405
DL252356,DL252356
BL464899,BL464899
DD75722,DD75722
DB186962,DB186962
DN157435,DN157435
BY526527,BY526527
CW457288,CW159724
AB38686,AB38686
CJ139338,BY274763
EH960926,EH960926
AB32601,DB267496
DE312099,DE312099
AG6603,AG6603
EH37970,EH385193
EH881320,EH881320
BC59606,BC59606
DE269087,DE269087
BR100672,BR100672
EF114106,EF114106
DW14734,CE34418
EH925347,EH130659
CW248271,CW248271
BN350699,BN350699
BL164997,BL93802
CP45301,CP45301
CW1011449,CW1011449
EH819918,EH819918
BL444537,BL444537
CW191798,CW191798
BY542599,BY542599
EF108829,EF108829
EH861513,EH861513
EH897502,EH897502
CW78789,CW64300
CW183374,CW183374
BE400154,BE400154
EH1033058,EH1033058
BL257490,BL257490
CW1016563,CW1016563
AL318108,AL290555
EH649916,EH649916
EM135227,EM135227
CW1299472,CW1299472
BE427191,BE427191
EP90171,EP90171
CC110041,CC110041
AN71318,AN71318
EH906761,EH1091338
DE271841,DE271841
EH970482,EH970482
CW600583,AJ32255
CW740280,DZ34952
BN229973,BN229973
BR164402,BR164402
BP57353,BP57353
BH83912,BH143189
BL132204,BL160244
AM88483,AM88483
EH997946,EH997946
BH157731,BH157731
AN177472,CW777732
AN44588,AN44588
BE293505,BE293505
DB112922,AL246991
DB122779,DB122779
EH149051,EH334359
CC31945,CC31945
EH175107,EH175107
BE155212,BE155212
DZ61456,DZ61456
EH817844,EH817844
CW930961,CW930961
CG91111,CG91111
CW820116,CW820116
EM55002,EM55002
CG171030,CG171030
EJ15392,EJ15392
BY434061,BY434061
BM15645,BM15645
EH455047,EH455047
EH872369,EH872369
BY592157,BY592157
BN406067,AK57613
CW940856,CW940856
EH1065128,EH1065128
EH1155426,EH785354
AD25523,AD25523
EF113743,EF113743
BN523066,BN514165
BE312397,BE312397
BN393357,BN393357
CW985349,CW985349
BZ31952,BZ31952
AA94004,AA94004
EH894657,EH894657
AL9156,AL9156
CG113229,CG107184
ES14480,ES14480
BY386919,BY386919
DD119620,DD119620
EH973663,EH973663
EF221942,EF221942
CW1172918,CW1172918
DF20927,DF20927
CW915922,CW831263
BN500965,BN500965
CW570293,CW570293
CW511522,CW503686
EH829872,EH829872
CN78168,CN78168
BE446395,BE446395
EF73194,EF73194
BY361971,CL41408
BE348158,BE348158
CW456949,CW456949
AW170340,AW170340
BL221165,BL221165
CW968572,CW968572
AL136837,AL259317
CH38816,CA117847
CW980876,CW1203597
CS28956,CS28956
BH111677,BH111677
EH149158,EH149158
BW57651,BW57651
BL368039,BL368039
CC99905,CC99905
CW1168196,CW749844
EN74330,EN74330
BR80385,BR80385
DP14615,EH218906
AN144445,AN144445
EH1085639,EH1085639
DN56312,DN56312
AN10975,AN10975
DD106031,DD106031
BY14995,BY14995
EH280726,EH674237
BN445780,BN445780
DL198559,BE304446
BY557985,BY557985
CW163082,CW163082
BL423579,BL423579
CW204374,CW83972
EF176588,EF176588
CJ43199,CJ58395
BY362715,BY362715
AN130998,CW815460
BE381938,BE415889
EF27119,EF27119
CW772644,DB324087
BD51582,BD51582
AL245732,AL245732
CA134785,CA134785
BR122700,BR122700
BR181544,BR181544
DB28651,DB28651
BM14539,BM14539
BD48100,BD48100
BB92443,BB92443
EH1067425,EH1067425
BY9893,BY188744
CW924280,CW924280
EA37264,EA37264
BY504386,BY504386
AW199426,ER36963
EH372373,EH372373
DA11742,DA11742
BL407068,BL407068
BN431973,BN431973
DC22715,DC22715
CM46193,CM46193
BC41970,BC41970
DB192521,DB197194
CW808970,CW808970
CL63833,CL63833
CW820011,CW820011
DB17968,DB17968
EN37827,EN37827
CW1067916,CW1067916
EH197158,EH197158
EN69007,EN69007
CW990481,CW458463
BY325736,BY325736
EF183079,EF183079
BY15746,AH15541
DZ58000,DZ58000
AK51862,AK51862
AA58859,AA58859
EF208132,EF208132
CW38262,CW38262
DG62906,DG62906
AA166217,AA166217
CW808494,CW808494
AK143132,AK143132
EN16567,EN16567
EH887954,EH887954
BE371190,BE371190
EJ23280,EJ23280
BE363768,BE363768
CK12455,CK12455
DB35550,EF98466
CW196580,CW55705
DB173464,DB335783
CC117633,CC117633
EH341299,EH341299
EH840818,EH840818
EH612060,EH612060
AL260439,AL260439
CW183533,CW333521
BY452247,BY452247
DE285142,DE285142
DB55207,DB289768
DX33014,DX33014
CJ5919,CJ5919
EH893482,EH416087
DS103527,DS103527
AL335916,AL335916
DT22998,DT22998
EF151900,EF151900
BY87421,AC9864
CW938170,CW938170
AL304027,AL304027
BZ22038,BZ22038
BL330188,BL330188
DY23654,DY23654
DE292767,DE292767
CD31043,CD31043
BE216627,BL116572
DT155396,DT155396
CW912252,CW912252
AW111738,AW111738
EP88527,EP88527
CW337085,CW337085
AW194865,AW194865
AA125926,AA125926
BD18159,BD18159
CA118599,CA118599
CW372474,CW372474
ED48704,ED48704
EG27435,EG27435
BN217604,BN217604
DZ70842,DZ70842
BL421785,BL421785
CW322654,CW258018
CB74660,CB74660
BN429301,EF101538
CW793972,CW793972
BZ56238,BZ56238
CM34368,CM34368
EH921074,EH921074
BL417322,BL417322
EH462819,EH462819
CW835846,CW835846
CW620786,CW620786
CW838300,CW838300
EM26221,EM26221
AK30337,AK30337
BW50642,BW50642
DA109361,DA109361
EH664004,BR55638
BT12528,BT12528
CT11021,CT11021
EH418571,EH418571
BZ12544,BZ12544
DL248890,DL248890
EH760826,EH760826
DP17965,DP17965
EH246846,EH246846
BL448904,BL448904
DL216309,DL216309
EH870416,EH870416
CW1094344,CW1039857
EF204732,EF204732
DA90461,DA90461
BE404835,BE404835
CW178687,CW178687
EH771640,EH771640
BD19597,BD19597
CJ100146,CJ100146
DB209311,DB209311
AL119208,AL119208
BE352142,BE352142
BD155684,BD155684
CA25541,CA25541
CW798206,CW798206
CW1029168,CW1029168
AL254552,AL254552
EE6638,EE6638
DH56673,DH56673
CW915211,CW1193318
CW663521,CW663521
BE403758,BE403758
BL254941,BL188884
EH887760,EH709542
AD28748,AD28748
BE280064,BE280064
EH568474,EF126404
BY151744,BY151744
BE226974,BE226974
EH193330,EM40741
EM99938,EM99938
BF16057,BF16057
DX25565,DX25565
AS44800,AS44800
AD25599,AD25599
DB247228,DB247228
BE323619,BE323619
BY595905,BY595905
EH1081246,EH368096
AA160551,AA160551
CN72497,CN72497
EH1199681,EH1199681
BY441162,BY441162
EH1177751,EH1177751
CW661767,CW531154
EH254449,BH184479
EH833859,EH833859
CW302473,CW676681
DE253823,DE264937
BN378551,BN378551
BN482562,BN482562
BL340637,BL340637
CW1019466,CW1022996
EG40004,EG40004
CW560870,CW560870
CN73488,CN73488
DZ26849,DZ26849
EH757061,EH757061
BY451755,BY451755
BR202799,BR202799
BN334171,BN334171
EM32997,EM32997
AN216022,AN216022
BD44770,BD44770
BY4496,BY100865
AM99061,AM99061
EH892521,EH892521
CW1127780,CW1127780
CS28078,CS28078
BW66108,BW66108
AW210526,AW210526
BY509820,BY509820
EH898868,EH827349
AA200138,AA200138
CW1089274,CW921123
BL364241,BL364241
AL329447,AL329447
BA16429,BA16429
DP53788,DP53788
CW661633,CW661633
EE4975,EE4975
DL195532,DL195532
EH813441,EH813441
DX34574,DX34574
DY24376,DY24376
CW1304583,CW1304583
CW49022,CW49022
CW279574,CW279574
DN133768,DN133768
EH899906,EH899906
EM108480,EM108480
CW1151321,CW1151321
CW673114,CW999943
DD153087,DD153087
AW95346,AW95346
EM34021,EM34021
CN51008,CN51008
CW408869,CW229412
DB177730,DB177730
DA101193,DA101193
CJ52649,CJ52649
EH619608,EH619608
BW2154,BW2154
CW862385,CW734695
DT89226,DT89226
AL160213,AL160213
EP47116,EH245924
AD29872,AD29872
CG89406,CG89406
DK27873,EA37911
AL255072,AL255072
DL254223,DL247881
DE293142,DE293142
CW1186444,CW1186444
DE260311,DE260311
CW61943,CW61943
CL23201,CL23201
CW222333,CW222333
BH62707,BH62707
BW59286,BW59286
CP34026,CP34026
AT24440,AT24440
EH124882,EH124882
EH192053,EH626574
BN481253,BN481253
CW229554,CW150632
BY598004,BY598004
AM62502,AM62502
CZ68712,CZ68712
EH889984,EH889984
DC15691,DC15691
CW367726,CW552002
BN483123,BN483123
EH833624,EH833624
BY32479,BY32479
DA58328,DA58328
BL414321,BL414321
DB242175,DB242175
DE275438,DE275438
AW85147,AW85147
BY409669,BY320757
EH936311,EH936311
CW497744,CW497744
CW674799,CW674799
EB73357,EB73357
EH830569,EH830569
DK29050,DK29050
AK11074,AK11074
DZ27926,DZ27926
BB66739,BB66739
BR196312,BR196312
EH1039963,EH1039963
BN476789,BN476789
EH27340,DE28648
DH47341,DH47341
AS63338,AS63338
DA96320,DA96320
CW751280,CW751280
CW118956,CW741616
BB90886,BB90886
BY554789,BY554789
AN167431,AN167431
AL273161,AL273161
CW432092,BE154383
BM57187,BM57187
CJ136047,CJ136047
CW1128939,CW925426
BR172291,BR172291
BL329038,BL329038
BC72937,BC72937
AL215583,AL215583
DD209113,DD209113
AD18302,AD18302
BY641477,BY641477
AN53407,AN53407
CW673121,CW370349
CW166027,CW166027
CW651444,CW651444
CG139441,CG139441
AN137393,AN137393
CA49184,CA49184
CW1208953,CW1208953
AL40317,AL40317
CW1156060,CW485390
EL10083,EL10083
DT112895,DT112895
AA152631,AA152631
BY14101,BY40176
CW569230,CW569230
CG96986,AK57613
DK37997,DK37997
EH609715,EH609715
CW172746,CW438208
EE2223,EE2223
CW72206,CW72206
CW301849,CW178934
DK26556,DK26556
EH49400,EH49400
CY28849,CY28849
DB47970,DB94354
BN441614,BN441614
DS33102,DS33102
DY3988,DY3988
CW1139353,CW158531
CW1065760,CW1065760
BN434015,BN434015
BB106655,BB106655
DB255462,DB255462
BH178830,BH178830
CJ75941,CJ75941
EH815369,EH815369
CW140568,CW140568
BH132066,BH132066
CZ76865,CZ76865
AW210356,AW210356
DN131129,DN131129
EH471536,EH471536
EH974840,EH974840
EH1245727,EH1245727
CE17971,CE17971
DA124972,DA124972
BY558427,BY558427
BJ24128,BJ24128
BM52545,BM52545
BL154205,BL230192
EH820129,EH820129
EF51056,EF60450
AM92675,AM92675
DG59870,DG59870
CC124636,CC124636
AL31213,AL31213
CJ56646,CJ56646
BL485257,BL485257
CW1322218,CW1039597
CW948818,CW948818
BN502663,BN415519
BB56112,BB56112
EH3467,EH379319
DB242176,BP55888
CW122110,CW323938
DT52507,EH181659
AL104869,AL104869
CG114448,CG114448
EH921178,EH921178
BL392394,BL392394
BN15574,BN50991
DZ11527,DZ11527
EP82326,EH619953
DZ10790,DZ10790
EH290910,EH290910
EH629832,EH203722
EF138549,EF138549
BW48653,BW48653
DN95578,BL73291
EH1119293,EH1119293
CW1145677,AK109556
CW116312,CW116312
BL482945,BL482945
CW832559,CW832559
DD136187,EH1013687
CW1295509,CW429472
BZ53623,BZ53623
EG52745,EG52745
CW496660,CW496660
CW70914,CW70914
CW544610,DL79380
EP77968,EP77968
BE288248,CW742513
EH1011596,EH1011596
DP41128,DS92106
EF6686,EF12919
EH438115,EH438115
BH157317,BH157317
DH31776,DH31776
ED13077,ED13077
AA171602,AA166217
BM73340,BM73340
AL182483,AL182483
DR100838,DR100838
BY380182,AM70145
CC128657,CC128657
CG96691,CG96691
AM88693,AM88693
AS22086,AS22086
DX33351,DX33351
BE124426,BE124426
BD123596,BD123596
ER32830,ER32830
BL452747,BL452747
BN380108,BN380108
CD26282,CD26282
DA88838,DA88838
BL490012,BL490012
DE172300,DE172300
AK108061,AK108061
CJ135756,AW104861
ER2415,ER2415
BR99330,BR99330
AL67383,AL67383
BR151422,BR151422
DW51193,DW51193
BN391452,BN391452
BY597494,BY597494
CW80510,CW440765
BN25137,BN28904
BN527208,BN527208
DZ58352,DZ58352
EH956147,EH956147
DE298944,DE298944
DD154948,DD154948
EF189244,EF189244
DT169602,DT169602
CC125450,CC125450
CW464596,CW464596
BH111435,BH111435
EH840568,EH840568
EH716268,EH716268
CB52170,CB52170
BY273539,BY5046
DP55188,DP55188
EH1244716,EH1244716
DR104158,DR150345
AN62382,AN62382
BN50818,BN68921
BZ15328,BZ15328
EH490892,EH490892
EF142058,EF142058
CW785379,CW216934
DK21921,DK21921
DB258227,DB258227
EH693042,EH831579
BE355182,BE355182
AW220162,AW220162
BE306855,BE306855
DA77628,DA77628
CW272892,CW280088
EG43069,EG43069
CZ97447,CZ97447
AN125053,AN125053
EH1127195,EH1127195
BL405809,BL405809
EH593949,EH593949
BL363877,BL363877
CW823091,CW823091
EL83960,EL83960
AK16102,AK16102
EL77792,EL77792
CW774203,CW774203
BE182028,BE182028
EH1220342,AS71365
CW1129367,CW1129367
EH1025556,EH1025556
EH181473,EH181473
BE385989,BE385989
CW870651,CW870651
DR9046,DR9046
EN50752,EN50752
BE218156,BE218156
DL144671,AL116203
CW1238576,CW1238576
AN196339,AN196339
EH365140,EH239848
CS29758,CS29758
CA28009,CA28009
AJ14393,AJ14393
CW618227,CW618227
CW92175,CW98493
CW459456,CW1159026
DL194781,DL194781
EF204672,EF204672
CM45915,CM45915
CW181274,CW63905
BP32445,BP32445
BR153141,BR153141
BH128226,BH128226
CW794165,CW794165
DJ6827,DJ6827
CW466981,CW162116
BL492362,BL492362
AK30918,AK30918
AW205915,AW205915
CW221990,CW221990
DB45164,DB45164
EH775795,EH775795
BB90962,DN140552
CW932735,CW932735
CW586483,CW586483
BR155356,BR155356
CW431406,CW139269
DW73321,DW73321
BR197800,BR197800
AL109740,AL109740
EH856580,EH856580
CD24301,CD24301
CW118581,CW118581
EF12737,EF12737
EF9973,BK14922
EH893482,EH772244
CW719538,CW655034
AL287541,AL287541
DB248110,DB52161
BN375084,BN375084
EG61287,BR106680
EH1065278,EH1065278
CY29042,CY29042
EH375718,EH375718
EP47116,EN31321
CC5268,CC5268
BR184303,BR184303
BN329571,CA66650
EH357060,EH357060
EB58706,EB58706
BD83251,BD83251
BY530034,BY530034
DL151063,DL151063
EH210329,EH210329
DX55509,EF163056
EH989142,EH142720
DB321590,DB321590
CW670215,CW710240
DB245384,DB245384
EF86186,BN179205
EH950824,EH950824
AL126256,AL126256
CW1085751,CW1085751
CW1268371,CW1023001
DB195326,DB195326
CW69898,CW218882
DB43560,BD87490
EP67062,EP67062
CW737464,BY509583
BN232933,BN232933
EH1085991,EH1085991
DL193435,DL193435
BD66992,CX17061
DC6866,DC6866
BN247601,BN247601
BJ35650,BJ35650
BE30117,BN9715
CW1238538,DB281765
DN129445,DN129445
EH594028,EH701491
EH364634,EH495578
DR65641,DR65641
CW1104872,CW1104872
AS63960,AS63960
EH583646,EH583646
CJ159836,CJ159836
CW118956,CW118956
CA72208,CA72208
CC83895,CC83895
EH444047,EH444047
BK38904,BK38904
BE47758,BE47758
BY220105,BY220105
BD63849,DF11012
CW934357,CW934357
AN112840,AN112840
EL65053,EL65053
CW142169,CW142169
AM6360,AM6360
CW509604,CW509604
AL234345,AL234345
AA94005,AA94005
DA82706,DA82706
CW74884,CW74884
DS73864,AG35227
EH1131189,EH1131189
DR55603,DR54313
CW760241,CW672900
BE266085,BL354735
AN167285,AN167285
EH472398,EH472398
CW1199395,CW582792
BL292218,BL292218
BE32804,BE32804
CG159993,CG159993
EH608661,EH608661
BN499427,BN499427
BY480240,BY480240
EF50640,EF50640
CW800133,CW800133
CX22155,CX22155
BR34705,BR34705
DA10934,DA10934
AK52436,AK52436
DC7647,DC7647
EH391127,EH391127
EH634464,EH634464
BH171355,BH171355
DL253659,DL253659
CW611148,CW611148
AL51583,AL51583
CW151254,CW79323
AK46145,AK46145
CW1158587,CW1158587
BR153892,BR153892
AF12346,AF12346
AD30138,AD30138
DR26363,DR26363
BL403771,BL403771
AW50804,EL3166
EH1059533,EH1059533
ED45125,ED45125
EH1206336,EH1206336
AM101139,AM101139
DK29278,DK29278
AX67811,AX67811
DA125628,DA125628
AL132675,BM37670
BF18708,BF18708
EJ23812,EJ23812
AN29563,AN29563
BY495293,BY495293
EH745147,EH745147
CC42769,CC42769
DD7848,DD7848
DE309199,DE146057
ER32413,ER32413
EN67585,EN67585
BN302415,BN302415
CB61518,CB61518
BY175333,EM37976
BE378752,BE378752
EB39308,EB39308
CW745010,CW745010
ED29805,ED29805
EM89837,EM89837
DZ45173,DZ45173
BN127989,BN205762
BL179371,BL159908
BH11103,BH11103
EH369230,EH412797
CW278222,CW278222
DB176746,DB176746
BZ3104,BZ3104
BD108835,BD108835
DR60482,DR60482
BY282822,BY282822
BL413514,BL413514
CA98417,CA98417
DW63589,DW63589
EF5681,EF5681
AX60207,AX60207
CW1129295,CW1129295
CA94632,CA94632
DL79843,DL79843
DS108730,DS108730
BY235415,BY235415
EA24674,EA24674
EH1059608,EH1059608
EH674884,EH674884
AG58449,AG58449
CL37566,CL37566
CW815019,EA36263
CJ80204,BB50088
AL133130,AL274291
CW881142,CH26749
BH5675,BH5675
EM74701,EM74701
CW1008596,CW1008596
CY31057,CY31057
AL48170,AL48170
DB274749,DB274749
BH170072,BH170072
EP78773,EP78773
CW802694,CW525258
EH816383,EH816383
EH518199,EH518199
DH64864,DH64864
EH888248,EH888248
CK13031,CK13031
AN190014,AN190014
BL348262,BL348262
BR225388,BR225388
DW61505,DW61505
EH1217505,EH1217505
EH663052,AS78224
EH714467,EH528673
CW868761,CW870520
EB34762,EB34762
AP63602,AP63602
DB257655,DB257655
DC21841,DC21841
BR221818,BR221818
BM60756,BM60756
CW1301257,CW1301257
AL347021,AL295048
AL137945,AL137945
BE17417,BE289372
CW824136,CW824136
CW783818,CW783818
AX51894,AX51894
AP81493,AP81493
AS81864,AS81864
CS2760,CS2760
CJ5212,CJ5212
CC77777,CB53352
EH966950,EH966950
AW218169,AW218169
BB88894,BB88894
CW107146,CW482267
BC55634,BC55634
AA164934,BE315684
AG50385,AG50385
BE322622,BE322622
EH872915,EH872915
DW68105,DW68105
CW687294,CW351104
BL511650,BL511650
AP83567,AP83567
BN427138,BN427138
CW493409,CW493409
DL105533,DL105533
DN131223,AA164250
AW186308,AW186308
CF7131,CF7131
CW1137380,CW1137380
CA69996,EH170713
BP47769,BP47769
AS24276,AS24276
EP77883,EP77883
CW619648,BN311056
CW1111461,CW1111461
AL58866,AL58866
CW491034,CW434206
BY543711,BY524767
EH574357,EA50175
DE284246,DE284246
ED49669,ED49669
CH47404,CH47404
DT6158,DT6158
BN339200,BN339200
DE272476,DE307913
CW52274,CW52274
BR158831,BR158831
EH465758,EH465758
BL36742,BL36742
BN446928,BN446928
DK36909,DK36909
BL133161,BL133161
BH130514,BH130514
CW273741,CW309133
BN491762,CJ142255
BR214361,BR214361
DN100833,DN100833
CW155476,CW275899
CW470586,CW470586
EH906320,CW151254
BE314648,BE314648
CW877227,CW830090
CW827438,CW827438
BM66764,BM66764
BY379172,BY379172
AD22733,AD22733
EH620160,EH527544
CP15803,CP15803
DR65984,DR65984
CD19200,CD19200
EH921057,EH921057
AN83792,AN83792
EH825036,EH825036
CW613114,CW1331316
EH316938,EH316938
CW998283,CW530024
EM104424,EM104424
CG149293,CG149293
CW893022,CW893022
AJ46425,BC58554
CW99478,CG95415
CW947849,CW947849
DZ66874,DZ66874
EH779033,BL351996
CW491034,CW716459
EA23187,EA23187
DB205360,DB205360
EM130290,EM130290
EH953571,EH953571
DY39507,DY39507
CW741711,CW741711
CW102158,CW108029
AM28132,AM28132
DB296150,DB296150
BK42360,BK42360
EL64932,EL64932
CD21794,CD21794
BE331710,BE331710
BL434358,BL434358
CW525048,CW525048
CW625203,CW625203
BN454680,BN454680
BN402788,BN402788
CW490309,CW490309
BE179192,BE179192
DR116354,DR116354
AN111762,AN111762
DA84065,DA84065
CW793719,CW751280
CG69625,CG69625
CW595300,DE101822
BL407656,BL407656
DA94557,DA94557
DA94712,DA94712
BL362163,BL362163
CW210199,CW1024066
CW183533,CW448953
CW979533,CW979533
CW784909,CW518586
CW844211,CW844211
AL168763,AL76965
AW14448,AW14448
AG56347,AL25179
CB53275,CB53275
BL356678,BL356678
CW927346,CW927346
EH820141,EH820141
EH455259,CJ103121
AX16858,AX16858
BH128652,BH128652
CW571720,EF157507
DB174303,DB174303
CW782194,BN311056
DR134273,BN519999
EH838109,EH838109
CW1046000,CW1046000
BL242681,BL242681
BH148805,BH148805
EF79359,EF79359
BE237257,BE237257
EH1020882,EH1020882
EH791155,EH791155
EP86540,EP86540
AL155057,AL155057
CJ143334,CJ143334
BG19422,BG19422
EH1142235,EH1142235
CW949907,CW949907
DB293711,DB293711
AP56381,AP56381
DB310605,DP34888
ES23792,ES23792
BL496211,BL530731
BY604931,BY604931
CW493970,CW939421
EH471882,EH471882
DW64086,DW64086
EH801320,EH801320
BH160307,BH160307
DZ68274,DZ68274
BB100173,BB100173
CM73417,CM73417
CW165243,CW968944
EH1128362,EH1128362
CW865495,CW81169
EH200925,DB165183
BL401538,BL401538
AN163053,AN163053
BH128509,CG161588
BG47259,BG47259
CW504833,CW933820
DE205197,CJ115638
BN346746,BN346746
AN192622,AN192622
CL66118,CL66118
DE104941,DE331426
AL315247,AL315247
CW1122680,CW1122680
CW543117,DT66245
BN229282,BN309888
DL154192,DL154192
AN164072,BR106680
BY167670,BY504386
BL427080,BL427080
DL203535,DL203535
AL99149,AL15336
CJ171173,CJ171173
AL315166,AL315166
BH87761,BH87761
DJ17465,DJ17465
BC49332,BC49332
CG167959,CG167959
BD127041,BD127041
EH779412,EH779412
BC15516,BC15516
CW1121146,CW1121146
DT151057,DT151057
DB299091,DB299091
CW155476,CW255161
AL184520,AL184520
DR72586,DR72586
EH1025086,EH1025086
DD12956,DD12956
BB78601,BB78601
AB2775,AB2775
AN67721,AN67721
BH23887,BH23887
DR57987,DR57987
CN57387,CN57387
CC135998,CC135998
AN123586,AN123586
CC104394,CC104394
BN375192,BN375192
AB39088,AB39088
AW60261,AW60261
DB124360,DB124360
CW162857,CW162857
DB305868,DB305868
BR214270,BR214270
EF100978,EF100978
AX19612,AX19612
BE395685,BE395685
CW830182,CW939421
CM41976,CM41976
BN504142,BN504142
CG183369,CG183369
EH1107135,EH1107135
EF131059,EF131059
BC10831,BC10831
CW882004,CW882004
EH496688,EH496688
DB56249,DB56249
CW1039597,CW1039597
DE248913,DE248913
CW981537,CW981537
CG129835,CG129835
CW354492,CW354492
DL227178,DL227178
BL317028,BL317028
CG17757,CG17757
CW193486,CW751814
CZ81935,CZ81935
EH454015,EH454015
CG76944,CG70380
EH1192167,EH1192167
AP17884,AP17884
AA164802,AA147417
AP95838,AP95838
DR97743,DR97743
EH533617,EH533617
DE207234,DE207234
EH447929,EH447929
CB79928,CB79928
CW1229118,CW1229118
DL213793,DL213793
CW842895,CW842895
AK16933,AK16933
AA204046,AA204046
BW42705,BW42705
AL255383,AL255383
EF12498,EF12498
DA108543,DA108543
DL232163,DL232163
AK119798,AK119798
CG134858,CG134858
AL193738,AL193738
CW483407,CW903838
DB254149,DB254149
EH566194,EH566194
EL41809,EL41809
BY323943,BY323943
CW939803,CW939803
EH574357,EH203722
CG186737,CG186737
EH1127202,EH1127202
CE17135,CE17135
DX39062,DX39062
CM40627,CM40627
BZ62247,BZ62247
BY484487,BY432055
EM106742,EM106742
BD58466,BD58466
BN410612,BN410612
CJ162055,CJ162055
CW873968,CW442427
AA145392,AA145392
BE332044,BE332044
DT146679,DT146679
CW987608,CW987608
EH97504,EH662837
DW41266,DW41266
DY35184,DY35184
AW13082,AW13082
CG66410,CG171058
EH975801,EH975801
CW769311,CW769311
AW141527,AW141527
BY508504,BY508504
BZ51814,BZ51814
CC71611,CC71611
EH604602,EH604602
DP37741,DP37741
DX51577,DX51577
CW560357,CW680038
EA48420,EA48420
BN388428,BN388428
AS83448,AS83448
EH771225,EH771225
DB71691,DB71691
CW1152226,CW1152226
BB98691,BB98691
AA138149,EA36612
EL88438,EL88438
EN52771,EN52771
DY37300,DY37300
AM37972,AF13274
CC2450,CC25096
DL256846,DL256846
BY465844,BY465844
CJ153889,CJ153889
AL191828,AL191828
BN179374,BN179374
EN4659,EN4659
DR2149,DR2149
AK74646,AK74646
EH281718,EH281718
CN72041,CN72041
BE411899,BE411899
BN448625,BN448625
EH362238,EH362238
BY505928,BY554789
EH420669,EH420669
DE307666,DE307666
AM87675,AM87675
BY721483,BY721483
AP85287,AP85287
EH485143,EH485143
AN179059,AN179059
AX56874,AX56874
ED9364,ED9364
EM99415,EM99415
BB99060,BB99060
CW982542,CW982542
CW304063,CW478053
AP65633,AP65633
EL79453,EL79453
EH753776,EH753776
AW174341,AW174341
CW696706,CW696706
AN142243,AN142243
EH621121,CW263319
CW169490,CW211575
AW68554,AW68554
DE132875,DE105468
DB173970,DB173970
DH25769,DH25769
AW10789,AW10789
BL421491,BL421491
EH814767,EH814767
CC127949,CC127949
CW1057133,CW1057133
BN375864,BN375864
EH938351,EH938351
EM108110,EM108110
AJ43566,AJ43566
AL218034,AL218034
CP26616,CP26616
AL106345,AL106345
BE11186,BE11186
BH146504,BH146504
EH937831,EH937831
EH206986,EH206986
BN453195,BN453195
BR172315,EH511095
CW86252,CW86252
BK43785,BK43785
DB258777,DB258777
EH885650,EH885650
DP26555,DP26555
BY564068,BY564068
AX56737,AX56737
AW129840,AW58429
EL94954,DA115247
AN11937,AN16443
CW851651,CW851651
DS72854,DS72854
BL414243,BL414243
CW647119,CW1231701
DP43784,DP43784
CW814071,CW814071
EH1201587,EH1201587
CW1119041,CW1119041
BY643233,BY643233
DR65076,DR65076
BY465685,BY368988
BY255798,BY255798
CW1003810,CW1003810
BR164078,CC54185
AA180466,AA180466
BE326036,BE326036
EH874409,EH874409
DX6347,DX6347
DB215867,DB215867
BE38672,BE41432
CW1048355,CW1048355
AN174801,AN51713
DT128822,DT128822
CW332146,CW581381
AW118247,AW102459
ER4229,AL6352
DS65326,DS65326
CZ106628,BY409682
CW590753,CW590753
EH324104,EH688543
CE31577,CE31577
EH392994,DE129223
BY103167,BY103167
CW976364,CW976364
DE265866,DE265866
CW888196,CW888196
BY528316,BY528316
DD110248,DD110248
DW60591,DW60591
BR193001,BR193001
BR150029,EH611657
CW470135,CW470135
BJ36787,BJ36787
EH638903,EH638903
DE285500,DE285500
DN34962,DN34962
BB85401,BB85401
CW201939,CW201939
AL225148,AL225148
BY391488,BY391488
BY635826,BY635826
CA65798,CC70782
EH944062,EH944062
CW860522,CL45330
CA89779,CA89779
CC97080,CC97080
CN39177,CN39177
CW961611,CW961611
BL429570,BL429570
AB11151,AB11151
BR184872,BR184872
DT147269,DT147269
AY30976,AY30976
EH1314533,EH834567
EH616161,EH988966
BG8587,BG8587
EH830087,EH830087
BY212837,BY212837
DD104654,DD104654
EN73838,EN73838
BL229364,DE127114
EP61098,EP61098
AX16783,AX16783
CW497726,CW734112
BH138194,BH138194
CW277511,CW306622
CW830182,CW830182
BE43451,BE43451
BL200238,BL200238
DX44751,DX44751
BL354701,BL354701
CW671375,CW671375
BY383307,BY383307
DS73864,CW886013
DB124955,DT95445
CA110531,CA110531
CR8613,CR8613
EH1120493,EH1120493
AM58190,AM58190
EH934272,EH934272
AA138924,AA138924
EH1073394,EH691724
EH825932,AG39449
EH1017079,EH1017079
DZ68898,DZ68898
EH360322,EH360322
AW192414,AW192414
CN31231,CN31231
AL94010,AL94010
BP54963,BP54963
CW675221,CW675221
DD109661,DD109661
DS99216,DS99216
EP7573,EP7573
CW1122379,CW1122379
BZ48842,BZ48842
CW168115,CW168115
BY578159,BY578159
BA6765,BA6765
EH868352,EH868352
CW162116,CW469837
DZ22120,CB33959
EH1138041,DB182279
CC123839,CC123839
EH921115,EH921115
AL296039,AL296039
EH1007496,EH1007496
DB262140,DB262140
CW823374,CW823374
CD18555,CD18555
CW514290,EH164745
CW601334,CW601334
DZ57360,DZ57360
BL262831,BL262831
CW655034,CW655034
CG103385,CG103385
BP52629,BP52629
BB6256,BB6256
DB205340,DB205340
DE270687,DE270687
DP42763,DP42763
AW13483,AW13483
BL399217,BL399217
DT120567,DT120567
CW77554,CW77554
DL243001,DL243001
CG106573,CG106573
AN63138,AN63138
EH705727,CJ204967
DX5758,DX5758
AA158604,AA158604
DL216425,DL216425
DR100801,DR100801
CW815751,CW815751
EB8803,EB8803
CW835906,CW835906
EF56267,EF56267
BY578833,BY541119
DE289625,DE289625
CW634033,CW634033
AM28205,AM28205
DR7756,DR7756
CW119177,CW304074
CW825630,CW825630
BM51097,BM51097
BE8321,BE250862
DR46979,DR29611
EH1124103,EH1124103
DZ38861,DZ38861
CW765780,EH1156720
CB79287,CB79287
EF178176,EF178176
AA177095,AA177095
BY444537,BY444537
BZ53379,BZ53379
AG54541,AG54541
BD52373,BD52373
EH341408,EH341408
CW348082,CW613187
BZ14666,BZ14666
DE184419,DE184419
CJ135447,CK14603
BE304013,BE304013
DD42180,DD42180
EF177469,EF177469
DH19371,BL88923
AL214461,AL15336
DD16684,DD16684
CW252040,CW155721
BN485329,BN485329
CW197099,CW197099
BE68635,BE68635
AK46204,AK46204
CW811046,CW727747
CW151024,CW339066
CW1073992,CW1073992
EH473521,EH609007
CJ67185,CJ67185
BH135811,BH135811
BW9275,DL77672
AK119997,AK119997
AL241127,AL241127
CW164461,CW164461
CW946298,CW946298
AL278949,BE407250
BP18002,BP18002
AA169646,AA169646
AN136043,BN402572
DB238557,DB238557
CW626576,CW626576
CW558860,CW558860
EF22394,EF22394
EH980230,EH980230
EH799550,EH799550
AN71834,AN71834
EH1029189,EH1029189
AK122808,AK122808
EH946207,EH946207
CN64563,CN64563
AP79093,AP79093
BN384479,BN384479
BN414469,BN414469
BY121700,BY121700
AN59080,AN59080
EP94931,EP94931
BG42754,BG42754
EH21098,EH21098
AL115061,AL115061
EP61471,EP61471
AM44645,AM44645
BN387802,BN387802
EH1250201,EH1250201
CW381813,CW163905
BY82614,BY202801
CL4031,CL4031
CW310984,CW310984
EH325311,BY55068
BL132839,BL361614
BL160975,BL160975
DR108400,DR108400
EM116141,EM116141
BL376482,BL376482
CX8990,CX8990
CW71529,CW71529
CW901903,CW901903
BN62760,BN218058
EH825789,EH825789
BL461879,BL461879
CW259760,CW259760
BL365131,BL365131
CC102538,CC102538
CW561503,CW561503
EH1099084,EH1099084
AL50969,AL50969
CW688633,CW688633
EH1020315,EH1020315
BY380986,CW850345
BE87102,BE87102
CW831928,CW831928
BY468427,BY468427
DB166288,DB141607
CT13982,EJ23951
AW137505,AW137505
EL82214,EL82214
DD123361,DD123361
BL253456,BL253456
BL440396,BL440396
DL209736,DL107567
BE447922,BE447922
CW1087486,CW1087486
CW185291,CW185291
CW1159478,CW368501
DA65549,DA65549
CF8025,CF8025
EM101157,EM101157
CW158531,CW158531
DB260836,DB260836
EH1055294,EH1055294
BE300609,BE300609
BL395710,BL395710
CW460541,CW460541
BN214624,BN214624
DW58091,DB316395
BY614200,BY614200
BL130538,BL130538
EH976369,EH976369
BH148393,BH148393
BS9529,BS9529
CW309133,CW309133
BN244043,BN244043
CW894324,CW820834
AB31095,AB31095
BE247573,BE247573
BE413950,BE413950
CW1011891,CW1011891
DY31903,DY31903
CW520628,CW467202
CW1061766,CW1061766
DN67324,BY114176
EM19217,EM19217
EM93921,EM93921
DG26848,DG26848
DK35317,DK35317
EH19153,EH19153
CW1251815,CW1251815
CW591273,CW591273
EH435843,AW216303
AG29278,AG29278
CK14248,CK14248
BL376381,BL376381
AX13703,AX13703
EH903725,EH903725
BE446060,BE446060
CW69898,CW69898
BL498407,BL498407
CP50695,CP50695
AL69772,AL69772
EM140625,EM140625
CW927985,CW927985
ED15633,ED15633
DB296329,DB304696
BL210971,BL456475
BY545034,BY545034
AW150494,AW150494
EP21477,EP21477
EH1201651,EH1201651
DE212670,EH424990
AS51358,AS51358
EH675521,EH675521
EH658737,EH658737
EH530542,EH602249
EH385454,DE131753
CW628168,CW628168
DY9351,DB24574
BH70540,BH70540
BY535575,BY535575
DD37580,DD37580
CW740853,CW740853
CW982012,CW982012
DB22222,DB22222
EH861359,EH861359
AB37711,AB37711
EH1204091,EH1204091
BY515569,BY370202
CW1147229,CW1147229
BY10784,BY99277
EH707578,EH707578
DL173944,DL173944
AW223988,AW223988
DB293480,DB293480
CW185165,AN151275
BH130653,BH130653
AW67139,AW67139
AW104820,AW104820
BY584720,BY584720
BY561130,BY561130
CW129997,CW1372055
BZ61118,BZ61118
DL138409,DL138409
DR59198,DR59198
EH239424,EH239424
CZ73042,CZ73042
AN152496,AN152496
DZ29381,DZ29381
AK58275,AK58275
DE268293,DE268293
DA45334,DA45334
EH198951,EH198951
EF3218,EF3218
CW1019962,CW421589
BD99642,BD99642
CW863094,CW863094
EP82212,EP82212
EP23712,EP23712
BY18395,BY107260
AY26874,AY26874
EH688123,EH688123
AK97282,EH304960
DS94245,DS94245
CW127631,CW94352
EH191212,EH191212
CW232484,CW232484
BY600338,BY600338
CW1103165,CW1103165
BH156882,CZ41505
BD22229,BD22229
CW742384,CW742384
CW426476,CW165659
AL221767,AL84118
AL323278,AL323278
CB67921,DL95392
BR207257,BR207257
BN343360,BN343360
BY407149,BY407149
BB81920,BB81920
EP93968,EP93968
EH583915,EH583915
AL75130,AL75130
AS18256,AS18256
CW135552,CW447674
EH1240725,EH1240725
DN141960,DN141960
DH67815,DH67815
DB287893,DB287893
CM62581,BK43807
CM67193,CM67193
BE319333,BE319333
CW819184,CW777484
EH808969,EH808969
CW731226,CW365500
CW975147,CW552002
DL196761,DL196761
EH779780,EH311501
DB221148,DB221148
CW1039911,CW1039911
EH595182,EH595182
BH125800,BH54145
BN407333,BN407333
EH45550,EH45550
DE122428,EH321357
AX53636,AX53636
BL279493,DE230170
CW830344,CW830344
DZ60422,DZ60422
DN5221,DN5221
BL154724,BL154724
EH1316680,EH1316680
CW39998,CW39998
AW40651,AW40651
CP42050,CP42050
BE262637,BE262637
BY663731,BY663731
BW51318,BW51318
CW861951,CW861951
BN537857,BN537857
EF127717,EF127717
CW565527,CW565527
CW777723,CW777723
BE377244,BE377244
BL142092,BL142092
BL30980,BL30980
CT32302,CT32302
BN9703,BN12138
CW219489,CW61943
EH313079,EH313079
AN208927,AN208927
BY427331,BY427331
CW969010,CW969010
AA64913,AA64913
BL277668,BL277668
AK107636,AK107636
CW295734,CW295734
DB206856,DB219307
EF76048,EF76048
BY287491,BY505928
DE186891,BY402841
DB256004,DB256004
EP68216,EP68216
EN71759,EN50685
EM23090,EM23090
CW637466,CW637466
CX18212,CX18212
AW104712,AW104712
CW175878,CW1046012
BH152015,BH152015
BL407230,BL407230
BL405624,BL405624
DS79741,DS79741
BE335622,BE335622
BK42272,BK42272
EL91145,EL91145
BN306047,BL205684
CW1104637,CW186258
DD91753,DD91753
EL96137,EL96137
AL294758,AL294758
CW863325,CW863325
BE303422,BE303422
BL457941,BL457941
BY586851,BY586851
EH1131689,EH1131689
BL327215,BL327215
EH1167636,EH1167636
CW1058141,CW1058141
EH1079256,EH1079256
DE289018,DE289018
EH738696,EH738696
BL411359,BL411359
EH752695,AX48819
CJ141655,CJ141655
BR187709,BR187709
CW152469,CW152469
DA53086,DA53086
AM35959,AM35959
EP90904,EP90904
AK139695,AK139695
CN56557,CN56557
AN113029,AN113029
BH61794,BH61794
CW984889,CW984889
DD181574,DD181574
DB198571,DB198571
BN11628,BN50991
CW420467,CW420467
BE142202,BE142202
AA203705,AA203705
DS105026,AT25482
BM8219,BM8219
BR89440,CZ31312
DW61486,DW61486
DE282621,DE282621
CW608494,CW856883
BY398780,BY398780
CW978441,CW978441
CN72915,AN131931
DD156193,DD156193
CZ87140,CZ87140
BR185186,BR185186
CW116454,CW337358
EH827795,EH827795
CN28884,CN28884
BH46476,BH46476
EH569928,EH569928
CN51088,CN51088
BL293543,BL293543
DX45899,DX45899
BB92517,BB92517
DL229232,DL229232
EH374757,EH374757
BY331548,BY331548
DA119390,DA119390
CW49228,CW47201
EH604910,EH509001
DR66051,DR66051
BE436560,BE436560
AN182634,AN182634
DA46726,DA46726
BR174826,BR174826
DN108842,DN108842
CW189269,CW189269
AM99581,AM99581
EP31495,EP31495
DL186246,DL186246
DA3704,DA3704
DL129119,DL129119
CW967356,BN308262
DB146317,DB146317
AA84478,AA84478
BL449262,BL449262
DK37773,DK37773
BE137881,CW535150
BR147775,BR147775
EH1126075,EH1126075
AN59197,AN59197
EH485559,EH321357
CW437988,CW437988
BN400759,BN400759
BK36064,BK36064
EH439453,EH439453
EH1127998,EH663558
CW860037,CW860037
CW1060596,CW1060596
EG19393,EG19393
CW782103,CW547793
EH315816,EH315816
CW630552,CW630552
AA124519,CW886013
BY35603,BY35603
CW742907,CW742907
EH428509,EH428509
BY490095,BY490095
EH610987,BN313273
AW163620,AW163620
DZ2743,DZ2743
BR75899,BR75899
AG57587,AG57587
CP38205,CP38205
DX12663,DX12663
CT44064,CT44064
BB91764,BB91764
BJ37458,BJ37458
CW314614,CW314614
AK50983,AK50983
BN355278,BN355278
DA63837,DA63837
CW889819,CW915387
AK28984,AK28984
CC86824,CC86824
DR96535,DR96535
EH253112,EH253112
CG109230,CG109230
BN345699,BN345699
BE295428,BE295428
BP49363,BP49363
CW1141314,CW1141314
DP23822,DE116694
BL240608,BN381502
EH763414,EH763414
CA90184,CA90184
AN149882,AN149882
BP60786,BP60786
CW320382,CW320382
EB28695,ER31272
CW412972,CW412972
DR89729,DR89729
CJ106401,AW219417
DR29108,DR29108
BL455875,AZ9664
BN357504,BN357504
BY165918,BY165918
EN53180,EN53180
DZ34159,DZ34159
BY170159,BY170159
EH973785,EH973785
CW582792,CW582792
BN114520,BN114520
BR98806,BR214361
DW20296,DW20296
BN424217,BN424217
BZ47264,BZ47264
CG103000,CG103000
BE178075,BE42983
AM69283,AM69283
DS117790,DS7720
DL107399,DL107399
EH1052996,EH149164
BR203762,BR203762
BY405536,BY405536
DL211779,DL211779
DE239037,DE239037
CW191257,CW191257
DB222014,DB222014
AM13647,AM13647
EH892467,EH892467
BE333710,BE333710
CW145548,CW145548
BY134272,BN161763
EH1006090,EH1006090
CW364841,CW364841
BY615941,BY615941
DL95392,DL95392
CW636313,CW636313
BE31643,BE31643
CW900839,CW900839
DG49957,DG49957
AL293684,AL293684
DT52894,DT52894
AX43800,AX43800
EH971701,EH971701
BH80091,BH80091
CW786035,CW786035
BZ59836,BZ59836
DL171755,DL171755
DA111211,DA111211
DT124655,DT124655
CW97035,CW97035
DK40075,DK40075
EH1132938,EH1132938
EH1034135,EH1034135
CW195898,CW195898
DA85191,DA85191
AK153604,AK153604
BY489421,BY489421
BN309063,BN309063
DD202411,DD202411
CG37169,CG37169
BZ66613,BZ66613
AS73518,AS73518
DD213354,DD213354
CW826171,CW826171
BM58270,BM58270
BN516711,BN516711
CW962044,CW962044
BH53376,BH53376
DN82385,DN82385
BY646252,BY646252
AN159500,AN159500
BH123433,BH123433
DL150646,DL150646
DX18966,DX18966
AL81366,AL43386
EM24592,EM24592
CW1057210,CW1057210
BH137066,BH137066
EN35795,EN35795
AN79513,AN79513
EH1156931,EH1156931
AL132890,CW1018629
BN341626,BN341626
CW1156776,CW1156776
DC4232,DD63766
BB40899,BB4010
EH469813,DT100576
CW1037582,CW1037582
AW162215,AW162215
BY503922,BY326811
EJ5218,EJ5218
BY621849,BY621849
AX40220,AX40220
AW77055,AW77055
BL387960,BL387960
CL50062,CL50062
CW968644,CW860496
CW989166,CW989166
EH1205400,EH1205400
ER37500,CB77071
CN57387,AC16498
BW13322,BW42701
CW854929,CW854929
CW654969,CW654969
BN412326,BN412326
DS102387,BE141737
EH302590,EH229974
DX42896,DX42896
BY138270,BY138270
EH632026,EH632026
AS69573,AS69573
EH831071,EH831071
DB158876,DB158876
DL129280,AS12397
AL176888,AL176888
BN429972,BN429972
EH534110,EH534110
AL229910,BY402841
BM56796,BM56796
DB256553,DB256553
AL336399,AL278456
AL237247,AL237247
BE395334,BE395334
CW644342,CW644342
AW141282,AW141282
DE274205,AM5896
CW297480,CW240494
AG53786,AG53786
DR87132,DR87132
EH44154,BD16172
CW178370,CW250835
DM29834,DM29834
BH111761,BH111761
BR167960,DZ66243
CW321110,CW327290
DB22779,DB226579
CZ9005,CZ9005
AC14739,AC14739
AX24273,AX24273
CW758670,CW758670
EH1156851,EH1156851
AN217466,AN217466
CW427935,CW174180
DT30503,DT30503
CS13766,CS13766
CW990732,CW990732
DB43560,AL112630
ED41490,ED41490
EH783169,EH783169
CW687948,CW1081637
CW6844,CW6844
CW1020030,CW1020030
AZ19980,AZ19980
DL228706,DL228706
EH1087086,EH1087086
EH757369,EH757369
BE319565,BE319565
BZ5789,BZ5789
CG151187,CG151187
CW990481,AN131586
BE305872,BE336706
EH558330,EH945522
AN184070,AN184070
CW864804,CW864804
BZ7090,BZ7090
BY689886,BY689886
EM30933,EM30933
BY675123,CL41408
DG54334,DG54334
CW679462,CW679462
BE91999,BE91999
EM114902,EM114902
BL375729,BL375729
AB37984,AB37984
AW202949,AW202949
EF163649,EF163649
AP26118,AP26118
BY527656,BY527656
DT55952,DT55952
CW686848,CW686848
BY610888,BY610888
AG59143,AG59143
DW45263,DW45263
CW281885,CW281885
DD102384,DD102384
BY381887,BY381887
BE381257,BE381257
EK17648,EK17648
CJ12307,CJ12307
CW707318,CW106463
BN426849,BN426849
BM40369,BM40369
CW1088752,DN132782
EH974603,EH974603
DX64582,DX64582
CW1039388,CW1039388
CX19778,CX19778
BY672966,BY699158
EH1138041,AS86973
AA207743,AA207743
DS115348,DS115348
BH83849,BH83849
BE406430,BE406430
CC12673,CC80097
BP50979,BP50979
CW454613,CW454613
BL434850,BL434850
CG90155,CG90155
EH959436,EH896460
EH535597,EH203722
AN168220,AN168220
CW1001853,CW1001853
CJ19869,CJ19869
CM58652,CM58652
AL45178,AL45178
AA204248,AA204248
DB35536,DB35536
AN194533,AN194533
EH1132602,EH1132602
DL116552,DL116552
BH87593,BH87593
BL357642,BL357642
DR12665,DR12665
CW480066,CW480066
CJ140887,CJ140887
DL242886,DL242886
DR18642,DR18642
CG11137,CG11137
DE185407,DE185407
CJ155921,CJ155921
DE119827,DE119827
EA19819,EA19819
BN38889,BN38889
CW110665,CW110665
EH1205081,EH1205081
DL237231,DL237231
DB292906,DB292906
CW750598,CW750598
BY594370,BY594370
CW528091,CW272965
DT159692,DT159692
EH545981,EH545981
BY536440,BY536440
DM7132,DM7132
BL379743,BL379743
BE67568,DL131609
CW600809,CW600809
CW470157,CW470157
DZ41739,DZ41739
EH1153580,EH1153580
CW485804,CW485804
BH123432,BH123432
DL129280,CN24581
CZ63600,CZ63600
DC3646,DC3646
BN11628,BN51456
CW127207,CW127207
CW232797,CW306622
BC54287,BC54287
DT75954,DT75954
CT52653,CT52653
EH1070092,EH1070092
EF77048,EF77048
BL407630,BL407630
CW831521,CW994080
DE237369,DE237369
CW1050702,CW1159758
DL242582,DL242582
AM113293,AM85257
DX23773,DX23773
EH786294,EH77646
CW1141642,CW1141642
EH88879,EH1254725
CW684291,CW74990
AX51878,AX51878
BL458638,DL187075
BB69780,BE203027
BH187459,EL57392
EH409832,AG35571
DB29212,DB29212
CJ154404,CJ154404
EH1201409,EH1201409
BL220759,BL220759
AX41806,AX41806
DN137593,DN137593
BP21782,AH15743
CW403601,CW403601
BE422216,BE422216
CW1109080,CW1109080
AK90853,AK90853
EH820282,EH820282
BY395271,BY395271
DB206443,DB206443
EM105022,CT28398
EH931808,EH931808
EH1180025,EH1180025
DR123152,DR123152
EH584881,EH584881
EB70184,EB70184
BY542602,BY542602
CW338762,CW338762
EH1038569,EH1038569
CW1270340,CW1270340
EH122107,EH122107
AE30202,BE315684
CW259347,CW259347
CW1076690,CW1076690
DX4594,DX4594
EL87961,EL87961
DB103714,DB103714
CJ122201,CJ122201
DX26432,DX26432
AP37605,CG128534
BN301286,BN229702
EH1247125,EH1247125
BY565219,BY565219
CW1096996,CW1096996
CE37897,CE37897
ED33986,ED33986
CT10420,CT10420
AA71647,AA66536
BL295787,BL272582
DT45816,DT45816
BY631440,BY212836
EH1076409,EH1076409
BW43507,BW43507
AK66833,AK66833
DL214633,DL214633
BE156922,AL126524
EH1001977,EH1001977
DE167247,DE167247
AB38490,AB38490
EH637021,EH637021
DE260311,BY481842
CW1004671,CW1004671
AW162892,AW162892
EH1281712,EH1281712
EF204868,EF204868
EN22354,DZ2349
DT109264,DT109264
DB209216,DB209216
BE321629,BE321629
BB42951,CL25919
EH782891,EH1315553
CW889234,CW889234
CL51316,CL51316
EF131158,EF131158
AM97474,AM97474
DB209311,DB33799
DR136588,DR136588
BY523686,BY523686
DB179462,DB179462
CW190507,CW598681
EH334359,EH334359
EH1142979,EH1142979
DE212670,AA154646
BM76774,BM76774
EB74127,EB74127
CW693174,CW693174
BN398197,BN398197
BH157414,BH157414
BL418925,BL418925
BL499145,BL499145
BN50818,BN72932
AN6275,AN6275
DB221083,DB221083
BZ4871,BZ4871
BN14309,BN14337
CW619059,CW619059
AM28441,AM28441
BB92127,DZ63728
BN504533,BN504533
DL205269,DL205269
DA54350,DA54350
AB21063,AB21063
AA159369,CW1093424
CW887855,BN423464
BL390241,BL390241
DL200626,DL200626
CG121394,CG121394
BL398088,BL398088
CW1201104,CW1201104
CA19387,CA19387
BZ2441,BZ2441
CW511522,CW812947
AL132675,BE156268
DK46945,DK46945
CB49985,CB49985
EH955569,EH955569
CX4781,CX4781
CJ13855,CJ13855
BE333998,BE333998
BW46208,BW46208
BL164997,BL164997
BL503645,BL503645
CW737836,CW737836
EF194061,AA188720
AB8564,AB8564
BK18846,CW164065
BN177233,BN441676
BY515461,BY515461
BB87920,BB87920
DN126118,DN126118
DZ16805,DZ16805
CW155721,CW842895
DX34285,BH38358
BY333674,BY333674
AM8011,AM19267
AT28513,AT28513
DS102387,AL211408
AN164613,AN164613
EH671660,EH671660
CA74120,CA74120
BY531505,EP64728
EH104232,EH104232
EH1020372,EH1020372
DX51256,DX51256
DN146848,DN146848
DX49699,BK45997
AL227976,AL227976
BW40945,CG92080
EH1000085,EH1000085
BX19407,BX19407
BC36751,BC36751
AL184579,AL184579
DN144894,DN144894
BN10412,BN10412
CW96802,CW469837
CW1131196,CW910802
CJ30291,CJ30291
EH1071451,EH1071451
DD157442,DD157442
EB47135,EB47135
BP36712,BP36712
BN283790,BN283790
DR119173,DR119173
DB96849,DB96849
CP5109,CP5109
BM13813,BM13813
EH1253852,BH184479
AK43730,AK43730
BE401079,BE401079
DG56118,DG56118
AW158896,AW158896
CD22896,CD22896
CW581808,CW581808
CW1013033,CW1013033
BE363674,BE363674
EH556450,EH556450
BN464699,BN464699
DE290519,DE290519
EH654750,EH654750
CW69964,CW69964
EK12196,EK12196
EH824492,EH824492
AL103808,AL103808
BY518677,BY518677
EH248956,DK37463
BR173741,BR173741
BY370351,BY370351
CE36990,BE111834
DB269488,DB269488
BR145577,BR145577
BY392867,BY392867
CJ197268,CJ197268
EH622882,EH622882
BR120246,BR120246
EH488206,EH488206
EH437021,EH437021
AA173364,AA173364
DR52064,DR52064
AW188134,AW17291
BY369696,BY369696
BN409763,BN409763
CZ29129,CZ29129
AL185325,AL185325
BN306089,BN306089
EH297834,EH297834
CJ91809,CJ91809
EB48098,EB48098
CW459135,CW672900
AL208692,AL208692
CW298496,CW298496
BD93347,BD93347
AN106361,DT137346
EL2657,EL2657
EH767148,EH767148
AA63367,AA63367
DD136187,EF88924
EM136589,EM136589
DB265389,DB265389
AL189873,AL189873
BN107087,BN107087
CP34890,CP34890
BL230815,BL230815
EH188986,EH188986
AL275202,AL275202
ED38783,ED38783
DD198793,DD198793
AK12999,AK12999
BE197472,BE197472
EF72624,EF72624
DT71100,DT71100
BN381352,BN381352
DR6158,DR6158
CX19197,CX19197
CW731766,CW163905
CW824900,CW824900
EH254347,EH254347
DN135934,DN135934
CG114240,CG114240
EH1042511,EH1042511
DE46926,DE46926
DR52348,DR52348
EA45282,DL216788
BN180859,BN180859
DE247851,DE247851
DB233869,DB233869
CW231956,CW231956
DA42429,DA42429
BN210809,BN164308
BN437420,BN437420
CW138317,CW138317
EH759330,EH759330
BL410460,BL410460
EH404733,EH404733
BE219638,BE219638
AG44186,AG44186
EN55914,EN55914
DE214171,DE214171
AG23235,AG23235
BN405359,BN405359
CW61983,CW61983
CG34100,CG66476
CW647729,CW647729
DB249846,DB249846
BL183343,BL183343
BY180747,BY180747
DB309312,DB309312
BR134323,BR134323
EH1086096,EH1086096
CW221554,CW192096
CW812277,CW812277
CW859875,CW859875
CW1290835,CW158531
CW1312648,CW1312648
AX69741,AX69741
EF207624,CW1066986
CW574104,CW574104
CT43495,CT43495
CH43730,CH43730
BY120827,BY120827
DR94779,DR94779
AK39736,AK39736
AM66752,AM66752
BY608350,BY608350
BB107090,BB107090
EH1278088,EH1278088
AW118450,AW118450
EH813441,EH554646
EH395080,BL440511
EH966431,EH966431
EH1130362,EH1130362
EP65511,EP65511
DL40878,DL136549
BH81979,BH81979
DR61409,DR61409
BK11067,BK11067
AA56154,AN19512
CT29338,CT29338
DE138452,DE111897
AG43339,AG43339
BR161913,BR161913
CW981318,CW981318
AM108043,AM108043
EF183340,EF183340
CW64876,CW64876
CR24659,CR24659
BN458397,BN417068
BR189230,BR189230
CW1034291,CW1034291
DT29550,EH511095
BE328446,BE328446
BN47374,BN47374
EP68664,EP68664
CM55753,CM55753
DL118854,DL86419
DT123616,DT123616
EH878573,EH878573
EH1200718,EH1200718
EH880336,EH87311
DE157423,AA95622
BR133974,BR133974
DA93809,DA93809
AL251407,AL251407
BG29809,BG29809
AM72259,AM72259
AW164871,AW164871
EF145842,EF145842
DB63312,DB316395
AN33411,AN33411
EH688273,EH688273
CJ101967,EM40520
DL235329,DL235329
AB29807,AB29807
CJ2739,AM81665
DK44538,DK44538
DT58720,DT58720
CW704327,CW704327
BZ17398,BZ17398
AW163327,AW163327
CW770027,CW770027
AL250774,AL290555
CN21182,CN21182
BN497317,BN497317
CW863301,CW863301
BP29977,BN308262
BN6297,BN156921
BW60065,BW60065
EH873681,EH873681
CW252199,CW252199
DL155867,DL155867
EH1191710,EH1191710
CR25551,CR25551
BL419023,BL419023
AK26598,AK26598
EH650185,EH650185
BL222934,BN381502
CG151593,CG151593
AW107207,BD135776
EB14264,EB14264
BH168115,BH168115
CW795710,CW795710
EH1127669,EH1306766
DG2231,DG2231
BL310254,EA36936
BL454888,BL454888
CW182993,CW182993
EH372666,EH110713
EH1019396,EH1019396
EH904446,EH904446
CW937765,CW702476
AX61270,AX61270
AM94769,AM94769
BL402304,BL402304
BB92016,BB92016
AX52859,AX52859
DL110032,DL110032
BL281242,AL222925
EH1041063,EH1271595
BL382076,BL382076
EH853858,EH853858
DR28154,DR28154
EF31739,EF31739
CW853237,CW799773
BN319732,BN319732
BL352604,BL352604
AG25691,AG25691
BN336884,BN336884
DR91454,AJ30343
EH835653,EH835653
CW645648,CW53593
BD109224,AX53550
EH485559,EH511095
CC148723,CC148723
BY83189,BY83189
BE234044,BE234044
EF3799,EF3799
BY434035,BY157527
BN348604,BN348604
EH150036,EH150036
CW837731,CW837731
BH64772,BH154470
BL421945,BL421945
BS12261,BS12261
EH955552,EH955552
CJ107116,CJ107116
BZ41026,BZ41026
DP43884,DP43884
CW964237,CW964237
CW670470,CW670470
BE155155,BE155155
BZ32913,BZ32913
BY676398,BY355676
DT71032,DT71032
CL51663,CL51663
AW16516,AW16516
AL132675,AS12397
CW931035,CW721626
EH992500,EH992500
BR146922,BR146922
BN394975,BN394975
BN251934,BN251934
EH432279,EH477725
CW680137,CW637256
CW886540,CW886540
AX26322,AX26322
CA13752,CA13752
DR19402,DR19402
CJ142703,CJ142703
CA121181,CA121181
BH125099,BH125099
EH779634,EH779634
BY717921,BY717921
DR45369,DR45369
EL67067,EL67067
BR156640,BR156640
AG53716,AG53716
DH12040,DH12040
EE4559,EE4559
CW630476,CW594140
AL310210,AL310210
EH866015,EH866015
EH904640,EH904640
DA96241,DA96241
BY354441,BY159565
EH32307,EH32307
DL144149,DL144149
CW348356,CW453468
CW356388,CW527885
CT43727,CT43727
AL263137,AL263137
CG128630,CG128630
DD108946,DD108946
CW937594,CW617418
EH881346,EH881346
AL31585,AL31585
CJ141292,CJ141292
BL110113,BL110113
CW859664,CW859664
AN81487,AN81487
CJ177884,CJ177884
EH456396,EH456396
CW456817,CW456817
BS14253,BS14253
CW1022712,CW1022712
BC57498,BC57498
EH744790,EH744790
EM105022,EN35640
EH1271718,EH1271718
AN160576,AN160576
BZ10850,BZ10850
CC114873,CC114873
EH617207,EH617207
EF129703,CT13223
CW890331,CW877432
CZ37012,CZ37012
EB15880,EB15880
BR132978,BR132978
EH68774,EH68774
BE379744,BE379744
EF170247,DE45265
BE262429,BE262429
DB265064,DB265064
CW445092,CW445092
CZ110573,CZ110573
EH934142,EH934142
EH95403,DR36632
BN380924,BN380924
DX66984,DX66984
CW221457,CW360482
BN44824,BN44824
AN136821,AN136821
BN440827,BN440827
BD108798,BD108798
CW573134,CW219904
BL160180,DA110612
AL180676,AL180676
AM51866,AM51866
DC23869,DC23869
BE443673,BE443673
CG168240,CG168240
BN253042,BR42434
EF9013,BL136182
CJ6655,CJ6655
AL167409,AL167409
EH784341,EH784341
CZ57571,CZ57571
BR166412,BR166412
EG54516,EG54516
CJ154982,CJ154982
BL405517,BL405517
DT75104,DT75104
BY561984,BY561984
DE232272,DE232272
BY345238,BY345238
AZ15567,AZ15567
CW493167,AF13274
CW1247216,DL212514
EH588321,EH588321
AG41714,AG41714
CW432092,CW419754
BN298697,BR55638
AK144284,AK144284
BR23378,BR23378
BE439944,BE439944
BL344628,BL344628
DB197894,BB51270
CW901422,CW901422
DZ63145,DZ63145
AS70267,AS70267
DA110187,DA110187
AK74266,AK74266
EH791505,EH791505
BE380606,BE380606
EF102402,EF102402
EB5561,EB5561
AB8388,AB8388
CW298441,CW596684
CW46911,CW1076955
BL402175,BL402175
CE56347,CE56347
CW1365373,CW1115329
CW495460,CW495460
EH697398,EH697398
EH155561,EH155561
DD176514,DD176514
CW917366,CW917366
CL14387,CL14387
EF87827,EF87827
CW156818,CW156818
CW529003,CW529003
EH1208628,EH1208628
AL304661,AL304661
EH497774,EH497774
CW476871,CW476871
EH740802,EH740802
DN119377,DN119377
BY344273,BY344273
AX69756,AX69756
DE170593,DE170593
BN346463,BN346463
BY189534,BY238351
EH768569,EH768569
BY553200,BY553200
BL502839,BL502839
BM35688,BM35688
BL390068,BL390068
DW69632,DW69632
AA138734,AA138734
EH622524,EH622524
CW45843,CW45843
AA187226,AA187226
AM83418,AM83418
BE274005,BE274005
BL383909,BL383909
CN59907,CN59907
CZ81549,CZ81549
DT80822,DT80822
CW84919,CW207023
EH1266337,EH1266337
BC6120,BC6120
CJ100118,CJ100118
BM16485,BM16485
EH444854,EH444854
CW798930,CW798930
CW14564,CW14564
DZ46230,DZ46230
BJ32066,BJ32066
DP6810,DP6810
EH270935,EH360025
AN177472,CW1254427
BE427956,BE427956
EF34557,EF230400
BL265146,BL265146
BL224353,BL224353
EH268578,EH268578
AW160483,AW160483
CC130118,CC130118
EJ17394,EJ17394
DE308951,DE308951
DP51210,DP51210
BL111002,BL111002
CW457377,CW457377
EH921027,EH921027
CZ78920,CZ78920
CW807983,CW807983
DA121476,DA121476
CW356262,CW127895
CZ65024,CZ65024
DD89107,DD89107
CW253962,CW253962
DR92101,DR92101
CW790214,CW790214
BY508167,BY508167
CW271752,CW271752
EH224551,EH681143
BY193785,BY201342
EH919642,EH919642
EP87870,EP87870
DB217804,DB217804
BL487915,BL487915
DX22734,DX22734
BH171402,BH171402
DE270483,DE270483
DR89529,DR89529
BM59835,BM59835
BR120041,BR120041
BR214378,BR214378
BD77585,BD77585
DD76464,DD76464
AL181857,EH232856
CA97041,CA97041
DL215787,DL215787
BM46789,BM46789
BN519377,BN519377
CW168907,CW168907
AA117370,CY22733
BN93483,BN93483
AW40636,AW40636
AL116839,AL116839
CT50248,CT50248
DA59645,DA59645
CC101527,CC101527
CW114592,CW236384
BE358750,BE358750
CJ68268,CJ21727
AX21163,AX21163
CW128453,CW143315
CW863835,CW863835
BN353137,BN74669
EC13710,EC13710
BY511192,BY511192
CC94277,CC94277
DL114640,CG66476
CW760512,CW921123
DS107065,DS107065
AT5010,AT5010
DE246186,DE246186
DL211498,DL211498
EH748133,EH748133
CC114656,CC114656
EH1145036,EH1145036
CW818070,CW818070
CW720684,CW720684
DG48014,DG48014
CW792864,CW746507
BR119031,BR119031
CG193701,CG193701
EN44688,EN44688
DD136021,DD136021
BN330611,BN330611
DE308494,DE308494
BD87513,BD87513
CW1301526,CW1082771
DB214967,DB214967
EH951353,EH951353
EH1107489,EH1107489
CW607152,CW607152
BE219008,BE207675
AL42181,AL42181
BY17152,BY17152
CC156967,CC156967
CW1128021,CW1128021
CW1157217,AN131586
BL175709,BL175709
CW996140,CW703853
DL164595,DL164595
AW173036,AW173036
EH1089120,EH671857
BE389909,BE389909
EH984786,EH984786
EN73606,BL133101
EH99382,AK103699
AK43305,AK43305
CW6082,CW6082
AS20219,AS20219
AK81134,AK81134
EH949493,EH949493
CW1040812,CW1040812
AN136567,AN136567
EH450084,EH450084
EH1040853,EH1040853
CW556697,CW556697
CX2189,CX2189
EH355703,EH355703
EH514930,EH514930
CW857454,CW857454
CW781270,CW781270
BL434796,BL434796
DE213231,DE213231
CC56814,CC56814
BG48043,BG48043
BY56018,BY56018
CW961227,CW961227
BL123987,BL123987
CT13869,CT13869
AL132675,DL134548
AL288576,AL288576
DR124649,DR124649
DB75350,DB75350
DE265113,DE25219
BM62813,BM62813
BE15888,BM8545
BP59512,BP59512
CW440331,CW440331
BY690770,BY690770
AN96874,AN96874
AW143514,AW143514
DB212646,DB202451
CW129650,CW129650
BE371111,BE371111
AL22463,AL22463
BY524004,BY524004
BE79110,BE79110
DB230534,DP5933
EH1204784,EH1204784
BY583086,BY583086
BY475493,BY475493
CW69166,CW316469
DE218793,DE218793
BL365246,BL365246
DL187724,DL187724
AB21863,AB21863
BR185961,BR185961
EC18328,EC18328
DL270566,DL270566
CM34336,CM34336
CJ156484,CJ156484
EB54496,EB54496
CW1031561,CW1031561
BY350777,BY476811
CE48553,CE48553
BN82344,BN82344
DN125906,DN125906
CX12963,CX12963
BE312432,BE312432
CW731766,CW718222
DT7768,DT7768
EN51540,EN51540
EH1138041,CA42781
DB223643,AK73104
CW384617,CW186401
DL49300,DL49300
CJ7083,CJ7083
EH1130466,EH1130466
BM66905,BM66905
BN429153,BN429153
AA168893,AA170246
EH827952,EH827952
BM21808,BM21808
CW1263960,CW1263960
CW280214,AN167729
BE442995,BE407070
CW562945,CW562945
EH955027,EH955027
DR117151,DR117151
AL183787,AL183787
EN49078,EN49078
DT29311,DT29311
CW650983,CW650983
CC144724,CC144724
DB94996,DB94996
DN110441,EA40951
DG35153,DG35153
CG68900,CG68900
AK136593,DD183023
CW860698,CW860698
CW554828,CW451844
EH419759,EH145693
CW116454,CW116454
BE115075,BE109167
AP20516,AP20516
BN264806,BN264806
BE72552,BE129190
ER17808,ER17808
BE341665,BE332008
CC120856,CC120856
DT74578,DT74578
AL277583,DE295664
CG132431,CG137528
EH818505,EH818505
CW575540,CW575540
CW19447,CW19447
DK28624,DK28624
BE332913,BE332913
CW486936,CW336388
BC48812,CS28775
CP35006,CP35006
CW151345,CW743918
BN130550,BN130550
EH435084,EH435084
CW207415,CW207415
EH395080,EH423288
BY483750,BY501280
CW63771,CW239512
EH805730,EH805730
BD68141,BD68141
EH10800,EH10800
AN167068,AN167068
AG55851,AG55851
DE91510,DE194700
BE82860,BE82860
EM66338,EM66338
BL313584,BL355877
DD196665,DD196665
BE348589,BE348589
AM89037,AM89037
EH625514,EH625514
CW313152,CW84798
BL369178,BL369178
CW737617,CW737617
EH787014,EH787014
BY571370,BY571370
DW34976,DW9236
DT144006,DT144006
BY56107,BY165019
EH617638,EH646263
BN470794,BN470794
EH909132,EH909132
BE308884,BE308884
DN124800,DN124800
CG160349,CG160349
BN446271,BN446271
AX12369,AX12369
EH1116031,EH1116031
CW553019,CW553019
EH829957,EH829957
AL107059,AL107059
BK44224,BK44224
CW486680,CW361495
EH335101,AS85824
BR173984,BR173984
BY409306,BY409306
BY380986,BY380986
CJ67901,BK44285
DX51102,DX51102
DL179356,DL179356
DN159425,DN159425
AW17433,AW17433
DN146643,DN146643
CB45029,CB45029
EH557650,EH557650
CW51049,CW51049
EH1183431,EH1183431
CK14424,CK14424
AK92821,AK92821
BW16527,BW16527
CW200228,CW321891
BR122597,BR122597
CW816555,CW816555
CW418591,CW418591
DM34973,DM34973
DD2236,DD53903
AM90971,AM90971
BY707703,BY707703
EH6229,EH6229
EH59056,EH59056
CW720605,CW1345106
BL131245,CM19649
EH485632,EH485632
CW892271,CW912968
BD99247,BD99247
CW1052322,CW1052322
CB3360,CB3360
BR198865,BR198865
BY417096,BY417096
DL200547,DL200547
BY580888,BY580888
EL3251,EL3251
BE42896,BE42896
EF90401,EF90401
EH755597,EH755597
DP36697,DP36697
CG165479,CG165479
EH482580,EH482580
EH967986,EH976254
BY391218,BH139193
CW800495,CW800495
AW49805,AW49805
AL67062,AL67062
CB73658,CB73658
CC62552,AL4385
BY590893,BY590893
DA59571,DA59571
EH984937,AP87730
BY635687,BY635687
CA66650,CA66650
EH607983,EH607983
DB262492,DB262492
EH868514,EH868514
CW1057035,CW1057035
CW1084965,CC61033
BR167576,BR167576
BR187605,BR187605
CW443589,CW443589
DY35473,DY35473
BM63639,BM63639
BY417500,BY417500
AT29014,AT29014
BN500340,BN500340
DS23075,DS49928
BN53435,BN53435
BL405207,BL405207
AL260267,AL260267
AN124101,AN124101
EB58171,EB58171
BL328673,BL328673
BE162727,BE162727
CA80052,CA80052
BL464889,BL464889
BE127008,BE127008
DB145810,DB145810
CJ160210,CJ160210
CW635760,CW283773
CW1276425,CW1276425
CW1179249,CW1239275
CW259934,CW108029
DL206463,DL206463
AL239630,AL239630
BN348839,BN313273
DE299791,DE299791
BZ13241,BZ13241
CW316884,CW316884
DL177322,EM85609
BN411974,BN411974
DR32725,DR32725
CC99611,CC99611
BY676236,BY676236
CW639155,CW162116
BE30652,BE30652
EH1046871,EH1046871
EL100136,EL100136
AX11303,AX11303
DR101303,DR101303
CC115973,CC115973
BR179248,BR179248
EH1212841,EH1212841
CW1197527,CW1197527
EH102116,EH102116
EM97664,EM97664
CW73926,CW73926
CC103545,CC103545
BH128522,BH128522
EH584892,EH584892
BL370707,BL370707
EH614606,AS62439
DW12644,DW12644
CB64392,CB64392
CW370435,CW370435
EM67784,EM67784
CL64477,CL64477
BN412188,BN412188
BE402635,BE402635
CW857181,CW989338
DE237064,DE237064
AN157038,AN157038
EH858751,EH858751
BA3885,BA3885
BY57224,BY57224
CW1123452,CW1123452
BD75660,BD75660
EP95051,EP95051
EH579989,EH579989
AP69019,AP69019
DL264909,DL264909
CW1243740,CW377484
CW1041524,CW1041524
CL49876,CL49876
CW79224,CW304074
BR167960,AS78733
EH330893,EH330893
DW32740,DW32740
BY599264,BY599264
BP35755,BP35755
CJ197580,CJ197580
BE220779,BE220779
BR150035,BR150035
EH109775,EH109775
CW924163,CW361051
CW97958,CW1025734
CW459243,CW459243
AW197920,AW80561
EH1221477,DE134275
BN332592,BN203924
BL457572,BL457572
EH98643,EH98643
CP38120,CP38120
AW102993,AW102993
BY541831,BY541831
BN367688,BN367688
CW855471,CW855471
AL278949,BL364462
DE193070,DE193070
BN354748,BN354748
DX52491,DX52491
DR38889,DR38889
CA27997,CM22475
BR45935,BR45935
AN187390,AN187390
EH877295,EH877295
AJ15301,AJ15301
DK9609,DK9609
BM12724,BM12724
BE298891,BE298891
EH1050287,EH1050287
CW1037507,CW1037507
CW461548,CW455535
EH929979,EH929979
CH50418,CH50418
BE308758,BE84805
EG60401,EG60401
DJ13303,DJ13303
CW958946,CW912968
AN143716,AN143716
EH505323,DE152885
AL89693,AL89693
BM69843,BM69843
AL110381,AL110381
BY493791,BY493791
CW376527,CW241655
AN144203,AN144203
BN248865,BN114175
AA153015,AA153015
AL175210,AL175210
AL213759,AL213759
BF20948,BF20948
EH62207,EH62207
BH87761,BY453252
CW582792,CW912643
EH917739,EH917739
EH859769,EH859769
AW68324,AW68324
CH59853,CH59853
CW739737,CW739737
DB191618,DB191618
AM2958,AM2958
EB56753,EB56753
BL339859,BL345244
AS84767,AS84767
EF4009,EF4009
CH35811,CH35811
BY284824,BY284824
CW88537,CW88537
EH1016325,EH1016325
AL133105,AL133105
EH809539,EH809539
BY543713,BY543713
CW595482,CW762794
CL65982,CL65982
AE24246,AE24246
CW193486,CW239949
CW897042,CW897042
EF119437,EF119437
BN190133,BN190133
DS70365,DS70365
ER23028,ER23028
AL159364,AL159364
BZ61183,BZ61183
EH653555,EH653555
BL94617,DL147856
BC63239,BC63239
DL226464,DL226464
DB307385,DB307385
CW139536,CW69898
EH1183969,EH1183969
CW352866,CW1077224
DR132620,DR132620
DR91454,DR91454
CW62371,CW62371
BB106667,BB106667
AG58248,AG58248
EH957544,EH957544
DE201700,DE201700
EL42827,EL42827
BE154383,EN70414
EH909373,EH909373
EH972567,EH972567
EH254449,EH1253852
BA18521,BA18521
BH145377,BH145377
BE374044,BE374044
BW37017,BW37017
CG6551,CG6551
DS34494,DS34494
BE40833,BE40833
CW471679,CW241655
EH211276,EH211276
CA42541,CA42541
BZ7186,BZ7186
BY97326,BY485538
AL277877,AL277877
AP2084,AP43122
DL77578,DL77578
DB189660,DB189660
DB117475,DB117475
AL70649,AL70649
EH749995,EH749995
DD47122,DD47122
EH943362,EH943362
CW430902,CW894047
BE361171,BE361171
EH813067,EH813067
BN218511,BN218511
EG47214,EG47214
DT124774,DT124774
AS12397,BN402572
EG43310,EG43310
CW147272,CW304074
BR127599,BR127599
EH863033,EH863033
AL76965,AL76965
EH4611,CL7173
DA110602,DA110602
CW279115,CW726542
BJ7360,BJ7360
DP35491,DP35491
EH96857,EH96857
EH910777,EH910777
DN130388,DN130388
DN93603,DN93603
BN329571,BN329571
DE78536,DE78536
CW808502,CW808502
CW870913,CW870913
BL390003,BL390003
DD29047,DD29047
BY418249,BY418249
CA91689,CA91689
ES25626,ES25626
BL304829,DT11000
CW48017,CW409655
AX61669,AX61669
EH421967,EH421967
DL133608,DH38724
BD66885,AM69838
AS23791,AS17611
BE398520,BE398520
AL241742,AL241742
EH682580,EH682580
DT106904,CW985828
EN13676,EN13676
DB333054,DB333054
CC21731,CC21731
BY479651,BY479651
AH13755,AH13755
EH626999,EH626999
CW10149,BL84914
DT47236,DT47236
EN56942,CK15261
DW59622,DW59622
DR54313,DR54313
BY419652,BY419652
CW1006845,CW1006845
BH159678,BH159678
CW742274,CW742274
BH141932,BH141932
AC12177,AC12177
DL146837,DL146837
CW1179249,AN152959
AL87561,AL87561
BL281702,BL281702
CW196580,CW309133
CW990481,BD77965
BY354923,BY354923
DB271170,DB271170
CJ42048,CJ42048
EH643389,EH643389
CW94634,CW94634
AF23480,AF23480
CW488472,CW619393
DW76038,DW76038
EH356358,EH356358
CN37370,CN37370
CW128931,CW147067
CW420467,CW314711
EH1031800,EH1031800
EH770664,EH770664
CJ195858,CJ195858
CW315951,CW808808
CW1162756,CW1162756
CW1076229,CW398198
DL148301,EB50543
CW204037,CW1123748
DC27057,DC27057
AK146240,AK146240
AA163310,AA163310
CW171535,CW267882
AK157436,AK157436
DT109229,DT109229
EF9289,EF9289
BN85156,ER34149
CW1204883,CW65190
DW30613,DW70559
BN380806,BN380806
BY581858,BY581858
BN363042,BN363042
BR138324,BR138324
DB126743,DB126743
DT143655,DT143655
DR102389,DR102389
AD23062,AD23062
EB11149,EB11149
CW401857,CW1275199
DT153542,DT153542
EL65810,EL24614
CL31116,EH657375
AL273532,AL273532
CG132740,CG132740
CE21114,CE21114
BY400501,BY400501
CZ97218,EH970674
BL89006,DR52873
CW971677,CW960403
EF212676,EF212676
CW1131182,CW1131182
EB6853,EB6853
CW788710,CW788710
EH799634,EH799634
CW662365,CW662365
DN35372,DN35372
CW343638,CW420347
CB34348,CB59994
EM98122,EM98122
BB39597,BB39597
CG17911,CG17911
BY513552,BY513552
CW776617,CW693492
BE302474,BE302474
AL103350,AL103350
CW848961,CW933820
BY543398,BY543398
EH898411,EH898411
CW834559,CW834559
BC49176,BC49176
CW725129,CW725129
CH29723,CH29723
AL97788,AL97788
EH99382,EM32664
EH1127594,EH1127594
BR167960,BR167960
DA123941,DA123941
AS60350,AS60350
CW458436,CW200732
AL123909,AL123909
AX3143,AX3143
AS60175,AS60175
CJ21187,CJ21187
CW808051,CW808051
AA75395,AA75395
CB70019,CB70019
CA97888,CA97888
CZ90767,CZ90767
BH142597,BH142597
EH29723,EH29723
CW747064,CW681164
BB70019,BB70019
DN2102,DN2102
BY534680,BY534680
CW972328,CW981537
CW672869,EF207768
CW1144470,CW1144470
EM133362,EM133362
CW1052997,CW1052997
BY539530,BY539530
BH101095,BH101095
BK12195,BK8995
CJ102702,CJ102702
EG28870,EG28870
DD112952,DD112952
CW17495,CW17495
AS51136,AS51136
CW731498,CW731498
AF11424,AF11424
EF57097,EF57097
DP8901,DP8901
AM95926,AM95926
BD46948,BD46948
CL41719,CL41719
BY358034,BY358034
BY360993,BY360993
DA119510,DA119510
BN339200,BN311362
BE412420,BE412420
EM116926,EM116926
BN409882,BN409882
DE273629,DE273629
BH162048,BH162048
CJ117846,CJ117846
AW57851,AW57851
BZ49660,BZ49660
BD84339,BD84339
BL281242,CN64039
EH1032530,EH1032530
AW172418,AW172418
DB271085,DB271085
BE389185,BE389185
CW667778,CW667778
EH1223837,EH1223837
CW1056231,CW1056231
DP23822,AP64158
AA176552,CE47253
BR57912,BR57912
BY540693,BY540693
BB12350,BB12350
DL235277,DL235277
EH837303,EH837303
CW385736,CW429414
BE287441,BE361109
BS2476,BS2476
AP91553,AP91553
CW805144,CW805144
AX66854,AX66854
AW154321,AW154321
CW510917,CW619031
BR50094,BR50094
CW470165,CW305511
BM13987,BM13987
AS52643,EH64376
DE230398,DE230398
AN176857,AN176857
EF171386,EF171386
BY595092,BY595092
EF113515,EF113515
CW489163,CW150492
EH884130,EH884130
EF181198,EF181198
DT107296,DT107296
DL196677,DL196677
AX5152,AX5152
CR20102,AL57499
DL196722,DL196722
CW787796,CW787796
CN47729,CN47729
BH157218,BH157218
BY524845,BY524845
CW863797,CW863797
AL88617,AL88617
CW598569,CW598569
CW205179,CW205179
BB76580,BB76580
DL227980,DL227980
DD208833,DD208833
DH47835,DC4232
AL234080,AL234080
BH51443,BH51443
DD130284,DD130284
BR112613,BR112613
DE122428,BL272582
CW964564,CW964564
DL191901,DL191901
BE225955,BE225955
AA10231,AA10231
CC34224,CC34224
AL204378,AL161230
BE48335,BE48335
AW154451,AW154451
DL251293,DL251293
AP41306,AP41306
CJ107451,CJ107451
EH230760,EH230760
AN19742,AN19742
DE104941,DE134532
BE72552,DL47653
AB18417,AB18417
EH694431,EH694431
EP51863,EP51863
BE357599,BE357599
BE293956,BE293956
EH729084,EH729084
BX15119,DL144973
BE287988,BE287988
DL147856,DL147856
CW977987,EF134195
DH28010,DH28010
BE257145,BE257145
CW595075,CW512420
DB166044,DB166044
EL44608,BY168663
BE226967,BE226967
AK76035,AK76035
BH94129,BH94129
BE83962,BE9353
BN526740,BN526740
CW182746,CW442463
BN329837,BN329837
DT118363,DT118363
DB168254,AW146744
AX19101,AX19101
BN334255,BN334255
BL159322,CS20962
AP65725,AP65725
EH1006340,EH1006340
BL153793,BL153793
CW445092,CW318088
DS55550,DS55550
EH642977,EH642977
DH6022,DH6022
DL230911,DL230911
BL252314,BL252314
BD150802,BD150802
EH1205670,EH1205670
DT101226,DT101226
AS83229,AS83229
CW1152404,CW1152404
CW956644,CW956644
AZ15422,AZ15422
DS11038,DS11038
EL37911,EL37911
AY33811,AY33811
BL34005,BL34005
BN396250,BN424806
DR12969,DR12969
BW9982,BW9982
EB67368,EB31264
DZ14187,EM46329
DB144541,DB144541
ED35768,ED35768
AK103652,AK103652
CJ166485,CJ166485
EB47790,EB47790
CT35493,CT35493
BE238013,BE121599
CJ162202,CJ162202
CW1096701,CW1096701
DB167301,DB167301
AL210895,AL210895
AA167561,BH25466
BY670435,BY670435
AL298789,AL298789
CW67376,CW844780
AN117936,CW874605
BE344824,BE344824
DE189630,DE189630
BD127702,BD127702
BL317972,BL317972
BN456800,BN456800
CW500809,CW306622
CC151694,CC151694
CW945523,CW860496
EM98396,EM98396
CW695636,CW695636
EH898172,EH898172
EH1148678,EH322174
AA164908,AA164908
EH653535,EH653535
ED22245,ED22245
DX8356,DX8356
BB74072,BB74072
EH1076372,EH1076372
CZ76902,CZ76902
EH701550,EH701550
BR197515,BR197515
EH1000018,EH1000018
BS6127,BS6127
EB19736,DP32197
EF176263,EF176263
CW1157198,CW1157198
DH62434,DH62434
CW646433,AA89394
CW1291609,CW1291609
DD166139,DD166139
BL478443,BL478443
CC100442,CP10706
DK35031,DK35031
BY660075,BY660075
EH1159597,EH1159597
AM54900,AM54900
EH429178,EH545946
BN111259,BW17856
CG141225,CG141225
CA106250,CA106250
CW1156752,CW1156752
EH968574,EH968574
BE261135,BE261135
BL356483,BL356483
CW894638,CW894638
AW199767,AW199767
DT110670,DT110670
CW139744,CW165994
DB281971,DB281971
BE217377,BE217377
CW127230,CW127230
CW523593,CW523593
EH1180780,EH1180780
EF225746,EF225746
AP49755,AP49755
BD31673,BD31673
BL306414,BL306414
ED48831,ED48831
BE347044,BE139234
CG94383,CG94383
BH54145,BH54145
EN9071,EN9071
BY488113,BY488113
DR138176,DR138176
CJ26154,CJ26154
BC10677,BC28120
EH1133388,EH1133388
EA41708,EA41708
DL150304,DL150304
EH39646,BL408601
DX16036,DX16036
EF13342,EF13342
CJ120282,CJ120282
CW612414,CW612414
DP37847,DP37847
CW976008,CW976008
DE227004,DE227004
CP42029,CP42029
BB86892,BB86892
EL73551,EF158145
AW192713,AW192713
EH566410,EH566410
CW199342,CW36390
DN68891,DN68891
DB289015,DB289015
BP61231,BP61231
CW771568,CW612149
DB269027,DB290671
CW1248128,CW1248128
BE345874,BE345874
AY24469,AY24469
CW143315,CW298578
EH867493,EH867493
EH595123,EH595123
BL288591,BL288591
AD28923,AD28923
CW838820,CW838820
BY8278,BY8278
EH768526,EH768526
DE222509,DE222509
AA164934,CW1173415
CN72531,CN72531
DH57871,DH57871
DL273868,DL273868
CW804086,CW804086
BY524864,BY524864
BY449496,BZ30498
AW88385,AW88385
BD129794,BD129794
EH670703,EH670703
CW811708,CW811708
CW320435,CW320435
AW73340,AW73340
DY39772,DY39772
CW1063498,CW1063498
BL390249,BL390249
BD56616,BD56616
EB72152,EB72152
EH1059608,EH770566
DD151600,DD151600
CR20055,CR20055
DL247251,DL247251
BN485829,BN485829
DB189194,CA14206
CW411086,BL191940
BR178249,BR178249
DT150919,DT150919
AS19548,CA41261
BL361614,BL361614
DB165821,DB165821
EH1031360,EH1031360
CC50506,CC50506
CW781289,CW781289
DL144417,DL144417
BH22540,BH25466
BY670091,BY670091
CG88283,CG88283
DB241301,DB241301
BY231454,BY467760
CW1136958,CW1136958
AA141790,AA141790
ER25553,AL49721
EN51343,EN51343
EM105331,EM105331
CW333090,CW41435
AS12425,AS12425
AW165639,AW165639
BH33101,BH33101
DT134824,DT134824
EP79658,EP79658
DR87893,DR87893
BN214157,BN214157
ER37023,ER37023
BN280979,BN187517
DN122600,DN122600
CC73589,CC73589
CW808910,CW808910
BN263407,BN263407
CW730195,CW552002
CW815455,CW815455
AE21640,AE21640
EN70310,EN70310
EH39646,EH20779
CW117208,CW117208
BE74999,BE74999
EF21112,EF21112
EL53303,EL53303
DN159827,DN159827
EH615176,BY587561
AK43489,AK43489
CT35825,CT35825
EG40882,EG40882
CW450284,CW464254
BL299553,BL299553
CJ24663,CJ24663
AA168912,AA168912
BR128759,BL321555
EH628752,EH628752
DA61190,DA61190
DS93854,DS93854
BL432145,BL432145
CW711969,CW711969
DE245160,DE245160
DS75513,DS75513
EH1213843,EH1213843
DA72546,EP42484
AN63216,AN63216
CW733512,CW733512
EP103820,EP103820
CJ137675,CJ137675
BH178265,BH178265
EH516109,EH923944
EM126110,EM126110
BE263702,BE263702
CW969061,CW969061
BL374636,BL374636
AA160187,AA160187
BA9715,BA9715
DT148225,DT148225
DC4232,CL64780
BY621353,BY621353
BW66328,BW66328
CT44359,CT49809
EH1067458,EH1067458
CS28702,CS28702
DX24529,DX24529
EH602036,EH602036
DT123935,DT123935
BL421187,BL421187
CP44592,CP44592
CW187318,CW1064993
CW1032843,CW419610
EJ6716,EJ6716
DE193054,EH521631
DA90670,DA90670
BZ16547,BZ16547
EH223253,EH223253
DL248874,DL248874
CL60605,CL60605
EH618526,EH618526
BE405541,BE405541
CW950855,CW950855
DT139252,DT139252
CA78715,CA78715
EH332990,EH332990
BL196741,BL196741
BY415865,BY415865
EH832247,EH832247
AA173822,AA173822
BZ22855,BZ22855
BN436212,BN436212
EH639737,EH639737
DL156449,DL156449
CW495502,CW495502
DR12710,DR12710
AL201433,AL201433
BE46017,BE46017
BN493723,BN493723
AW25471,AW17291
AP43721,AP43721
BE400112,BE400112
AL273173,AL273173
AS90564,AS90564
BY361971,BK35536
DS12859,EN26644
CW69379,CW82326
BE178433,BE178433
CW1179249,CW1179249
EH604971,AF25671
BY655151,BY655151
CW571720,CW251972
CG109010,BM47638
EH1271385,EH1271385
EH830902,EH830902
BL507888,BL507888
DT35583,DT35583
CW1140326,CW1173415
EH973722,EH973722
BX20270,BX20270
DT168151,DT168151
BH88469,BH88469
BH156296,BH156296
CH35272,CH35272
CW778355,CW617957
DT42035,DT42035
BL252350,BL252350
EH41737,EH41737
BL376095,BL376095
DT117366,DT117366
EF2084,EF2084
DX4678,DX4678
CW54145,CW166027
BE240790,BE240790
CJ163708,CJ163708
EH830717,EH830717
BN477819,BN477819
CW998396,CW998396
CW168583,CW168583
BE278056,BE278056
DT147460,DT147460
CA135111,CA135111
CP29223,CP29223
CA66987,CG128534
CT32554,CT32554
EH1055754,EH1055754
AK44826,AK44826
AL229910,AL211408
EL54748,BR123783
DB33596,DH72508
AL10348,AL10348
EF131051,EF131051
AB31915,BB70019
CW564569,CW224964
EH1204662,EH1204662
DD185416,DD185416
DE174775,DE174775
BP22335,BP22335
CS3711,CS3711
DT128908,DT128908
DN120081,BY524371
AH13006,AH13006
DB229753,DB229753
BW54596,BW54596
AL304177,AL304177
AY36628,AY36628
BZ32149,BZ32149
AL298037,AL298037
AL336006,AL336006
DE212670,BR98430
EF58327,EF58327
DZ56931,DZ56931
DN125631,DN125631
AN147010,AN147010
DR128801,DR128801
BH100349,BH100349
CJ118579,CJ118579
CA50226,CA50226
CW543117,EH392472
EH1192116,EH1192116
DT159247,DT159247
BL442180,BL442180
BY387137,BY498927
EG38837,EG38837
BN163292,BN163292
CG138348,CG138348
BY564967,BY564967
CW1029241,CW491340
AY25461,AY25461
CW878620,CW600809
CW1123554,AA169583
EF158694,EF158694
BL407255,BL407255
CW408869,CW235407
DC18089,DC18089
DR50865,DR50865
DB279541,DB279541
EH461254,EH461254
EF12680,EF12680
BY710040,BY710040
BN71462,BN71627
EH527544,EH527544
EH1006885,EH1006885
BL143824,CC28222
BR153058,BR153058
CZ85718,CZ85718
ER39045,ER39045
CW189914,CW189914
CB86308,CB86308
AL19440,AL19440
EH940884,EH940884
EH1091592,EH1091592
DG44075,DG44075
AW59214,AW78953
BL389218,BL389218
BY426601,BG33825
AP73946,AP73946
BW43407,BW43407
DD112121,DD112121
CW533228,CW202972
EH736985,EH736985
DL15823,DL243239
CZ96460,CZ96460
EF202857,EF202857
BN496311,BN496311
BY483826,BY395661
BY645433,BY645433
AP14094,AP14094
CA52717,AN119112
BY478579,BY478579
DK43963,DK43963
AB27721,AB27721
BN15574,BN51456
CW617111,CW617111
EF118760,EF118760
EH682580,EH511472
BE348078,BE348078
EM97131,EM97131
AL239384,AL239384
CW837212,CW1104648
EB51166,EB51166
DE89778,DE89778
CJ198795,CJ198795
CW134940,CW739554
CW820932,CW820932
BE296650,BE305214
CG167067,CG66410
CA96508,CA96508
CW241775,CW426920
DX49699,DX49699
CW822020,DT146679
EM110607,EM110607
AW13799,AW13799
BN468064,BN468064
EF82243,EF82243
BE246042,BE246042
EH805895,EH923944
DB295135,DB295135
BE411194,BE411194
DE230128,DE230128
EH163241,EH1285537
EF154182,EF154182
EH1157973,EH1157973
EH673799,EH673799
CW830085,CW830085
BY601697,BY601697
CW710331,CW710331
BL432892,BL432892
ED41478,ED41478
BL445493,BL445493
BZ53502,BZ53502
DZ9347,DZ9347
EP88060,EP88060
CW119476,CW119476
EF188891,EF188891
EH831579,EH831579
CG131494,CG131494
CW232723,CW232723
CW985045,CW985045
CE3744,CE3744
CW1283805,EF200326
BP51846,BP51846
DT123833,DT123833
BN57658,BN258188
BE331459,BE331459
CB68532,CB68532
CW59531,CW59531
CJ189774,CJ189774
BE332195,BE261135
DD32122,DD32122
DR82311,DR82311
DT32774,DT32774
DS38428,DS38428
CW468243,CW323165
DE198872,DE198872
AS4131,AS4131
DY35135,DY35135
EH910749,EH910749
CW529964,CW529964
CW1043424,CW1043424
DB168155,DB168155
BH130365,BH130365
DL208726,DL208726
EH364644,EH364644
CW384617,CW384617
BE229506,BE229506
DY32306,DY32306
EH1127216,EH1127216
CJ136507,CJ136507
EH995975,EH995975
BD101015,BD101015
AW194750,AW194750
BF28447,BF28447
EM126412,EM126412
CW916648,CW916648
CW1208313,CW1208313
CW871486,CW871486
DN39705,CC35074
BN152808,BN152808
BN408280,BN408280
AR12849,AR12849
CH44244,CH44244
EH860481,EH860481
BZ21323,BZ21323
AN119112,AN119112
AL162777,AL162777
BL154287,BL154287
DT32942,DT32942
CW438208,CW489062
EH662029,EH662029
DB75458,DB75458
DB221157,DB221157
CW802683,CW802683
EH596565,EH204661
AN163165,BL237630
BP11014,BP11014
BY149816,BY149816
DR6604,DR6604
CM52189,CM52189
AK80097,AK80097
BH14742,BH14742
EH879542,DF17575
DB257390,DB257390
EF23478,EF23478
EH894491,EH894491
DD168454,DD168454
EM74602,EM74602
BW10177,EK9597
EF163745,EF163745
BN479437,BN479437
BE323978,BE323978
EL64536,EL64536
DR41419,DR41419
EH988966,EH988966
CW788279,CW788279
AW147500,AW147500
EF185081,EF185081
AY26800,AY26800
BE83962,BE83962
EH824837,EH824837
DL209376,DL209376
BE392575,BE392575
EH143496,EH143496
CL32594,CL32594
CW829803,CW829803
AL95146,AL95146
BM28729,BM28729
CW636628,AN60931
CW1032843,CW857201
AX41630,AX41630
BL402014,BL402014
CW529579,CW529579
EH423785,EH247316
DK25696,DK25696
BL415973,BL415973
BE358408,BE358408
DR111443,DR111443
DP8259,BM26019
CJ92564,CJ92564
AA140223,AA140223
CW147492,CW147492
CN101291,CN101291
EB72553,EB72553
AL132993,AL132993
BE97493,BE97493
CW875536,CW1156544
BE372613,BE372613
AK142644,AK142644
AL195684,AL195684
CW741011,CW741011
CM64964,CM64964
DB51142,DB51142
BE305291,BE182875
BP57604,BP57604
BE297995,BE297995
BL36465,BL64344
EH839861,EH839861
BN476704,BN476704
BY617521,BY617521
DC4232,DC4232
BY531670,BY531670
CW314516,CW314516
EF247128,EF247128
DG38210,DG38210
BL414719,BL414719
AK9859,AK9859
DN131770,DN131770
BD58746,BD19630
DJ11656,DJ11656
CW1131585,CW1131585
BE44227,BE97236
BM60400,BM60400
AK52336,AK52336
BE34794,BE38342
EH59002,EH59002
BY648103,BY648103
AB36540,AB36540
EP89408,EP89408
DG46450,DG46450
CW121117,CW121117
BY729340,BY729340
BN432616,BN424806
CC146522,CC146522
CW683739,CW683739
BN454017,BN454017
EF4409,EF4409
BN471365,BN471365
BR192583,CZ121627
DT29302,DT29302
CW883824,CW883824
DR97194,CG49989
CG130383,CG130383
AS76334,AS76334
EH392545,AG20450
AL59603,AL59603
DS73864,BR106680
CW763352,CW763352
CG130893,CG130893
EH1186168,EH396937
DR26401,DR26401
CW340955,CW340955
EH1081496,EH1081496
DR56727,DR56727
DP41228,DP41228
AT29886,AT29886
EH615176,AY28392
BL159115,BL159115
BB90582,AS87476
BY302486,BY302486
DB289254,BE372452
DN55281,DN55281
CW1082495,CW1082495
AL273024,AL273024
EH884181,EH884181
BW56481,BP29977
AN144890,AN144890
DE289947,DE289947
EH200940,EH200940
BL216838,BL216838
BL440109,BL440109
CW204632,BR200670
CP31864,CP31864
AS62038,AS62038
DD12284,DD12284
EH439453,EH643766
CW297866,CW168583
CW97493,CW79568
DB6009,DB70059
BH153261,BH153261
CW627281,CW627281
BE279844,BE279844
BL345396,BL345396
BY672187,BY672187
AX39858,AX39858
AD17849,CJ117585
CH44462,CH44462
DZ24746,BH22535
BX20644,BX20644
BH87695,BH87695
CR11346,CR11346
CD6047,EH339180
BL357989,BL357989
AX36314,AX36314
BY509583,BY528017
DT119452,DT119452
AS55316,AS55316
BY598352,BY598352
EH921517,EH921517
DF17575,DF17575
BN552501,BN552501
DD174815,DD174815
AM81665,AM81665
BN341161,BN341161
BE240268,BE118145
DB291435,DB291435
EH1196934,EH1196934
DB184224,DH21545
AW166090,AW166090
BK34213,BK34213
EH136282,EH136282
EH550264,EH550264
DB309572,DB309572
EH888911,EH888911
EH792902,EH792902
BH87369,BH87369
BR188127,BR188127
DB272312,DB272312
EM134783,EM134783
EH834553,EH834553
BL196608,BL196608
EH779419,EH779419
BL373053,BL373053
CD26264,CD26264
CW1036234,CW1036234
AL243645,AL243645
CG146349,CG146349
BY373485,BY559697
AL47372,AL47372
CC100071,CC100071
BL117656,BL117656
DD75404,DD75404
CF3800,CF3800
DF14541,AL126524
CN12743,CN12743
AN20427,AN20427
BE319305,BE319305
BM41128,BM41128
EH1011347,EH1011347
DB187934,DB187934
EM90227,EM90227
BK23250,BK23250
CW1200827,CW1200827
DA97077,DA97077
EH1017705,EH1017705
DB167742,DB221148
CE36487,CE36487
CW164065,CW351571
CW551054,CE21066
DR80441,DR80441
EH332571,EH517576
CW398832,CW1081637
BE128603,BE128603
BP39837,BP39837
CW1139705,CW1139705
DA11016,DA11016
CW551054,CW551054
BE213009,BE378752
DT152896,DT152896
DP34115,DP34115
BL275591,BL275591
CH29565,CH29565
DE214329,DE214329
CW1046784,CW1071655
BH54931,BN364847
BH168654,BH168654
CW646693,CW471414
AN159237,AN159237
BN49371,BN49371
EH302590,EH363610
DE236716,DE236716
AN150940,AN150940
BY596099,BY596099
EH815719,EH815719
EH695112,EH695112
BR17640,BR17640
AM78024,AM78024
AL3949,AL3949
CG108002,CG108002
DR103974,DR80479
CA14548,CA14548
CW931443,CW931443
EH1113665,EH1113665
BE407638,BE407638
BN327940,BN327940
EH847378,EH847378
EM98385,EM98385
BL425314,BL425314
DE249180,AH21628
BN435215,BN435215
CW1009042,CW1343123
CM22535,CM22535
CW1161543,CW1161543
EH997380,EH997380
AW182592,AW182592
AM15267,AM15267
EM91276,EM91276
BL510307,BL510307
CW686567,CW686567
CW734826,CW1262731
BY181699,BY181699
EH1130636,EH1130636
CW334490,CW334490
CW836487,CW169923
AW31938,AW31938
AL9519,AL9519
BJ15163,BJ15163
EH490984,EH490984
EF143189,EF143189
EH860086,EH860086
CW84798,CW838567
DY28736,DY28736
CJ80204,BR217292
CW45914,CG164956
CY28900,CY28900
AW151391,AW151391
BJ38256,BJ38256
EH970762,EH970762
AN133544,AN133544
CJ123243,CJ123243
EH1124041,EH1124041
BL389486,BL389486
BN312609,BN312609
BY160247,BY160247
EH1232729,EH1232729
CW1156914,CW810169
BE424241,BE424241
AL59058,AL89257
BE203581,BE203581
DZ42412,DZ42412
BH152139,BH152139
DB246196,DB246196
BN407584,BN407584
CW65710,CW65710
BH120280,BH120280
CZ79316,CZ79316
BN365671,BN365671
EF186570,EF186570
BR171011,BR171011
DB167742,DB167742
CW1030044,CW1030044
CW85577,CW85577
CW772216,CW772216
EH996855,EH996855
CW960403,CW960403
BE143317,BE143317
DS103906,DS103906
EM89795,BY532349
AG35360,AG35360
BR214582,BR214582
BC8574,BC8574
EH1182816,EH1182816
BN238638,BN193558
EH814553,EH814553
BD100409,AM52583
AL141191,AL141191
BY292137,BY292137
BY410402,BN291779
AK106297,AK106297
EH767413,EH767413
CW932393,CW932393
EF134918,EF134918
BN417159,BN137795
DB272066,DB272066
BD139715,BD139715
CW1035662,CW1035662
CW841524,CW841524
CH41026,CH41026
CW76821,CW76821
DR72261,DR72261
DE230667,DE230667
DH39413,DH39413
DD52845,DD52845
AA115093,AA115093
CW601080,CW601080
CW1003662,CW1281189
BR188470,BR188470
BN462298,BY621353
CW360634,CW360634
CW384196,CW663129
EH1024276,EH1024276
CN86061,CN86061
CW1041608,CW1041608
BE116784,BE116784
EH909205,EH909205
BR82052,BR82052
BN169769,BN169769
BN400372,BN400372
AL298300,CT48899
DR144715,DR144715
AL150808,AL150808
BE72140,BE156138
EH560726,EH560726
DZ20445,DZ20445
EH866338,EH866338
EJ11712,EJ11712
DE318867,CA99066
DD115812,DD115812
CW1044320,CW1203600
CB67896,CB67896
AN149755,AN149755
BA7953,BA7953
CB67822,CB67822
DL163921,DL163921
EH710139,EH710139
CW846197,CW846197
DB55499,DB55499
CC33662,CC33662
EM131969,EM131969
AX65621,AX65621
BW60362,BW60362
CW1166519,CW377484
CW760809,CW760809
BH117502,BH117502
CW659838,CW659838
AW117836,AW117836
DT136361,DT136361
EH717617,EH717617
CW498346,EH843869
DN105845,DN105845
EH493562,EH493562
EH571393,EH571393
CJ69804,CJ69804
EH792781,EH792781
BY128892,BY128892
AM75899,AM75899
DH48243,DD39293
EH894359,EH894359
CJ144816,CJ144816
DD48247,DD48247
EH1183827,EH1183827
AK64962,AK64962
EH924796,EH924796
EH1129948,EH1129948
BE356191,BE356191
CW885541,CW885541
BY497391,BY497391
EH371075,EH379319
EH1054511,EH1054511
DF16706,DF16706
EH1096116,EH1096116
AS62796,AS62796
EH360931,EH360931
EH985577,EH985577
AR4660,AR4660
BR107935,BR107935
AG11788,AG11788
DT166565,DT149046
CH36563,AL173589
CJ82061,CJ82061
EH41064,BK10717
BY424841,BY359114
DP3250,DP3250
CE55285,CE55285
CW971677,CW971677
BL202597,BL202597
DR37210,DR37210
CW1109744,CW1109744
BG6201,BG6201
DH58307,DL76801
BL325058,BL325058
CC101148,CC101148
DX50321,DX50321
CW145651,CW378222
EH173623,EH173623
BB93378,BB93378
BR8783,BR8783
BB66407,BB66407
BR64768,BR136678
CW1093344,CW1093344
DL198697,DL198697
CW1317769,CW1317769
CW158984,CW158984
AM41631,AM41631
BL511619,BL511619
DL242027,DL242027
BW45817,BW45817
AG38030,AG38030
CW808452,CW808452
EH225065,EH225065
AG47512,AG47512
CW827821,CW827821
AK124076,AK124076
EH1076626,EH1076626
DB89630,DB89630
AN138457,AN138457
BB55638,BB72493
CW89197,CW89197
BD133969,BD133969
EH681219,EH681219
DE220418,DE220418
EH828406,EH828406
CE41677,CE41677
AN230245,AN230245
CW378693,CW340776
BR128428,EH763624
AN149015,AN149015
BN451653,BN451653
DB186689,DB186689
BE362841,BE362841
AA207456,AA207456
CW129463,CW453291
EL97747,EL97747
BL281242,AW150647
AL236847,AL236847
AY31330,AY31330
CW103980,CW310216
CW1172527,CW1172527
DB9462,DB9462
CW671990,CW671990
CW860607,CW860607
AA133612,AA133612
EH864691,EH864691
DD96629,DD96629
EH411601,EH411601
DB287442,DB287442
EH222773,EH222773
CW432350,CW432350
EF14460,EF14460
DE274634,DE274634
DR112666,DR71170
BE359751,EH824305
BH78663,BH78663
AL168201,AL168201
EH781500,EH781500
CJ21727,CJ21727
CF7338,CF7338
DZ59217,DZ59217
BM12975,BM12975
EM118798,EM118798
EH1076508,EH1076508
CW715279,CW715279
EF183304,EF183304
BE429682,BE429682
EF186740,EF186740
DE254031,DE254031
DE186057,DE186057
AK40448,AK40448
EH409832,BN291779
AN155596,AN155596
DE297919,DE297919
AW151071,AW151071
AW179598,AW179598
DL194974,DL194974
BY636820,BY636820
EH820028,EH820028
DZ25589,DZ25589
EH825965,EH825965
BN496130,BN496130
EF163638,EF163638
AK110749,AK110749
CL55565,BY631711
EH967975,EH967975
CW394441,CW373482
EH897325,EH897325
DL273155,DL273155
EN30242,EN30242
EH794859,EH794859
AL117467,AL178105
EH1025910,EH1025910
BE29612,BE29612
BL421950,BL421950
BL88099,BL88099
BE68604,BE68604
BN421649,BN443645
CW58319,CW58319
CL45452,CL45452
EH520249,EH520249
DD59518,DD59518
AL59263,AL106772
DN111991,DN111991
BL423292,BL423292
BM16681,BM16681
AB5670,AB5670
BY538632,BY538632
CN83873,CN83873
DS55398,DS55398
DB263927,DB263927
CW661767,CW1332591
BD142297,BD142297
CT34358,CT34358
EH905393,EH1161314
EL48212,EL48212
CZ70506,CZ70506
DR24824,DR24824
BX22876,BX22876
DN106232,DN106232
BY650401,BY650401
AL272914,AL272914
DY10425,DY10425
CW666994,CW666994
EH981233,EH981233
BH57030,EH199707
BL427505,BL427505
DB222002,DB222002
EH1145909,EH1145909
DN22556,EH195566
BY477183,BY477183
BL406735,BL406735
EH729943,EH729943
BR127836,AL12109
CW469815,CW566920
CC26737,CC26737
BL447257,BL447257
BR192799,BR192799
CW537925,CW1372055
AL303354,AL303354
BN344500,BN344500
BZ55370,BZ55370
EH1075800,EH1075800
AA154332,AA154332
CW121344,CW321891
EH1251878,EH1251878
EM31722,EM31722
CW440245,CW440245
CW856584,CW856584
EH956576,EH956576
DR55302,DR55302
EF57739,EF57739
AA199058,AA199058
BN302733,BN302733
DB166343,DB166343
DE322127,DE322127
BH29524,BH29524
EP23069,EP23069
AS96646,AS96646
DT132832,DT132832
EC21516,EC21516
CW958344,CW958344
AM27154,AM27154
EH523310,EH523310
BY635864,BY635864
BY369175,BY369175
DX53253,DX53253
BH123451,AS59257
EA31079,EA31079
CW554009,CW554009
CW83302,CW83302
CA20610,CA20610
CJ5768,CJ5768
EH820086,EH820086
EH79401,EH79401
AA85510,AA137238
DB221068,DB221068
EH11155,EH11155
DD192810,DD192810
CH40009,CH40009
EH323925,EH323925
BZ28717,BZ28717
BC58554,CW1173415
EH872452,EH872452
BW48386,BW48386
AP18226,AP18226
BB105478,BB105478
AA193972,AA193972
EH1318814,EH1318814
BZ36404,BZ36404
EH314394,EH314394
BY739476,BY739476
CW431406,CW1123825
DE228744,DE191604
AN106361,AN106361
BL454782,BL454782
EH892820,DN83273
AL36311,AL36311
EH903175,EH903175
CW236300,CW911796
CW790551,CW790551
CW972453,CW972453
EH1229189,EH1229189
EH406610,EH406610
BR183136,BR183136
CW832834,CW237662
BY471169,BY471169
EH1143373,EH1143373
DE296650,DE296650
AL86044,BR43985
AN77823,EF64432
BL517432,BL517432
DL163300,DL163300
CW196506,CW196506
CW763749,CW664663
CW961551,CW961551
AF11193,AF11193
BZ66793,BZ66793
EH783702,EH783702
AE19213,AE19213
BE85598,BE85598
DX13417,DX13417
DB179405,DB179405
DR57497,DR101459
CW813382,CW813382
AW168303,AW168303
CW1057101,CW1057101
EH1318377,EH1318377
EH644990,EH644990
DP42527,DP42527
EF126775,EF126775
EH1138041,CP50046
DE213703,DE213703
AP40325,AP58802
CW884353,CW553195
EH834895,EH834895
CW372578,CW888196
EH630246,EH630246
BE357149,BE357149
BP20041,BP20041
AA165504,AA165504
DD154790,DD154790
EL58222,EL58222
CW845761,CW845761
AL210309,AL210309
CW54860,CW54860
AK105209,AK105209
AK3349,AK3349
AK56531,AK56531
BG19167,BG19167
AN64436,AN64436
EH756173,EH756173
DR117568,DR117568
DS102387,EH949350
DA32860,DA32860
AK78007,AK18150
BE67568,BE94607
DN6896,DN6896
EM129999,EM129999
EH906320,EH906761
AZ10275,AZ10275
DE260057,BY60359
BW48112,DN108345
CW813291,CW813291
CW1159478,CW1159478
CS24892,CS24892
CW485557,CW798930
BL68843,BL68843
CS10500,CS10500
BE435077,BE435077
BN459103,BN459103
AN164113,AN164113
EN58144,EN58144
DD72012,DD72012
BR222210,BR222210
CW54353,CW54353
AA164797,AA164797
BN380350,BN380350
EH492688,EH241258
CW189258,CW189258
CW866542,CW860522
AL250682,AL250682
EH884706,EH884706
CW1151078,CW907725
BE361646,BE366426
EM63582,EM63582
BE267512,BE267512
BE149924,BE149924
BL403116,BL403116
BG28767,BG28767
DE269171,DE279683
DL174471,DL174471
CW939938,CW939938
DY20143,DY20143
BE152140,BE152140
EF183804,EF183804
CW904996,CW904996
AL115061,AE6759
AN177018,AN177018
EH775478,DE315733
EH1138041,DT95445
CW904309,CW904309
CW215281,CW346125
CZ17593,CZ17593
DB191779,DB191779
BE248679,BE248679
AW195847,AW195847
EH924211,EH924211
DR144972,DR144972
EN54618,EN54618
CN54681,CN54681
EB54422,EB54422
BY553935,BY553935
EH876846,EH409317
CW529112,CW414063
CW520110,CW520110
BR105460,BR105460
AL109533,AL109533
EC13641,EC13641
CW624334,CW624334
CM60235,CM60235
DL209736,DL114868
BF12921,BF12921
CW1013033,CW884281
EH182021,EH401455
EH866199,EH866199
EH1072285,EH1072285
DT82275,DT82275
DB75556,DB75556
AM99013,AM99013
BY552733,BY552733
CW166027,CW145651
CW1065027,CW1065027
AN137864,AN137864
DB115427,DB115427
BE278914,BE278914
DE229793,DE229793
AM89296,AM89296
CJ127663,CJ127663
BL223310,BL223310
EH702936,EH702936
EH1292859,EH1292859
BY365893,BY365893
CJ112071,CJ112071
EH892404,EH892404
CJ139338,DL127714
BE379964,BE379964
DL208529,DL208529
DE227967,DE227967
EH666395,EH1312115
AX26121,AX26121
EH601338,BN267064
BL421822,BL421822
CW1026494,AA169583
DE282257,DE282257
CS21633,CS21633
CW773850,CW773850
DH13501,BE372971
EH828209,EH828209
AK53044,AK53044
CW151254,CW151254
DB202618,DB202618
AL186223,AL186223
CW1127474,CW949907
AN154170,AN154170
EH1189984,EH1189984
DB249411,DB249411
CW201939,CW1035476
BL39451,BL39451
DE106757,DE106757
AS59729,AS59729
EN6891,EN6891
BY242447,BY242447
CW805792,CW805792
BB75093,BB75093
AG24082,AG24082
EF194819,EF194819
CW756860,CW756860
EH321861,BL182975
AN103529,AN103529
DE127515,DE127515
BM27568,BM27568
CW28009,CW28009
DW11710,DW11710
CW878620,CW727470
EH199707,EH199707
DS102387,BY327808
EF134195,CZ76360
BR49865,BR49865
AL199838,AL199838
BY576079,BY576079
DR102054,DR102054
CW1028586,CW720217
DX44749,DX44749
CG23368,CG23368
BA11795,BA11795
CW664198,CW664198
BY637449,BY637449
BN317680,EF27918
DB232031,DB232031
EH983250,EH983250
BE193301,BE193301
DG30675,DG30675
DB292979,DB292979
BH41494,BH41494
EH911865,EH911865
DB276863,DB276863
CT8713,CT8713
BN387995,BN387995
AL166289,AL166289
BY436112,BY436112
DD137368,DD137368
EF67420,EF67420
CW920021,CW750432
DP10176,DP10176
AL191266,AL25826
EF84190,EF84190
CW1036810,CW1036810
DR49650,DR49650
EH606235,EH476071
CW1285682,CW699272
CD8338,CD8338
AL243259,AL243259
BM27891,BM27891
EH231027,EH231027
DH46278,DH46278
BY300095,BY300095
CW865783,CW865783
CW942171,CW942171
AS70843,AS70843
DE205099,DE205099
CW496738,AN98838
EH440554,EH440554
DT93579,DT93579
BM72956,BM72956
DL183366,DL183366
EH1124694,EH1124694
BY328516,BY328516
CJ137665,CJ137665
BE19135,BE62423
CW990291,CW990291
CW476342,CW476342
CW450284,AM85326
EF225089,EF225089
EF86306,EF86306
CW128656,CW128656
BB49370,BB49370
EH1104198,EH1104198
CA106152,CA106152
EF155411,EF155411
CB14417,CB14417
EH616723,BR98430
AW151111,AW151111
EH616161,EH560280
BE239011,BE239011
AX62536,AX62536
CG163297,BL109811
BL355394,BL355394
DT52507,AA102710
BK27326,BK27326
BE379403,BE379403
DX43017,DX43017
AJ19593,EN59905
AL75839,AL75839
DL221474,DL221474
AW202987,AW202987
DD115351,DD115351
AL238942,AL238942
BN117195,BN117195
DR41801,DR41801
BL27959,BL27959
CW486815,CW486815
EF153583,AL345905
DD126433,DD126433
BZ7929,BZ7929
DL157680,DL157680
CL5979,CL5979
CM17086,CM17086
EM89446,EM89446
DL169335,DL169335
DE142324,DE142324
EH221953,EH221953
AA25329,AA25329
CW345532,DZ53162
AL10908,AL10908
EM122128,EM122128
DS88589,DS88589
EF205391,EF205391
DG47585,DG47585
BH42977,BH42977
BY683698,AK124703
BN357860,BN357860
DY4668,DY4668
EF154152,EF154152
EH1048985,EH747424
CG49431,CG49431
AL225585,AL225585
EL56094,EH1232784
DL202138,DX63302
BR234700,BR234700
CH49931,CH49931
CW828450,CW828450
CG25627,CG25627
EM116593,EM116593
CE46682,CE46682
CM45005,CM45005
DB211346,DB211346
DX6454,DX6454
DT128225,DL193666
EH1200711,EH1200711
BY507008,BY439834
CJ24820,CJ24820
DA38541,DA38541
DP8259,EH321357
CW746134,CW659766
ED26066,ED26066
EH567657,EH782891
CJ152535,CJ152535
CW986388,CW861212
DS102387,CA73956
EH818376,EH818376
DS96136,DS96136
EP23672,BL120732
CW794172,CW794172
AB32234,AB32234
AS54574,AS54574
EH743714,EH230673
BE134012,BE134012
CZ68790,CZ68790
BH61409,BH61409
BY676457,BY676457
CW71911,CW71911
BH119063,BH131746
AP85597,AP85597
BN322456,BN322456
CW930606,CW930606
BY663991,BY663991
EH74742,EH74742
EH991607,EH991607
EH1185277,EH1185277
CJ12277,CJ12277
AN88622,AN88622
CW932001,CW932001
BN463380,BN463380
AW145883,AW145883
BN136067,BN136067
BN490716,BN490716
AL51743,AL51743
CW470235,CW470235
BL406382,BL406382
AS12397,EH321357
BN323642,BN323642
CW164039,CW164039
AJ25658,AJ25658
EH985954,EH985954
BE372335,BE372335
DP41128,DP41128
BN52163,BN52163
AL239268,AL239268
CW846962,CW846962
CG72662,CB82313
AE32330,AE32330
DY28115,DY28115
CJ116563,CJ116563
BJ35165,BJ35165
CW470795,CW430951
DA77756,DA77756
BY569603,BY569603
EF163405,EF163405
DR60168,DR60168
EH1059544,EH1059544
DE271031,DE271031
AK155189,AK155189
EH921786,EH921786
BN405204,BN405204
BL259471,BL259471
EH782966,EH782966
CW884281,CW884281
CW64304,CW64304
CW274234,CW274234
BN407483,BN407483
CW756739,CW756739
DB289578,DB289578
DA39681,DA39681
EH618592,EH618592
DD71502,DD71502
BP68454,BP68454
BL51617,BL52658
AZ14924,AZ14924
DL207825,DL207825
DT126813,DT126813
BE116310,DS76905
EG14211,EG14211
BN305682,BN305682
BM46188,BM46188
BJ7458,BJ7458
BE27342,BE27342
AT29741,AT29741
DS98974,DS98974
BN285393,BN285393
AK78644,AK78644
BH92698,BH92698
AA89462,AA89462
CW1004838,CW1004838
DT16410,DT16410
BL265179,BL265179
AT13144,AT13144
CW894866,CW894866
DB233148,DB233148
CA90184,BZ35508
EH890040,EH890040
DN81101,DN81101
EH586935,EH586935
AA193422,EH567198
BZ12605,BZ12605
DP52130,DP52130
AN83298,AN83298
AN132184,AN132184
AM8011,BX12753
CN84438,CN84438
EF181776,EF181776
CW575877,CW575877
BN407026,BN407026
CC110917,CC110917
AM54918,AM54918
AF27631,BB16611
BH143739,BH143739
BL533649,BL533649
BR99800,BR99800
BL379223,BL379223
CW880068,CW512285
BD146562,BD146562
CW501756,CW501756
AW142074,AW96921
DB205429,DB205429
CW1195105,CW1195105
DB274090,DB274090
CW143315,CW27432
AT2752,AT2752
EH666979,EH666979
EH1202264,DE270390
BN384455,BN384455
EH685038,EH685038
EH1125782,EH1125782
BY511081,BY511081
BY507003,BY507003
BL374339,BL374339
CW115523,CW115523
DS107356,DS107356
AL99125,AL99125
DH63738,DH63738
CW97826,CW1074242
CW866443,CW866443
CJ7405,CJ7405
CW902451,CW902451
AL264840,AL264840
AA149796,AA149796
CW627070,CW627070
AN143441,AN143441
EH43540,EH130440
BY181699,BY170556
EH1178357,EH1178357
DW56527,DW56527
CW862992,CW930929
AA131457,AA131457
BY619535,BY619535
CW546069,CW596484
CW968576,CW968576
EH702260,EH702260
CW574547,CW574547
EF205392,EF205392
CW996110,CW996110
CW1064845,CW1064845
CG128293,CG128293
DR129474,DR129474
CJ85254,CJ85254
BE433433,BE433433
DT19668,DT19668
BM67306,BM67306
DB185226,DB317215
DR109510,DR109510
AL253449,AL253449
DN128809,DN128809
AG56215,AG56215
DL195524,DL195524
CW497316,CW497316
BN9703,BN9715
CG128036,CG128036
CW966062,CW308254
EH1058050,BY23587
DR70173,DR70173
CA52494,CA52494
CW148569,CW148569
BY526660,BY526660
BN400613,BN400613
EH812295,EH812295
DR101264,DR101264
DX57426,DX57426
DZ53093,DZ53093
EM80522,EM80522
AX71087,AX71087
DZ18342,DZ18342
BY70618,BY241582
BL479049,BL479049
BM15337,BM15337
BN436548,BN436548
EH1318975,EH1318975
AS64497,AS64497
CC114230,CC114230
CW166027,CW378222
AA141127,AA141127
EH861997,DN146847
AK16102,DL105533
BY398312,BY398312
DR15756,DR15756
CC44141,CC44141
AN94753,AN94753
EH477725,EH477725
DD93483,DD93483
CL54456,CL54456
AA207501,DN90936
BR165580,BR165580
EH448748,EH448748
AA191106,AA191106
DR97454,DR97454
EH1032892,EH247316
CW639155,BH22535
CW1032337,CW1032337
AN175882,AN175882
CW922288,CW922288
DH47835,CL64780
BD139951,BD139951
CC129505,CC129505
DL254223,DE253483
DL188640,DL188640
CW142326,CW316469
CW717772,CW717772
EF195414,EF195414
AN120534,AN120534
DB170043,DB170043
BH147315,BH147315
CN60786,BL74262
DY9377,DY9377
AW178716,AW178716
CW614481,CW614481
BR138901,BR138901
EH673799,EH949350
BL353288,BL353288
CX19216,CX19216
BL202187,BL202187
CJ136339,CJ136339
CW34477,CW34477
CW70628,CW649843
CX4501,CX4501
EF2903,EF2903
BR162090,BR162090
AZ13019,AZ13019
BC52995,AZ20361
AW122139,AW122139
CG28821,CG28821
BD137996,BD137996
CW1054305,CW1054305
EH576095,EH576095
DD84312,DD84312
EH1092126,EH1092126
DR69070,DR69070
BE201156,BE201156
EH618006,EH402019
EH332005,EH332005
AP16925,AP16925
CW1017523,CW778653
CE35351,CE35351
CW841954,CW841954
ES3185,ES3185
CW1085749,CW1085749
EH691515,BY530034
CE58895,CE58895
CW707895,CW821279
CW537329,CW537329
DD24460,DD24460
AS6000,AS6000
BR156444,BR156444
AJ46425,BK56383
BY446083,EN61229
BP73165,BP73165
BC63693,BC63693
DR71672,DE227142
BN413667,BN413667
BY522296,BY522296
BL448035,BL448035
AA100490,DL76801
BN304755,CM53750
CW37792,CW37792
CW1299134,CW1299134
CL17147,CL17147
BY488657,BY488657
CW1148793,CW1148793
DN137363,DN137363
BE158870,BE158870
AN74233,AN74233
DB102185,DB102185
CJ40021,CJ40021
DL173280,DL173280
BY654132,BY654132
CB75635,CB75635
BZ7472,BZ7472
BZ8152,BZ8152
CW669824,CW669824
AN98394,AN98394
DB67684,DB43785
EH763355,EH763355
BE337354,BE337354
BN367562,BN367562
EH1253852,EH1253852
AN83162,AN76170
ES27975,ES27975
BX22082,BX22082
CW182501,CW182501
AL334782,AL334782
CJ146023,CJ146023
CW510914,CW76878
EP82934,EP82934
AX54851,AX54851
CW321135,CW1256069
CW794474,CW1043592
EH770238,EH770238
BE319916,BE319916
CW1017568,CW1017568
DD153426,DD153426
BD12394,BD12394
CW975147,CW975147
BY662048,BY662048
CL52753,CL52753
DT151386,DT151386
AH3995,AH3995
CP43619,CP43619
BY363947,BY363947
DR14043,DR14043
DS32284,DS32284
EH600695,EH600695
BR127927,BR127927
EN60542,EN60542
DB135911,DB135911
AL227967,AL227967
CW1075346,CW150492
AX26486,AX26486
EH828548,EH828548
CW460797,CW232303
AM66752,AL173589
BD132174,BD132174
DD65015,CH20461
BC57375,BC57375
EH1072409,EH1072409
BL80558,BL80558
CW873126,CW873126
BL411291,BL411291
EH706091,EH706091
EH1223040,EH1223040
AX59678,AX59678
BA11261,BA11261
EM31468,EM31468
EH717617,EH356438
EF138191,EF138191
CJ148044,DX47734
BZ52045,BZ52045
DT101961,DT101961
BL444672,BL444672
CL53302,CL53302
CW141860,CW82326
AN198946,AN198946
BH102531,BH102531
BZ28956,BZ66986
AN152554,AN152554
DD136187,DD122004
CW760628,CW760628
CW389735,CW389735
BE415302,BE415302
DD90941,DD26125
BB87956,BB87956
DL232376,DL232376
AL248450,AL248450
ED45623,ED45623
EG41323,EG41323
CN72222,CN72222
CW727470,CW975285
EH289014,EH130659
CW811046,CW811046
CR9254,CR9254
EF104121,CR17921
CT43173,CT43173
DL186082,DL186082
EH333852,EH333852
BE318342,BE318342
AN94015,AN94015
EL83582,EL83582
AP9064,AP9064
AL275285,AL275285
CD22419,CT16150
DK35402,DK35402
EH770962,EH770962
EH933823,EH933823
BA14317,EH626574
EH1205087,EH1205087
DT107215,DT107215
EH830282,EH830282
BJ28956,BJ28956
EH667133,EH667133
EF155394,EF155394
DE321245,DE321245
CW988886,CW988886
BE11804,BE11804
AN69756,AN69756
AW67415,AW56642
BB114452,BB114452
DD130659,DD130659
EM8429,EM8429
DA87354,DE127114
AW197334,AW197334
BL364241,BL298092
EH832949,EH832949
CW1130534,CW1130534
BB50391,BB50391
EH1194614,EH1194614
AK23090,AK23090
CW640139,CW640139
AS78733,AS78733
AL195843,AL195843
EH1061175,EH1061175
AW189137,AW189137
DR31514,DR31514
CW1126695,CW1126695
CW962713,CW962137
EB41240,EB41240
DZ55636,DZ55636
CW366848,CW366848
AY42114,AY42114
CW574027,CW574027
DW37834,DW37834
DN146302,DN146302
CW993813,CW445125
CW157793,CW1349982
BL415335,BL415335
DE237250,DE237250
DR50491,DR50491
AA60261,EH342552
AW163349,AW163349
BE331556,BE331556
CW298266,CW298266
CC9046,CC9046
EH789588,EH789588
CW911369,CW911369
BY664830,BY664830
AB2049,AB2049
BZ44680,BZ44680
DS107218,DS107218
EF23899,EF23899
BE407026,BE407026
DA84564,DA84564
AS65227,AS65227
CW933116,CW933116
BZ44685,BZ44685
BL131813,DE206029
CW15106,CW15106
BN247369,BN247369
DR38316,BL325645
DB318261,DB318261
DL100682,DL100682
DL186758,DL186758
EH552419,EH552419
AK106482,EH764148
DN113587,DN113587
EF206961,EF206961
EF115036,EF115036
EJ15414,EJ15414
CW197324,CW197324
BY637047,BY637047
EH671841,EH392472
AN156084,AN156084
BY496463,BY496463
AA162891,AA162891
BE355944,BE355944
EF206915,EF206915
EH860310,EH860310
BR128168,BH117538
CW242938,CW421399
EH52897,EH64376
DL165186,DL165186
BL507408,BL507408
CW505720,CW505720
CJ126125,CJ126125
BH112017,BH112017
DK25597,DK25597
DP42763,AK169767
BE346334,BE346334
EH66284,EH311536
AW197920,AW60491
AN71328,AN71328
EH1115074,EH1115074
DL193636,DL193636
BY572664,BY572664
CJ25491,CJ25491
EH1049450,EH1049450
AG47729,AG47729
BE184640,BE184640
EH589528,EH589528
CH15082,CH15082
EH960793,EH960793
BY596862,BY596862
CE18684,CE18684
EH971600,EH971600
CW1058685,CW1058685
AL24723,AL24723
BW42791,BW42791
BL357843,BL357843
EH668355,EH668355
AX72965,AX72965
EH680446,EH680446
BL419570,BL419570
DT87582,DT87582
CE20917,CE20917
DH38724,DH38724
EH1197154,EH946207
AN125925,AN125925
BZ31177,BZ31177
EF156836,EF156836
BN288480,BN288480
CW734826,CW49867
CA137575,CA137575
DE113789,BL73291
CW322886,CW517414
CW1121758,CW1121758
CC113559,CC113559
EH918310,EH918310
DA62568,DA62568
DN135615,DN135615
BY545044,BY545044
DR38704,DR38704
BE260466,BE260466
AN107612,AN107612
EH828497,EH828497
AM35959,AL117467
CH6897,CH6897
DE322127,DE273253
AJ22848,AJ22848
AP71660,AP71660
DE259372,DE259372
EH994978,EH994978
BY150447,BY150447
BL521241,BL521241
AN180543,AN180543
EH1129286,EH1129286
DG28922,DG28922
EH1201107,EH1201107
AL260342,AL260342
AL219836,AL219836
DJ10755,DJ10755
CW121652,CW121652
BL428610,BL428610
CW698192,CW698192
CW147816,CW165994
DL218937,DL218937
CJ153278,CJ153278
AM68379,AM68379
DP28488,DP28488
CW27231,CW27231
AX6978,AX6978
BM23950,BM23950
AN222530,AN222530
EA25074,EA25074
DB291898,DB291898
CW969010,CW1006268
BR124805,CW125068
EH921810,EH921810
CW493553,CW493553
DL274213,DL274213
AL241205,AL241205
CW778251,CW778251
EF34557,EF34557
AJ19842,EH406572
BL464309,BL464309
DH26586,DH26586
CW710020,CW710020
CW887927,CW726975
BN345776,BN345776
CB31096,CB31096
BZ46617,BZ46617
AA186500,AA186500
BJ27101,BJ27101
CM10097,CM10097
BL437482,BL437482
AN22357,AN22357
BE305729,BE305729
EF81974,BB77434
EH668413,EH668413
BL330345,BL330345
CW733577,CW733577
CL66755,CL66755
DL220931,DL220931
BZ20044,BZ20044
EH909567,EH909567
DP23822,CW243008
EH733417,DE241914
EH234619,EH38160
EH1317440,EH1317440
BN457104,BN457104
DB315758,DB315758
CW603112,CW604694
EH1051975,EH1051975
AK109153,AK109153
BP71567,BP71567
EC5173,EC5173
BH110170,BH110170
CJ44414,CJ44414
CW810799,CW810799
CW955472,CW809104
EF68074,EF68074
BY637852,BY637852
CW4964,CW4964
AN188143,AN188143
BZ35404,DP42763
CW1245991,CW1245991
EH540288,BL204191
EH865110,EH865110
AL122758,AL122758
BM14307,BM14307
BN80095,BN8333
CC90456,DB203606
BE271365,BE271365
BL503282,BL503282
DL169706,DL169706
CM53411,CM53750
EN29730,CM30379
DA83554,DA83554
BD99117,BD99117
AA173814,AA173814
BN427212,BN427212
DD126181,DD126181
BM72619,BM72619
DL212799,DL212799
AS81002,AS81002
EH1073116,EH1073116
CW145651,CW145651
DR19031,DR19031
EH845070,EH845070
BR222281,BR222281
CL38142,BY629671
CW115523,CW177121
BE139604,BE144791
DL157133,DL157133
BM66431,BM66431
DB181009,DB181009
AL29291,AL331560
CG164956,CG164956
DD130971,DD130971
DA57628,DA57628
AN205790,CL10814
CW1043346,CW1043346
EH962819,EH962819
AB10836,AB10836
CT45011,CT45011
CB43239,CB43239
AN37860,AN37860
CS23645,CS23645
CW450284,CW860786
CW1059082,CW1059082
BN158266,BN158266
DT60812,DT60812
DE133787,DE108373
BY66555,BY66555
BX20213,BX20213
DL56144,DL56144
CW569281,CW284424
AW88244,AW91652
AS78418,AS78418
DE70312,EF12919
DL222487,DL222487
AL169000,AL169000
BR168686,BR168686
EE5424,EE5424
CW458996,CW458996
AW96726,AW96726
CW967268,CW934345
CW983110,CW983110
CW668329,CW668329
CW582792,CW590949
CM24237,CM24237
EH221661,EH221661
BL104735,BL104735
AY34516,AY34516
DT83136,DT83136
CW1035147,CW545452
EH1089120,EH878143
EP84383,BL501384
EL89358,EL89358
CW75805,CW75805
BF36302,BF36302
EH1048054,EH1048054
BY620252,BY620252
EP58811,EP58811
BH38694,BH38694
DR43945,DR43945
DL182463,DL182463
AX55791,AX55791
CW1315814,CW1078986
CW960549,CW960549
CW223276,CW223276
AL120175,AL120175
EH892467,CW842064
CX18668,CX18668
AN41572,AN41572
EH636928,EH533635
AG53161,AG53161
DD50027,DD50027
EH1141127,EH1141127
DN122378,DN125756
CW1052558,CW1052558
DC24286,DC24286
DL256899,DL256899
DN135645,DN135645
AT27405,AT27405
DT161095,DT161095
BH155281,BH155281
EH1265426,EH1265426
DX55173,DX55173
AA181927,AA181927
BP57191,BP57191
EF17534,BW17755
AW129112,AW129112
AN46245,AN46245
BY690233,BY690233
BY686592,BY583202
AN25350,AN25350
DC12815,DC12815
AW187040,AW187040
CW426046,CW336274
CW54304,CW54304
AN114596,AN114596
EH792371,EH792371
DR35918,DR67167
BL517357,BL517357
AL8943,AL8943
DR131660,DR131660
AW120874,AW120874
BE185586,BE185586
BL519459,BL519459
CW906462,CW746507
CW942679,CW942679
CW1253730,CW748374
CW917771,CW917771
AN136043,AW78487
BY343059,BY343059
DX3082,DX3082
AL100953,AL100953
CW34126,CW34126
BN398103,BN398103
BY583012,BY583012
AL195651,AL195651
BE344093,BE344093
BP61317,BP61317
EH747175,EH747175
EH269754,EH269754
DE318867,DE318867
CJ174307,CJ174307
AL95722,AL95722
DR126514,DR126514
BH97358,BH97358
BY669128,BY669128
DT114995,DT33315
ER40846,ER40846
DN79454,DN79454
CW902307,CW824801
BL140411,BL140411
CW1086066,CW1086066
BD122125,BD122125
CW344071,EH957288
EH1196495,EH1196495
BE267725,EF171809
DY38440,DY38440
BL480079,BL480079
BY601897,DK18952
CT25741,CT25741
ED45394,AL193354
CW84980,CW84980
ED43909,ED43909
BE396796,BE396796
CW327095,CW327095
CT44067,CT44067
CW724986,CW724986
AM55149,AM55149
CW739134,CW739134
CW1113163,CW1113163
CJ163262,CJ163262
BL436095,BL436095
CB88858,CB88858
CW930773,CW930773
CH36211,CH36211
DD114368,AA132878
CW1141421,CW1141421
EH748785,EH748785
EL58032,EL54647
DL199053,DL199053
EH867906,EH867906
EH998700,EH1010423
EH1156902,EH395762
DE305218,DE305218
BE63330,BE63330
BK48279,BK48279
CW819839,CW819839
CW861243,CW1058961
EH921188,EH921188
BE83019,BE83019
DR101671,DR101671
CW1066938,CW1066938
CW1343251,CW1343251
AW112614,AW112614
CW886324,CW886324
AA140291,AA140291
EH1181545,EH1181545
AW152004,AW152004
EH826910,EH826910
CJ40898,CJ40898
DT128250,DT128250
BF31946,BF31946
EH717821,EH717821
CG141767,CG141767
DB8517,DB8517
BM73801,BM73801
AL89613,AL89613
CJ57800,CJ57800
DX53710,DX8181
EH1038066,EH1038066
BL449664,BL449664
BN231367,BN231367
DE305346,DE305346
BL413093,BL413093
EH746118,EH847973
EH550433,EH550433
CW201939,CW178687
BY694604,BY694604
AL297219,AL297219
EH1271494,EH1271494
CW920930,CW920930
CJ176244,CJ176244
CW826683,CW826683
EH1098989,EH1098989
EH647487,EH485886
CT39137,CT39137
EF20385,EF20385
CJ179382,CJ179382
DB206885,BG48744
CW712523,CW712523
CW84919,CW334254
AW3782,AW3782
EH903929,EH903929
CM62497,CM62497
BL373302,BL373302
CW1263066,CW1263066
CJ164119,CJ164119
CG96618,CG104009
DX50414,DX50414
EH1073394,EH1073394
EL89655,EL89655
CW134320,CW134320
DL173523,BK30116
EH734647,EH734647
BE192477,BE131489
DA97077,CW611883
CR25990,CR25990
EH282853,EH282853
BL433635,BL433635
AN158760,AN158760
DB136806,DB136806
DL179680,DL179680
CW1073761,CZ88635
AW66787,AW66787
EH1153729,EH1153729
DW67808,DW67808
CW603112,EH593411
BL315711,EM79096
DY46687,DY46687
AS74175,BE259025
CW452145,DB237369
BH192662,BH99486
CW783606,AN155057
CW164461,CW447082
DE28366,DE28366
DG30256,DG30256
CW508134,EH573028
DB284341,DB284341
DY34248,DY34248
AB8633,AB8633
BE41637,BE41637
EH1038099,EH1038099
BD55671,BD55671
CJ54465,CJ54465
EH321380,EH321380
EL7415,EL7415
EH882466,EH882466
DT98052,DT98052
BT11336,BT11336
DT57364,DT57364
DD155651,DD155651
BL294861,BL294861
BY664908,BY664908
BE168264,BE168264
AN92116,AN92116
AW180939,AW180939
DE326559,DE326559
BJ8068,ER39747
DR108426,DR108426
DB154578,DB154578
BE149834,BE149834
BN440568,BN440568
EB71551,EB71551
AM79074,AM79074
AL23418,AL23418
EH84871,EH84871
AL176167,AL176167
BL433100,BL433100
AA7082,AA7082
BY349733,BY349733
DB2901,DB2901
AD34131,AD34131
CA44404,CZ76708
CW576170,EA36263
DH27083,DH27083
DR63092,DR63092
CW582319,CW582319
CW102158,CW219808
CW443703,CW786093
BY670438,BY670438
EH584533,EH584533
CW1134596,CW550733
EH765188,EH765188
BH26790,BH26790
DC22015,DC22015
EB53364,EB53364
AX28459,AX28459
CW865495,CW865495
EH671857,EB69887
CW773427,CW773427
BZ34341,BZ34341
BL404532,BL404532
CW977663,CW977663
EK18197,EK18197
EH849012,EH849012
DL57969,DL57969
CW98507,AA14040
DT108512,DT108512
EH918475,EH918475
EH948475,EH948475
CD12317,CD12317
CW649906,CW649906
DD193891,DD193891
CW1029731,CW1029731
CG79528,CG79528
EH1204322,EH1204322
AS95886,AS95886
EH1086349,EH1086349
CW599774,CW895252
DA107072,DA107072
BL336893,BL336893
DE248984,DE248984
CW1096358,CW1096358
AN154555,AN154555
BY514680,BY514680
BN405878,BN224954
BY603319,BY730212
EH1074938,EH1074938
DL198758,DL198758
DE224346,DE224346
CW782194,CW782194
CW815643,CW815643
DS50892,DS50892
AL81445,AL81445
BY201763,BY201763
EH826991,EH826991
BY683698,BY683698
CD20276,CD20276
EB66930,EB66930
AA130795,AA130795
BL431848,BL431848
BY559491,BY559491
DP26829,DP26829
EH616723,AA154646
BN182846,BN182846
AW86352,AW86352
DB111631,DB111631
AL183105,ED34064
EH392545,BF10426
EF66226,EF66226
BN406673,BN406673
BL370294,BL370294
EH1027312,EH1027312
BY486412,BY508701
EH257615,EH70299
BC46556,BC46556
BL350167,BL350167
DR112153,DR112153
EH720495,EH720495
EF195209,EF195209
CA131116,CA131116
DS96677,DS96677
EH397167,EH397167
EL97147,EL97147
EH1092800,EH1092800
DR54313,DR5458
BY218452,BY218452
EG10034,BE144970
EH306459,EH306459
BG36717,BG36717
BR188173,BR188173
EF75739,EF75739
AN120238,AN120238
AL310806,AL310806
DE279039,DE279039
AJ37665,AJ37665
EH864961,EH864961
EL91671,EL91671
EH615483,EH615483
BL236695,DE303366
BN307956,BN307956
CM54451,CM54451
EH720308,EH720308
AA173212,AA173212
AM83189,AM83189
CG107773,CG107773
EF200796,EF200796
CK2500,CK2500
BY517034,BY517034
DR126582,DR126582
CW321110,CW321110
BN340710,BD3192
DD99153,DD99153
AN6830,AN6830
CW71911,CW268428
AA124519,CL41408
BE306609,BE306609
AW198406,AW198406
EH996548,EH996548
BM41131,BM41131
EH3467,CW731766
CW326197,CW331659
EH902012,EH902012
DL192024,DL192024
CW504270,CW564407
CM53153,CM53153
AB38880,DN142696
AE25506,AE25506
DW52609,DW52609
CW172216,CW172216
DH48849,DH48849
BM59373,BM59373
EH1085554,EH1085554
DA54977,DA54977
AK19715,AK19715
CJ40010,CL43684
EH1248808,EH1248808
DZ22508,DZ22508
BL414301,BL414301
CW812055,CW812055
EP75856,EP75856
CW463400,CW156818
BR196509,BR196509
DN140667,DN140667
CG115745,CG115745
CJ130014,CJ130014
CW407585,CW407585
DG59045,DG59045
AL163877,AL129500
EH411853,EH411853
BB18433,BB18433
EH635880,EH635880
DB173792,DB173792
DL131992,DL131992
BE346487,BE346487
DR138318,DR55811
DS90630,AA158119
BR50529,BR50529
EB57763,EB57763
EH1093765,EH1093765
CB62684,CB62684
BY479648,BY479648
CW522031,CW522031
EH713403,EH713403
AL7857,AL7857
DE294940,DE294940
AZ13314,AZ13314
EN65852,EN65852
CC136323,CC136323
EH706427,EH706427
CA108284,BL176069
AN141974,AN141974
CW613388,CW613388
DA92335,DA92335
EH1102186,EH1102186
EF80951,EF80951
AW207662,AW207662
CW1056683,CW1056683
CW1063499,CW1063499
DY28544,DY28544
EG50065,EG50065
CW820091,DR104635
BD67196,BD67196
BD114308,BD114308
DB215247,DB299320
CW124905,CW124905
AM41235,AM41235
EF132201,EF132201
EH211276,EH745808
CW840848,CW840848
BA10706,BA10706
BL366812,BL366812
BG14025,BG14025
DD21023,DD21023
AL188665,AL188665
EH885583,EH885583
EM131305,EM131305
AS23796,AS23796
AW192794,AW192794
EH816580,EH816580
BY689590,BY689590
EM126950,EM126950
BL500450,BL500450
EH824791,EH824791
DB171733,DB171733
EP70071,EP70071
AL61791,AL61791
AK117842,AK117842
DZ73960,DZ73960
EH1317612,EH1317612
DL193966,DL193966
CW664198,CW349718
EH1129981,EH1129981
BL154791,BL154791
CW564577,DD87093
BY544242,BY544242
EH803370,EH803370
AL92708,AL92708
CL53301,CL53301
CW977483,CW977483
BW56855,AW197375
EH987826,EH987826
CW1229921,CW1229921
DE274205,CA50534
CW297754,CW297754
EH620914,EH620914
EH831514,EH831514
DB33799,DB209311
AA180830,DB98046
AN164234,AN164234
EH421263,DK20408
BS11947,BS11947
BY629038,BY629038
CW1042360,CW1042360
BB13688,BB13688
EH248435,EH248435
AX36350,AX36350
AG22386,AG22386
CC34043,CC75864
BR158069,BR158069
CW834541,CW834541
CW120936,CW120936
EH683839,EH683839
DD121843,DD121843
AL36025,AL36025
CW11314,CW11314
AM29760,AM29760
BY618067,BY618067
CA108028,CA108028
DX55503,DX55503
CE56857,CE56857
DB157358,DB157358
EM39849,EM39849
CW79609,CW79609
BB68666,BB68666
CW85297,CW754562
EH874998,EH874998
CW888941,CW888941
EH1095027,EH1095027
DD112362,DD112362
DX51692,DX51692
CW443374,CW443374
CC85035,CC85035
DE313440,DE313440
EH396541,EH396541
CW320167,CW320167
AN154096,AN154096
CE48730,CE48730
AM10665,AM10665
BR122750,DT114697
BR36114,BR36114
BY658540,BY658540
EG56137,EG56137
EM24191,EM24191
BE215636,BE215636
DE234760,DE234760
EH352698,EH352698
AN117011,AN117011
EH960644,EH960644
AA108035,CA42781
BY439834,BY439834
EH827793,EH121568
BE364991,BE364991
EH604602,CG37684
EH735724,AM8011
DN95578,EH339180
AX57489,AX57489
CW414856,CW414856
EH268541,AY10524
CW811004,CW1081637
AC2361,AC2361
DD162129,DD162129
AX71241,AX71241
CW952252,CW952252
BD109694,BD109694
CW687294,EH860065
DX7555,DX7555
BL490123,BL490123
EF21972,EF21972
DX27159,DX27159
BN23942,BN23942
DK45634,DK45634
EH795362,EH795362
EM105022,DL168310
EH87734,EH87734
EH613255,EH613255
AP83628,AP83628
DE265895,DE265895
BB34733,CB23662
EP67009,EP67009
CC151009,CC151009
DS106448,DS106448
AN177335,AN177335
BR101799,BR101799
AL11597,AL11597
CG9992,CG67879
AN19512,AN19512
AL220778,BJ35165
CW807398,CW807398
DS101866,DS101866
BN270899,BN270899
DR81349,DR81349
BN463715,BN463715
BN409115,DS93676
EH1017350,EH1017350
EF8412,EF8412
DB220595,DB220595
CW662706,CW439800
BL343866,BL343866
EF136415,EF136415
EH785379,EH785379
EM63098,EN70414
CJ101662,CJ101662
DE289774,DE289774
CW531397,CW531397
BE367934,BE367934
DE306176,DE306176
EH864237,EH867814
AM34732,AW100070
AS85760,DH38489
EH973015,EH973015
DL239487,DL239487
BN415641,BN415641
BR86248,BR86248
EP55877,EP55877
DS101497,DS101497
CG154261,CG154261
CW543117,CA90184
DD61061,CY22993
DN134266,DN134266
BE444695,BB71198
BY683698,CB79537
DF19610,DF19610
AK2621,AK2621
BL349583,BL349583
CW203419,CW165243
CW99877,CW223974
CW393932,CW85500
BK39986,BK39986
CW233643,CW69898
CW1006079,CW1006079
DL179360,DL179360
BD103938,BD103938
DN110610,DN77205
CW574899,CW384617
BE339869,BE339869
EG34197,EG34197
BE378229,DD114368
AM62616,AM62616
CW1063095,CW1063095
BH94112,BH94112
CW406810,CW406810
CA95132,CA95132
AM63857,AM63857
BE260618,BE260618
CG139601,CG139601
AL301377,AL301377
BE190645,BE190645
BL433891,BL433891
BY322335,BY322335
BH73165,BH73165
AL316126,AL224801
CG135181,CG135181
BN505276,BN505276
BY591739,BY591739
AL156041,AL156041
BN431069,BN431069
BY561770,BY561770
AW56642,AW67979
EH1048493,EH495007
EH1102135,EH1102135
DH55775,DH55775
BL311039,BL311039
CW936873,CW936873
CW101083,CW101083
ER27954,ER27954
EH729443,EH729443
CW459325,CW459325
DB241724,DB241724
DT51774,DT51774
CW1163688,CW1163688
EH849006,EH849006
EH454905,EH454905
BN448830,BN448830
CW727470,CW727470
DB161088,DB161088
BR174591,BR174591
CW550979,CW550979
BL487156,BL487156
BE292791,BE292791
CW990356,CW990356
BL476707,BL476707
BK33235,BK31995
EH1143200,EH1143200
CW121117,CW124933
CZ103988,CZ103988
BL132541,BL132541
DD154466,DD154466
CW473848,CW172601
CW739341,CW881645
ED49218,ED49218
BB86345,BB86345
BX20932,BX20932
CW1081341,CW1081341
BN489828,BN489828
AZ11288,AZ11288
AG61824,AG61824
BB85096,BB85096
BE298376,BE298376
CW1190059,CW1190059
CW585994,CW585994
BL366708,EB51789
AM8011,AP64158
DR101404,DR101404
AL226065,AL226065
BG52054,BG52054
CW485612,CW485612
CW793770,CW793770
DB259621,DB259621
EH827397,EH827397
BY480635,BY480635
EJ26116,EJ26116
EG47326,EG47326
BN298437,BN298437
CW1070075,CW1070075
EH919169,EH919169
BP45466,BP45466
EH927410,EH927410
CW195550,CW195550
BJ30478,BJ30478
EH380532,EH380532
AN114446,CW471414
CW714487,CW1361518
CW289057,CW289057
EN49078,EN53165
CW895745,CW895745
DR71170,DR71170
AW87528,AW87528
AL226286,AL226286
DL46520,DL46520
DB221167,DB221167
AB43748,AB43748
BE286707,BE286707
CW482829,CW482829
CG59452,CG59452
AN77823,CW1317488
EF221434,EF221434
BH128509,BH128509
BY142933,BY142933
DJ12779,DJ12779
BL336834,BY631138
BL295787,AS12397
BY476286,BY476286
DD188828,DL239812
CA133028,BY336069
CW71363,CW71363
EH921541,EH921541
CW753610,CW708608
CJ106362,CJ106362
BL305011,BL305011
CW227002,CW227002
CW531043,CW116698
AJ24033,AJ24033
AN98038,AN110770
CW157793,CW157793
CW654357,CW654357
EH1022810,EH1022810
EH821930,EH821930
EH953822,EH953822
BY717967,BY717967
CW884281,CW1013033
BY372160,BY372160
AL105597,AL105597
DR83527,DR80341
EH73896,EH67195
BE375750,BE375750
DR53369,DR53369
AK88575,AK88575
CR19970,CR19970
EH468405,EH468405
DL113183,DL113183
EH448372,AW111081
CW847421,CW847421
BL381279,BL381279
BL458457,BN418678
CC90456,AN129595
BN298105,AG39434
BR28283,BR28283
EH583013,EH583013
BN506743,BN506743
BJ33343,BJ33343
CN94334,CN37164
BR167186,BR167186
AP44603,AP44603
DL177487,DL177487
AD25733,AD25733
BK6146,BK6146
BC39258,BC39258
BE225969,BE225969
DX19300,DX19300
AP67905,AP67905
DE302417,DE302417
EF188216,EF188216
BR215590,BR215590
BW41880,BW41880
DP24125,DP24125
CD17914,CD17914
BL308661,BL308661
CG150039,CG150039
DE270647,DE270647
CJ180081,DS71477
CW264679,CW105817
BY613135,BY613135
BE68994,CW859082
EH759891,EH759891
AA78386,EK2947
DB290759,DB290759
CT38091,CT38091
CG135445,CG135445
CG93340,CG93340
DP14928,DP14928
BY514347,BY514347
EH1060608,EH1060608
CA99654,BL440276
BC67554,BC67554
BJ34655,CG54630
AL136057,AL136057
ER26941,ER26941
BN301286,BN301286
EH828171,EH828171
DR58097,DR58097
AG51189,AL311555
EF103085,EF103085
CW476986,CW476986
BN403705,BN403705
EH597611,EH597611
DG37490,DG37490
EH614589,EH110713
CJ145948,CJ145948
DT99076,DT99076
EH828306,EH828306
CE26109,CE26109
CW544096,CW998496
CW973783,CW973783
DL245897,DL245897
EH658242,EH658242
BC55260,BC55260
BL314545,BL314545
CW707318,BL73291
DB238401,DB238401
BN310499,BN310499
CB65930,CB65930
CW483198,CW483198
BL410980,BL410980
CB44137,CB44137
DT93289,DT93289
AA60261,EB45789
DB274823,DB274823
DR63532,DR63532
CW120102,CW120102
EH822410,EH822410
CG48610,CG48610
BN282148,BN282148
DB315767,DB315767
CW1047136,CW1047136
CW165243,CW203419
AK39209,AK39209
BL388234,BL388234
EH1056041,EH1056041
EN54612,EN54612
EH200557,EH200557
BR186108,BR186108
CW869166,EF144720
DL269585,DL269585
EG32964,EG32964
AL254935,AL254935
AY29920,AY29920
BN443446,BN443446
CW184623,CW184623
DA68850,DA68850
CW851905,CW851905
AN54553,AN54553
DD184138,DD184138
BR196901,BR193001
AR9248,AR9248
BE399984,BE399984
CW918308,CW918308
BL485902,BL485902
BD125664,BD125664
DB168254,DB168254
CW561199,CW561199
DN109045,DN109045
BY571236,BY571236
CW1125406,CW1125406
AM89284,AM89284
EH747635,EH369514
EH818422,EH818422
CW886849,EF168660
CW1181943,CW1181943
CN51051,DA32632
AP8405,AM52583
BL393319,BL393319
CW1238538,CW1238538
AW169265,AW169265
EF187943,EF187943
CW932803,CW932803
DB157136,DB157136
AA138748,AA138748
DB261995,DB261995
CW520692,CW177967
DH25663,DH25663
CW119179,CW119179
BR221997,BR221997
DR144608,DR144608
AD16325,AD16325
EH830059,EH830059
ED38841,ED38841
DB244895,DB244895
CW1146662,CW982014
EH1085941,EH1085941
AS59130,AS59130
DB90977,DB66821
BN257903,BN257903
CW57818,CW293109
BE382475,BE433554
DE13221,DE4458
AA144994,AA144994
BL297848,BL297848
CD24195,CD24195
EH912643,DE280226
BY608976,BY608976
AS77974,AS77974
BS7812,BS7812
DL250703,DL250703
EJ28840,EJ28840
DT75740,DT75740
CL49740,CL49740
BM47061,EF74630
EH1223650,EH1223650
BE274149,BE274149
BL404319,BL404319
CW996223,CW996223
BH187045,BH187045
EH923925,EH923925
DB142078,DB135612
CW900689,CW900689
DK43626,DK43626
BH137636,BH137636
CW827028,CW827028
EA24069,EA24069
CT52477,CT52477
DX43567,DX43567
DB143151,DB143151
CE53963,CE53963
BM57516,BM57516
EF143607,EF143607
EN67238,EN67238
AB43874,AB43874
CW48145,CW48145
DG45271,DG45271
BH34947,BH34947
CC144745,CC144745
EN58009,EN58009
CW1120194,CW1120194
BL55921,BL55945
EF211584,EF211584
BL64631,BL64631
BZ12682,BZ12682
EG16742,BR73580
BE233734,BE233734
BN166219,BN188151
AW152937,AW152937
CW1039997,CW1039997
CA7217,CA7217
DR63339,DR63339
DT139837,DT139837
EH499258,EH499258
AN114492,AN114492
BC27576,BC7796
EH941637,EH941637
EH1080865,EL72712
CW940438,CW940438
EH742431,EH742431
CW272892,CW129650
EJ25654,EJ25654
CW920251,CW920251
BN443359,BN443359
BL319619,BL319619
CL39150,CL39150
CE57181,CE57181
CD9881,CD9881
BN314245,BN314245
BN268887,BN268887
CW678105,CW175943
CW186367,CW162857
AL91827,AL91827
AB17424,AB17424
CW621049,BL393204
ER38973,ER38973
EP75621,EP75621
BM53988,BM53988
EL87397,EL87397
DL144319,DL144319
DB240651,DB240651
EH421553,EH412515
EH1153406,EH1153406
AW101252,AW101252
BE329218,BE329218
EH667830,EH667830
BL491494,BL491494
DN140313,DN140313
DL246493,DL246493
DB7515,DB7515
BY376590,BY376590
BB13516,BB44190
BY276073,BY276073
CM19649,CM19649
AL164546,AL164546
DW45345,CA92930
BW55863,BW55863
CW977987,DT122842
DX17936,DX17936
CM53602,AJ16046
BY51636,BY233740
EG53750,EG53750
BY297634,BY297634
BN398307,BN398307
DD200355,DD200355
CW761277,CW619059
AK135004,AK135004
DL224228,DL224228
CW229183,CW229183
BT9516,BT9516
DZ65322,DZ65322
AK141896,AK141896
AT26531,AT26531
CW139269,CW139269
AS92928,AS92928
CM26376,CM26376
CW1278886,CW1278886
DH39120,DH39120
BL397654,BL397654
CW676224,CW377484
EH941600,EH941600
DR132970,DR132970
DL201840,DL201840
CG182134,CG182134
AL74599,AL74599
ER31954,ER31954
BE245035,BE245035
DT140549,DT140549
AN198260,AN198260
BE116703,BE185586
BY404311,BN324825
BE66361,BE66361
EF7856,EF7856
EG31052,EG31052
BE267038,BE267038
CW735881,BR206688
EP91059,EP91059
DY29839,DY29839
CW404358,CW404358
DB209779,DB209779
CW458592,CW110251
CW626710,CW448624
DL194782,DL194782
CA123439,CA123439
DE317804,DE317804
ED41959,ED41959
EF19492,EJ28620
CW1027569,CW1027569
BL384636,BL261405
DL184493,DL184493
BK47199,BK47199
BN440185,BN440185
BY459836,BY459836
CW858950,CW858950
BN151554,BN151554
CW534463,CW534463
AX57304,AX57304
CG57772,BT7126
BL390424,BL390424
CW1150973,CW1150973
CH52385,CH52385
EH1317414,EH1317414
CW1295568,CW1295568
EH730371,EH730371
EH1174269,EH1174269
BN393686,BN393686
CW166345,CW166345
EH1030214,EH1030214
DE101674,DE101674
CW181024,CW181024
CW603886,CW603886
BR192583,EH181659
EH689551,EH689551
CW445315,CW63905
EH1057895,EH1057895
BY483984,BY483984
EG31246,EG31246
EH1318151,EH1318151
BL361781,BL361781
CE20001,CE20001
CW156587,CW156587
EH855551,EH855551
EF144348,EF144348
BY264104,CW639492
CN57387,BK39505
CN58698,CN58698
EL68495,EL68495
CW752596,CW752596
DT91709,DT91709
BL359827,BL359827
DT140762,DT140762
CW272047,CW272047
BL401175,BL401175
DB144109,DB144109
CW1328581,CW1328581
EH941839,EH941839
BE388979,BE388979
ED29286,ED29286
CJ158412,CJ158412
CW385736,CW385736
BL380627,BL380627
CW806863,CW730061
EH869795,EH869795
DB256553,BL401294
DR68054,DR68054
CW884338,CW884338
EH540844,EH540844
BL427309,BL427309
BW40030,BW40030
EH434669,EH434669
BN372149,BN375878
DN60060,DN60060
BL500242,BL500242
CJ176654,CJ176654
DT30780,DT30780
DB251594,DB251594
AA201418,AA201418
BL374356,BL374356
DS99673,DS99673
EH625961,EH625961
DW12148,DW21530
BL375515,BL375515
CW709803,CW1081637
AE11481,AE11481
CJ71199,EN45945
AS7705,AS7705
CW71529,CW280071
EM7388,EM7388
CW911693,CW911693
BN324880,BN324880
CW398832,CW398832
EB18075,EB18075
CW82326,CW82326
BE394012,BE394012
CJ102576,CJ102576
DT161314,DT161314
AN155642,AN155642
CW773182,CW773182
CW111212,CW111212
EG46179,EG46179
EH556484,EH556484
AL28613,AL28613
DZ32219,DZ32219
AK52273,AK52273
EH74920,EH74920
DK32204,DK32204
EM100656,EM100656
DA36662,DA36662
BR185041,BR185041
CW229964,CW1326626
BN281996,BY558852
AL221171,AL221171
DR26598,DR57971
EF224630,EF224630
EH745241,EH745241
CW1122911,BN496315
DT47856,DT47856
EN31509,EN31509
CZ102060,CZ102060
CW88250,CW88250
DX43414,DX43414
CW429472,CW429472
BY397572,BY397572
EH953261,EH953261
DB157694,DB139663
EH585948,CW1189032
EH458732,EH458732
BL423117,BL423117
CW562854,CW562854
AL132675,BN402572
CW723564,CW723564
CW874207,CW874207
DE239368,DE239368
CW820585,CW1046348
EH956605,EH1208813
CW900746,CW989524
CW694771,CW694771
EH643098,EH643098
BN424727,BN424727
BB8690,BL230192
BL454942,BL454942
CG108809,CG108809
DD102061,DD102061
CW1255402,CW1255402
BL434455,BL434455
CL38142,AA132878
CN60626,CN60626
DN79969,DN79969
DB117108,DB117108
DG13573,DG13573
BN490456,BN490456
AL137847,AL137847
EB62435,EB62435
AP41515,AP41515
BY595033,BY733020
CW1112852,CW407074
CP38018,DE258942
DT127039,DT127039
BH80091,BH33101
AE27433,AE12260
AL168986,AL168986
DR123605,DR123605
EM116065,EM116065
CW886187,CW886187
BN480917,AK114637
AD24496,AD24496
AL288255,AL288255
CW1088752,EH1130602
BY293195,BY404739
BN239255,BN123109
DN159650,DN159650
BE267497,AL135622
DA97499,DA58962
EH388774,BJ10208
EH949026,EH949026
CW841197,CW841197
CW496660,CW415163
AK111224,AK111224
EH999879,EH999879
BR169665,BR169665
BR127996,BR57912
BZ4974,BZ4974
BK20419,BK20419
EH1101467,EH1101467
DP42623,DP42623
CB48099,CB48099
EH617111,EH617111
AT7509,AT7509
AL237619,AL237619
AH26375,AH26375
AW192204,AW192204
DL195029,CM65248
BY406283,BY406283
BG3375,BG3375
AW87855,AW87855
AP74182,AP74182
EH672861,EH672861
CZ65197,CZ65197
AA175854,AA175854
BR54629,BR54629
BN459136,BN459136
BY39673,BY39673
BE350771,BE231834
DM34467,DM34467
DR76320,DR76320
BZ18520,BZ18520
BY711475,BY711475
DL217800,AL311555
CW792365,CW792365
BL501184,AA151110
BH13971,BH13971
EH1093663,EH1093663
CW172746,CW1123825
AL334808,AL334808
BY365786,BY365786
BH71206,BH71206
EH898123,EH898123
EH996821,EH996821
EB60659,EB60659
BE296005,BE296005
DP13688,DP13688
DL211935,DL183613
CW894670,CW894670
AW84214,BB22930
CA60004,CA60004
DN134266,EA37018
CW746507,CW746507
AW220538,AW220538
DT77612,DT77612
DD7265,DD7265
ES20651,ES20651
DL265420,DL265420
CW916971,CW916971
AK14153,AK14153
CW1112919,CW1112919
ED43675,ED43675
DD86874,DD86874
DP4270,DP4270
EH1077207,EH1077207
AL133130,AL133130
EK18485,EK18485
BE25271,BE25271
BL460673,BN373990
CW670005,CW670005
BC12455,BC12455
DL183613,DL183613
BY568141,BY568141
EH881118,EH881118
DL146576,DL146576
DL268890,DL268890
CW1087797,CW985524
CZ46422,CZ46422
EH592631,DD162037
CW491583,AN117936
EH1099539,EH1099539
CW801953,CW184939
BE331110,BE331110
DH18697,DH18697
BN170082,BN170082
AP82212,AP82212
BF20715,BF20715
DE284776,DE284776
AX49495,EH764473
BN330949,BN330949
AA16783,AA16783
CG147358,CG147358
EH1076992,EH1076992
DB33596,DB253022
BW34543,BW34543
BL402941,BL402941
EH665837,EH665837
EF89734,EF89734
EH962301,EH962301
EH612292,EH612292
CW46912,CW46912
AA79157,CP12015
CW941669,CW941669
EM78620,EM64794
CW870520,CW870520
EH284026,EH284026
CT44515,CT44515
DW66469,DW66469
CW802839,CW802839
AL34692,AL34692
AW202492,AW202492
BY732715,BY732715
AN31496,AN31496
AL204977,AL204977
EH633010,EH633010
AW209649,AW191226
CW371907,CW371907
DA59437,BM73801
DA38514,DA38514
DB287556,DB287556
CW392851,CW124933
AL253801,AL253801
CA93204,CA93204
CW1094144,CW363076
CW311286,CW1020731
BE40530,BE174871
EH1207434,EH1207434
EH1133811,EH1133811
AR3003,AR3003
BH148819,BH148819
AW192110,AW192110
BN496311,AL216402
DB293304,DB293304
BC38765,BC38765
BE308604,BE458473
DD165608,DD165608
EJ14660,EJ14660
AL202378,AL202378
EM4467,EM4467
CW862338,CW862338
BL454207,BL454207
BL249047,BL249047
CE29091,CE29091
CW537111,CW537111
DR68122,DR65717
DD179030,DD179030
AP80471,AP80471
DZ20071,CC95492
EF175520,EF175520
BN455714,BN455714
AX13256,CA44294
BY636917,BY636917
DD158135,DD158135
BR163515,BR163515
DR12273,DR12273
AN203035,AN203035
EH994250,EH994250
BN496675,BN496675
AN147154,AN147154
BY330492,BY330492
DL180098,DL180098
EF161056,EF161056
EH1199949,EH1199949
CW50578,CW50578
DG29749,DG29749
DL55846,DL55846
EH776943,EH776943
EH656625,EH656625
DF11728,DF4306
BE404904,BE404904
CW993812,CW993812
CW1183195,CW64876
DP37133,DP37133
AA186618,AA186618
BL316727,BL316727
BL266192,BL266192
EH1318477,EH1318477
CW599194,CW599194
CN65343,CN65343
BM55652,BM55652
BL411017,BL411017
DW51637,DW51637
DE209278,DE209278
BY367905,BY367905
EH929815,EH929815
EL77093,EL77093
AB2049,AB4297
BH148112,BH148112
CW714487,CW833620
EH139077,EH139077
DY14745,DY14745
BD90187,BD90187
AA204592,AA204592
CW102971,CW511529
CW131967,CW131967
DE291100,DE291100
DT92644,DT92644
EH739200,EH739200
EH551788,EH551788
CW1066836,CW17814
CZ67694,CZ67694
EH598487,EH598487
EN66414,EN66414
BE53314,BE53314
AL268072,AL268072
CW128453,CW298578
DS84623,DS84623
DC20852,DC20852
CJ158222,CJ158222
EH795055,EH795055
BL314156,BL314156
CS36202,CS36202
BL433834,BL433834
CW893637,CW893637
CW673463,CW673463
DT116199,DT116199
AE9893,AE9893
EH986026,EH986026
CW845728,DR104635
CA45121,CA45121
DT141340,DT141340
EH869936,EH869936
EH323763,DE11851
CW221554,CW359465
EH1139564,EH1139564
DW30915,DW30915
CW70636,CW113834
DE175613,DE175613
DG60986,DG60986
DE305793,DE305793
CP9884,CP9884
BY697488,BY697488
DB291021,DB291021
AN38722,AN38722
BB34733,AF25671
DZ48359,DZ48359
CW1022964,CW1022964
CM19649,AN51527
AS85184,AS85184
BT11201,BT6565
DL266475,BZ68491
BN499616,BN499616
DL224596,DL224596
DN128596,CS30949
CW43534,CW43534
BN295350,BN74669
EL71345,EL71345
EH1021848,EH1021848
EH882673,EH882673
BY277318,AL187749
CC19959,CC19959
CB78073,CB78073
EH837622,EH837622
BN10189,BN10189
AS90075,AS90075
DC4232,BR157341
EH261716,EH261716
BE204032,CB33959
EH1201826,EH1201826
CT17158,DE232240
AN156561,AN156561
BL386090,BL386090
BL385277,BL385277
CW1173985,CW812011
BL453733,BL453733
AA177485,AA177485
BD66992,AF25671
BR135322,BR135322
EH619811,EH619811
AL287312,AL287312
AB38880,AB38880
BN11853,BN11853
CW498346,CW384617
BY730916,BY730916
CC85102,CC85102
CW886170,AN162428
BR134068,BR134068
BH115019,BH115019
EH1117625,EH1117625
BZ50344,BZ50344
CJ148057,CJ148057
EH771908,EH771908
EF73194,AA99580
AL238802,AL238802
AW159784,AW159784
BN438985,BN438985
AL293977,AL314301
CL23548,CL23548
BG12000,BG12000
DT117579,DT117579
CW548837,CW750432
EH549830,EH549830
AL206848,AL206848
CG134671,CG134671
BY632761,BY632761
EH610712,EH610712
EH1076321,EH1076321
BY575040,BY575040
EF173734,EF173734
AW24763,AW24763
BR200728,BR200728
CW958060,CW958060
EH759810,EH759810
CW572556,CD21109
EH664004,EH610228
DB21580,DB21580
CW338078,CW338078
EH1137035,EH1137035
BL295428,BL295428
AR3590,AR3590
DZ41825,DZ41825
CG26822,CG26822
BN313787,CW967704
BL293854,BL316845
EH234709,EH56483
BR183726,BR183726
BE314139,BE314139
DR28066,DR28066
EH975528,EH975528
AM23905,AM23905
AK55386,AK51955
CW1023009,CW1023009
BL346874,BL346874
BH141571,BH141571
EH303379,EH143484
BH105095,BH105095
DX14192,DX14192
CW800976,AP58795
AA130795,BJ10089
CW1061785,CW1061785
CG2166,CG2166
CW817593,CW817593
CR21169,CR21169
BD19964,BD19964
DL80921,DL80921
BL486601,BL486601
DE274205,BY451078
CB70478,BE189738
BE364529,BE385016
DG61088,DG61088
DN80739,DN80974
DD2525,DD2525
BZ38848,BK37464
AJ20050,AJ20050
AL38722,AL38722
BR2517,BR2517
CW854308,CW854308
CW1096894,CW1040265
BY215352,BY215352
BL277605,BL277605
BY288063,BY288063
EM116316,EM116316
BN313319,BN313319
CW1095803,CW819839
EH673343,EH668419
DE67896,AA80451
EH767165,EH767165
BR196901,CB79537
AX52449,AX52449
BE201024,BE201024
EH293881,EH293881
CW470492,CW470492
DH58623,DH58623
CN74247,CN74247
EM80396,EM80396
BW62205,BW62205
DB166640,DB166640
AA54157,AA54157
BE369120,BE369120
BE446098,BE446098
CW142358,CW142358
EH471589,EH471589
AN150406,AN150406
EH398113,EH398113
BY481490,BY481490
CW480637,CW480637
CG120716,CL52645
CF6760,CF6760
CY27191,CY27191
EF95881,EF95881
BN130182,BN130182
BL216770,EG32275
DX40926,CA44294
BE401365,BE401365
EH972933,EH972933
EG23109,EG23109
CW14018,CW14018
CW155886,CW155886
DA16344,DA16344
BY210053,BY524767
DR60168,DR138346
AL185995,AL185995
EF100848,EF100848
DR62389,DR62389
DL222170,DL222170
BE318005,BE318005
CJ135780,CJ135780
CW1056842,CW1056842
BK35687,BK35687
DE266742,DE266742
DW61931,CZ85718
BN311068,BN317195
DN125750,DN129445
CM53517,CM53517
BE113774,BE113774
CW925099,CW925099
EL32744,EL32744
BH89356,BH89356
CW198104,CW198104
CW1005223,CW805787
EH133796,EH1134817
BY475928,BY475928
EM77658,EM77658
EL78835,EL78835
EH100718,EH100718
BD113256,BD113256
EH1207876,EH1207876
ED55371,ED55371
BB36874,CL32640
CW373511,CW373511
CW103418,CW895252
AX56013,AX56013
BZ14475,BZ14475
BL489789,BL55001
EH1240341,EH538582
CW1048108,CW1048108
DD121672,DD121672
CW37792,CW702097
BN351909,BN351909
AE24131,AE24131
CW646827,CW615746
BL437157,BL437157
BY446934,BY446934
AL335775,AL335775
CE35183,CE35183
CW767539,CW767539
DB232335,DB232335
DX53773,DX53773
DD99988,BN158356
BH60873,BH60873
BN105911,BN105911
AA3706,AA44853
DT146969,DT146969
EH402691,EH402691
EL78772,EL78772
EH1141963,EH1141963
AL247614,AL247614
EH997886,EH997886
EH826965,EH826965
BH60894,BH60894
CW161536,CW71529
AG47447,AG47447
AP81552,AP81552
DD207444,DD207444
CW5571,CW44413
BY335387,BY335387
CW829070,CW771568
DR104947,DR104947
CW297073,CW297073
CW670099,CW670099
DR86419,DR86419
EH208396,EH208396
BN446573,CA73525
EN25057,EN25057
EH796268,EH907040
CN58228,CN58228
BE154383,BE154383
DD156097,DD156097
BE438041,BE438041
AL148570,AL148570
AW151790,AW151790
DB215028,DB215028
AE20925,AE20925
BN301182,BN153815
EH779430,EH779430
CW215505,CW1157928
DR60168,DR27371
AA66542,BY446295
EH1127510,EH1127510
BE110537,BE165276
DE296939,DE296939
EH990917,EH990917
AL135881,EH694714
CW415163,CW415163
EF165421,EF165421
EF31284,EF31284
EH805730,EH729389
CW1008596,CW546218
CA29374,CA29374
CG172991,CG172991
CW151024,CW306622
BD83795,BD83795
DL88046,DL88046
EM115815,EM115815
CW1330376,CW1330376
DT114164,DT114164
DE117058,DE117058
CW147816,CW71363
BN441350,BN441350
DR48019,DR48019
CW367430,CW367430
CW887565,CW830090
BK35252,BK35252
EH825210,EH825210
EH577584,EH554951
CW627604,CW627604
EH755077,EH755077
BH70540,CW202119
BY379130,BY379130
EL40929,EL40929
AL218571,AL218571
BE42012,BE114360
EH118361,AW76083
EL76194,EL76194
BE401470,BE401470
CW317833,CW317833
BR117282,BR117282
DB154508,DB154508
EH585139,EH316938
DB211659,DB211659
DT25101,DT25101
DX5448,DX5448
CJ19550,CJ19550
AK107413,AK107413
EH1024175,EH1024175
AL152458,AL152458
CZ90767,BW55561
BC42005,BC42005
EP94863,EP94863
EH959223,EH912565
CW210199,CW47219
BE181312,BE181312
DP5933,DP5933
BY141808,BY53555
BH161731,BH161731
EH1125628,EH1125628
DR4442,DR4442
BN447936,BN447936
CM15006,CM15006
BB101817,BB101817
CW614789,CW614789
BR181176,BR181176
EL44303,EL44303
BY545414,BY396274
DB220984,DB220984
CW176652,AN167729
BM38912,BM38912
BL443263,BL443263
CA95642,CA95642
DE257974,DE257974
CM76506,CM70051
BY503922,BY503922
BR85094,BR85094
BY311762,BY311762
BR117301,BR117301
DL116028,DL116028
DL224535,DL224535
EM105022,CW1317488
BG39309,BG39309
AW85301,AW85301
AW192282,AW192282
DX62459,DX62459
EH770841,EH770841
BE137881,BE226235
DA11305,DA11305
BN366793,BN366793
EH939343,CW399851
AK91993,AK91993
DE110092,DE161383
CJ7411,CJ7411
CJ131548,CJ131548
BB10128,BB10128
EH290899,EH290899
AM76129,AM76129
CW407707,CW407707
EF89155,EH388359
BY572460,BY485637
CW973129,CW973129
CW656291,CW155886
BL378232,BL378232
CT26734,CT26734
AL257276,AL116868
BD105777,BD105777
CW539198,CW539198
CW720418,CW720418
CW387665,CW1023001
BR132778,BR132778
AK97925,AK97925
CG133835,CG133835
BL3037,BL3037
CJ157487,CJ157487
BN444487,BN444487
BP12255,CP3696
DE313972,DE313972
BN437546,BN437546
EH992923,EH560280
AD28503,AD28503
CW636489,CW636489
CC127884,CC127884
BL196739,BL196739
DR133776,DR133776
BY667056,BY667056
EP100834,EP100834
CW1139856,CW1154002
AH21607,AH21607
DB288024,DB288024
ES27318,ES27318
BN481741,BN481741
AS60495,AS60495
DD215107,DD215107
DN110052,DN110052
EF116498,EF116498
DZ75012,DZ75012
BL418051,BL418051
CG91825,CG91825
BE336628,BE336628
EM12025,EM12025
EM44963,EM44963
EH1107692,EH1107692
EJ27639,EJ27639
BY221519,BY221519
BC60141,BC60141
DE276248,DE276248
CW1027906,CW1022996
EH948770,EH948770
CW814148,CW764053
AP73094,AP47183
AW164698,AW201299
BT12276,BT12276
BY305459,BY305459
EM92412,EM92412
EH666067,EH666067
BL429483,BL429483
AX23674,AX23674
DT78866,DT78866
DD155729,DD197664
BE238493,BE238493
CG163245,CG163245
EF3322,EF3322
CW782474,CW782474
AG39921,AG39921
CW734459,CW889176
DL50144,BE398520
CW518470,CW526581
AL263189,AL263189
BN424781,BN283434
BH20467,BH20467
BN440163,BN440163
AS60764,AS60764
EA49774,BS11732
DB259970,DB259970
BY531505,AA116976
BB104328,BB104328
AT19575,AT19575
DP39720,DP39720
AA79157,AA79157
DC9236,DC9236
CJ11640,CJ11640
EM106140,EH975216
BD20696,BD20696
BY612820,BY612820
AX44038,CA90055
CW971469,CW971469
CW652839,CW652839
BN514515,BN514515
EH1267250,EH1267250
CA70177,CA70177
AN117936,AN117936
AA171398,AA171398
BM19145,BM19145
DR119696,DR119696
BL484824,BL484824
CW809272,CW809272
CS14102,BH54346
AA172033,AA172033
CG163468,CG163468
CZ68930,CZ68930
EH270868,BN113275
BN425360,BN425360
EH574357,EH535597
EH52816,EH52816
BY575881,BY575881
BN71796,BN71796
CZ59148,CZ59148
CW1033551,CW1033551
CT14527,CT14527
DG26759,DG26759
CW633067,CW633067
DL212674,DL212674
EH1021832,EH1021832
BY666415,EH1173851
BY82768,BY219036
CP42032,CP42032
EH386442,EH386442
CG137551,CG137551
CA66987,CW243008
EC16373,EC16373
BN460216,BN460216
BY350777,DE189522
CW804932,CW804932
BE110657,CK5851
BF29213,BF29213
EH841604,EH841604
AL134086,AL134086
AG54013,AG54013
CW940050,CW940050
BY382240,BY382240
EF181944,EF181944
EL79602,EL79602
AL308177,AL308177
CW1230613,CW1230613
CW1157704,CW1157704
AK102795,AK102795
DZ38251,DZ38251
EH1181817,EH1181817
BY582969,BY582969
BE391918,BE391918
CW920125,CW920125
EH827879,EH827879
AL294826,AL294826
BY624306,BY624306
AN180977,AN180977
DN142622,DN142622
AZ4459,AZ4459
DZ66783,DZ66243
AW159213,AW159213
BL439806,BL439806
EH587789,EH587789
EG62464,EG62464
EH671857,DE254102
CW161594,CW859772
CW54238,CW54238
CG136936,CG136936
EH756945,EH756945
EH826822,EH826822
CG95475,CG95475
BE290293,BE290293
CW55068,CW55068
BY549634,BY549634
CJ167226,CJ167226
CW800133,AL193072
BH152779,BH152779
EH777200,EH777200
BL270631,BL345383
BL340846,BL340846
CW704914,CW704914
DT17017,DT17017
DE229798,DE229798
EB66930,EB26832
EF46322,EF46322
EH581600,EH581600
BL389967,BL389967
EH941534,EH903685
EN37226,EN37226
BY381208,BY381208
EH882662,EH860598
EL73317,EL73317
EM88492,EM88492
EH1056136,EH1056136
CG126400,CG126400
AA154704,AA64734
CW819175,BR141826
EH548585,EH548585
BJ28640,BJ28640
CW901146,CW901146
CW1256069,CW1256069
EP61077,EP61077
CJ106181,CJ106181
BH139296,BH139296
AA160837,AA160837
CW701555,CW1023001
CW82564,CW82564
CW234840,CW166027
DL129280,BE94031
DW54389,DW54389
AN14846,AN14846
BZ52278,BZ52278
BN540161,BN540161
EN68753,EN68753
CW915656,CW1078011
BE329197,BE329197
CW1235439,CW1235439
EH910777,EH743652
EH1315665,EH1315665
CW707317,DZ33861
CW215336,CW215336
CW184202,CW184202
DZ5046,DZ5046
BR155793,BR155793
BY657543,BY657543
CW692281,CW751280
BL450512,BL450512
EH376613,EH376613
CW697020,CW697020
CW833555,CW833555
EH602551,EH602551
DL254866,DL254866
EH904462,EH904462
BG33277,BG33277
BN140681,BN140681
EH810848,EH810848
CK5176,BZ10879
CZ67211,CZ67211
AL229906,AL229906
AX27672,AX27672
EH206666,EH206666
BM22369,BM22369
CW975285,CW975285
EG30564,EG30564
EH35718,EH35718
CW799927,CW799927
DL133096,DL133096
CW819661,CW419689
BE188030,BE188030
AA196525,AA196525
CW188644,CW690925
BN449561,BL254276
CW875580,CW1167443
CW280837,CW280837
BG51026,BG51026
BY578381,BY578381
DB171510,DB171510
EH682392,DA64330
AB3049,AB3049
DD57043,DD57043
AB37099,AB37099
AM69838,AM69838
DE183716,DE183716
DL192481,DL194781
CG128718,CG128718
BD92752,BD92752
CA122373,CA122373
EH54636,EH188583
AW196982,AW196982
EG42555,EG42555
BH112284,BH88895
AK160236,AK160236
AL193798,AL193798
DP35187,DP35187
DC9188,DC9188
BD62358,BD62358
DL235515,DL214375
BB39563,BB39563
DX64949,DX64949
BL457348,BL457348
EH827753,EH827753
AS79119,AS79119
CW454407,CW772825
DC18003,DC18003
EH825932,EH825932
DR128971,DR128971
BL467312,BL467312
DA93575,EH617899
BL403136,BL403136
BY637303,BY637303
DE246011,DE246011
BE453818,BE453818
EM98463,EM98463
EH1142278,EH137689
AP52007,AP52007
CA97749,CA97749
BN227804,BN195669
CJ153281,CJ153281
EH813822,EH813822
BY716751,BY716751
BY582299,BY582299
BL296976,BL296976
BE337802,BE337802
CY29083,CY29083
BH61247,BH61247
CW596669,CW596669
EH237038,EH237038
BH21191,BH20338
DL129280,EH509927
DK39390,DK39390
CW763801,CW802330
EN60968,EN60968
CJ194978,CJ194978
CJ126349,CJ126349
DL196896,DL196896
DT44949,DT44949
BL416168,BL416168
BW56116,BW56116
ES14723,ES14723
BR132550,BR132550
CW931513,CW931513
CD7759,CD7759
BR201958,BR201958
DL217800,CE42218
EF151268,EF151268
CM64549,CM57742
EH470366,EH470366
ES22229,ES22229
AW80068,AW80068
BN172488,BN172488
DR66409,DR66409
EP82250,EP82250
EH939369,EH939369
DL177322,DL197877
CM63370,CM63370
DB12484,DB12484
CS22354,CS22354
EH1107448,EH1107448
BY597494,BY579362
EE3742,EE3742
CW125396,CW125396
DH24221,DH24221
DX22648,DX22648
CW974533,CW1347378
AH23019,AH23019
EB75316,EB75316
CJ44410,CJ44410
EH919907,EH919907
CW382828,CW382828
BX20219,BX20219
AL167873,AL167873
DH55815,DH55815
BM46875,BM46875
CJ147423,CJ147423
AX39076,AX39076
CW571896,CW571896
DH55535,DH55535
BE45005,BE45005
AX8782,AN51527
AK98723,AK98723
CJ142703,EF31063
EH523043,EH523043
DE210456,DE210456
CY24193,CY24193
CW729861,CW729861
BK53032,BK53032
BN351516,BN144438
BE407365,BE407365
EH930949,EH930949
AK154791,AK154791
CW572403,CW545672
AL226439,AL226439
DZ66922,DZ66922
EH1319056,EH1319056
DB63312,DB63312
AL31072,AL31072
CW997238,CW175943
AN223938,AN223938
BL80414,BL235887
DE247280,DE247280
AK103755,AK103755
BP57753,BP57753
CW591164,CW591164
AL190284,AL190284
DW59508,DW59508
BX19384,CM61290
EP80140,EP80140
AL132890,DA119463
CP4313,CP4313
AA183362,AA183362
BB49058,BB49058
EH747138,EH747138
ER35218,ER35218
AL239900,AL239900
CW993620,CW860522
CW845728,CW783606
BN390418,BN390418
EH660335,EH660335
EA9967,EA9967
DE95257,DE95257
DD85338,DD85338
CW128861,CW128861
DE330069,BL530731
BR44585,BR54694
EH811754,EH811754
EH371668,EH371668
DP12984,DP12984
AA196276,AA196276
DA43502,DA58133
AK142100,AK142100
CG104210,CG104210
DT18454,DT18454
BY670512,BY670512
AS97222,AS97222
AL260229,AL260229
DT106904,EN66150
DX41687,DX41687
BR124115,BR124115
EH414054,EH414054
AL252389,AL209818
BD84015,BD84015
CW623302,CW623302
AP70896,AP70896
EH776121,EH776121
CB70053,CB70053
BF18644,BF18644
AL199976,AL67069
DB182803,DB182803
CW895578,AA190764
DR49095,DR49095
BG40729,BG40729
EH1161687,EH1161687
BL334336,BL334336
DR39640,DR39640
AS77203,AS77203
EH613056,EH613056
BC12075,BC12075
DZ62088,AL364231
EB63891,EB63891
EH183221,BN194734
DB174074,DB174074
CW980648,CW980648
AA151034,AA151034
BD72338,BD72338
CJ128277,CJ128277
CW986110,CW986110
CC95268,CC95268
BE41943,BE250862
DL104689,DL104689
DR87343,DR87343
AK107896,AK107896
DT87035,DT87035
BC37508,BC37508
AW139528,DD128103
DR149826,DR149826
CZ88109,CZ88109
BY119541,BY119541
AH7097,AH7097
AP79623,AP79623
DD93019,DD93019
DA93626,DA93626
BY315844,BY315844
CC116103,CC116103
EH179259,EH179259
CW523496,CW523496
AX30194,CW15949
CA83786,CA83786
EH962351,EH962351
BH155294,BH155294
CW836310,CW836310
EH825044,EH825044
BF38589,BF38589
DT131844,DT131844
CW81169,CW865495
EH838130,EH838130
AR9746,AR9746
CW1124524,CW870674
AA166619,AA166619
DB239780,DB251817
CW493167,AW69618
BN494708,BN494708
BN433976,BN433976
EH227319,EH583523
BN187600,BN187600
DL260000,DL260000
DR132813,DR132813
DL190602,DL190602
DL253035,DL253035
DK40712,DK40712
BY42186,BY42186
BR231383,BR231383
CW903586,CW903586
AL264607,AL264607
DL184103,DL184103
EH989987,EH989987
BR158828,BR158828
AN156600,AN156600
BE116652,BE116652
CA99066,AW181004
EH1054911,EH1054911
BY491161,BN216283
EH596565,EH535597
CW517414,CW517414
CW582229,CW582229
DL186585,DL186585
CW455480,CW244886
AW168095,AW168095
CE18959,CE18959
DW16173,DW16173
CW99511,CW860990
DZ65078,DZ65078
CY3687,CY3687
AL134513,AL134513
DR104148,DR104148
CW753124,CW753124
AW193618,AW193618
CW1013522,CW1013522
DE279989,DE279989
CW60762,CW60762
DG61224,DG61224
EH288247,EH288247
DK43454,DK43454
EP89469,EP89469
BE403246,BE403246
BE332041,BE337802
DE306332,DE306332
CA36495,CA36495
CC116916,CC116916
CW422578,CW422578
DL233861,DL233861
CW652536,CW773475
EH933887,EH933887
AK38659,AK38659
CW1034655,CW1034655
CW1013111,CW1013111
BN372835,BN372835
CW865630,CW865630
CW808920,CW808920
BE307019,BE307019
DB161322,DB210017
AG13654,AG13654
ER40221,ER40221
EH934112,EH934112
CW864364,CW864364
DL243378,DL243378
AW157641,AW157641
CZ26144,CZ26144
BN400990,BN400990
AP93289,AW208758
CW113834,CW113834
AK27511,AK27511
BY672463,BY672463
EM46775,EM46775
EF195490,CW563859
EH693560,EH693560
CB33447,CB33447
EH574357,DB60300
BH115590,BH115590
AL194454,AL194454
DS97475,DS97475
AK27981,AK27981
BN89622,BN218071
CX15057,CX15057
EN39959,EN39959
DB264367,DB264367
CW472731,CW460882
BE384668,BE409012
CJ147985,CJ147985
BT9915,BT9915
AW155840,AW155840
AL323063,AL323063
DH55799,DH55799
EH1205431,EH1205431
DE226406,DE226406
CW847460,CW847460
BY631440,BY631440
BK44444,BK44444
CW915644,CW915644
CW1101394,CW1355188
BG11156,BG11156
BN471357,BN471357
AK85103,AK85103
DB181009,DB233791
BY416557,BY416557
BG5472,BG5472
CW1053742,CW1053742
DN151580,DN151580
EH749915,EH749915
BH182138,BH182138
EM126993,BL498332
CW584748,CW584748
AD25214,AD25214
BL351213,BL351213
DL188171,DL196578
CW1129045,CW1129045
BE123806,BE123806
BN448501,BN448501
BN526940,BN526940
DX56454,DX56454
CN35793,CN35793
BN307294,BN307294
AB2607,AB2607
BY417651,BY417651
EH969369,EH969369
DP50501,DP50501
DE176109,DE176109
CB27039,CB27039
BD99371,BD99371
CW731178,CW778928
DR101303,DR97628
AL253204,AL253204
AN19512,CT27633
BE39229,BE39229
CW18864,CW18864
BY674367,BY674367
BW66197,BW66197
BR89545,CN75412
CL33752,CL33752
CW123517,CW123517
EF146114,EF146114
CY24849,CY24849
EH546853,EH546853
EM66702,EM66702
BL325336,BL325336
AP65520,AP65520
BL444881,BL444881
DR24589,DR24589
AL116880,AL116880
EF7066,EF7066
DG48479,DG48479
CW873968,CW873968
CW340820,CW1345809
EH1316466,EH1316466
BY712634,BY712634
CW543117,BB41888
DG50431,DG50431
EM107955,EM107955
CJ98208,CJ98208
CW695636,CW823739
CW655762,CW655762
DX35540,DX35540
BR171366,BR158827
DE300544,DE300544
CW232797,CW232797
DL187661,DL187661
CW914516,CW914516
CG149962,CG149962
EH921147,EH921147
AG20566,AG20566
AA168701,AA168701
EH473722,DL210162
CW488606,CW488606
DE179290,DE179290
DA4129,BZ36317
CJ2739,CJ2739
BY442610,BY442610
CW1241462,CW1241462
AS64952,AS64952
EH1024983,EH1024983
AX66727,AX66727
DB41713,DB41713
BL417653,BL417653
CM9504,CM9504
EA45361,EA45361
AP82717,EA32953
BY268380,BC61811
CW1029241,CW1029241
BL154710,BL154710
CZ84843,CZ84843
CW617756,CW617756
AS62038,DB36435
EL82207,EL82207
AL44536,AL44536
CW605053,CW208884
DP39964,DP39964
EH313079,EH921296
EH952718,EH952718
EF9782,EF9782
EH975947,EH975947
BY610327,BY610327
EF118572,EF118572
BL296246,BL296246
DT75661,DT75661
EF17163,EF17163
CW658566,CW658566
BN481832,BN481832
DT150637,DT150637
CW1059619,CW1059619
CW69040,CW343529
DN17584,DN17584
BN448598,BN448598
AP47743,AP47743
BW18013,BW18013
CL51985,CL51985
BL290014,BL285735
CW697441,CW697441
DB288034,DB288034
CW231310,CW231310
EN58810,EN58810
DJ12570,DG45277
CW542929,CW538501
BN411535,BN411535
DB277571,DB324775
EH1110679,EH1110679
DT166496,DT170802
CW1171383,CW1332368
EH983842,EH471589
BE291994,BE291994
BN15574,BN62895
EH374556,EH146291
DT129882,DT129882
DE274878,DE274878
DF14219,DF14219
AA180118,AA180118
CW1255180,CW1255180
EH364399,EH364399
EH341537,BC27230
BY583602,BY583602
BY671110,BY671110
AN100830,AN100830
BE376949,BE376949
CW1243740,CW412128
CW1320968,CW1320968
AA129954,AA129954
CW514290,CW147629
CP12015,CP12015
DA15892,DA41470
CW734877,CW734877
AK154664,AK154664
AW196403,AW196403
DG39122,DG39122
EH1056395,DZ69005
CW373511,CW110251
BZ63669,BZ63669
AA117057,BY409669
CJ18685,CJ18685
AK78736,AK78736
CW994125,CW994125
DS89567,DS89567
EF148690,EF148690
BL437359,BL437359
CM28543,CM28543
CW204632,CW121117
DD122437,DD122437
EH822063,EH822063
DZ61934,DZ61934
CW912400,CW912400
DX45130,DX45130
AB16807,AB16807
EH1221994,EH1221994
EJ22412,EH731602
BS7431,BS7431
BZ19936,BZ19936
EH1204141,EH1204141
EH936180,EH936180
EF56000,EF56000
BD113982,BD113982
BL516320,BL516320
AD6077,AD6077
AN115190,AN115190
CW698616,CW698616
DA117339,DA117339
DW22758,AW17829
CW359534,CW359534
BL478629,BL478629
EH839797,EH839797
EF203286,EF203286
EH1137167,EH1137167
CW792362,CW792362
AM47181,AM47181
BE155766,BH152686
CW38003,CW38003
CJ5103,CJ5103
EM98827,EM98827
CW23083,CW23083
DP18462,DP18462
AN74306,AN74306
BL36620,BL36620
DB148989,DB218743
EH666375,EH666375
BG32745,BG32745
EH873008,EH242942
EH641791,EH641791
CW530274,CW530274
BH91547,BH91547
CW325179,CW325179
DS95987,DS95987
CW1071929,CW830970
CW84919,CW392118
ES22317,ES22317
EG49539,EG49539
CB36332,EH148452
BB104328,BB95939
DE11912,DE11912
AL52702,AL54649
CJ44414,BP29977
EH824533,EH824533
BR192547,CZ28866
EH620160,DA32992
EN26644,EN26644
AM30563,AM30563
EH974964,EH974964
BN450843,BN450843
DR23515,DR23515
EH1317245,EH1317245
CW850345,CW597388
BZ48744,BZ48744
CZ68708,CZ68708
BN370522,BN370522
AX72779,AX72779
DE235267,DE235267
EH1253011,EH1253011
CJ195375,CJ195375
DB240467,DB240467
CW965439,CW965439
CW162116,CW122703
BD156007,BD156007
BP67712,BP67712
BH100651,DA77123
AS91070,AS91070
AM18151,AM18151
CW201939,CW164039
AK93518,DL167053
CJ169697,CJ169697
BN32099,BN32099
EL36065,EL36065
CW59124,CW59124
CW1086023,CW1238538
BE280235,BE280235
DB244337,DB244337
BJ36821,BJ36821
DB10576,DB10576
AM84542,AM84542
BN330311,BN330311
CW1030276,CW432373
BL416227,BL416227
DA73458,CN64039
CW564210,CW564210
BY447411,BY447411
AS14190,BG33825
BZ35404,DS71477
EH785105,EH1225670
CT48753,CT48753
DH23590,DH23590
DL46513,DL46513
DE257065,DE257065
CW893981,CW893981
AN169039,AN169039
BE276441,BE276441
EL72333,EL72333
CS31828,EN73838
EH362051,EH362051
CW879462,CW554862
BE2933,BE2933
CW574522,CW574522
EF148052,EF148052
BG52192,BG52192
DX21656,DX21656
BN358008,BN358008
EF150709,EF150709
CG154239,CG154239
AL321329,AL321329
DD168017,DD168017
EH709528,EH709528
EH921723,EH921723
BN379946,BN379946
DS124547,DS124547
DS67202,DS67202
EM120952,EM120952
EL73484,EL73484
BL416337,BL416337
EH910489,EH910489
DB285606,DB285606
AP85952,AP85952
DA91091,DA91091
CW1045083,CW1045083
AA178985,BW53602
DS35743,DS35743
CW828859,CW828859
CW914754,CW914754
EH837622,EH871633
BR212923,BR212923
DP3822,CJ160210
CL30416,CL30416
CA16770,CA16770
CW1082776,CW1082776
EH684669,EH684669
AL307191,AL307191
DS75387,DS75387
CW1273856,CW1273856
BN293396,BN300095
CN77941,CN77941
AN80172,AN80172
AT15695,AT15695
DL193057,DL193057
DS99424,DS75682
DR42726,DR42726
CW907081,CW91844
BJ13893,BJ13893
BJ38075,BJ38075
AL88725,AL88725
BY593825,BY593825
EH574357,EH1205146
DR120372,CZ92164
EH471819,BY268159
CW623011,CW446492
CM60711,CM60711
CN71440,CN71440
BN452466,BN454017
DT168033,DT168033
CW149163,CW149163
CC10479,CC10479
CJ138789,CJ138789
ED40583,ED40583
AG57667,AG57667
CG58038,CG58038
CW1301535,CW1301535
DB223741,DB223741
CW202189,CW464596
CW912968,CW912968
DR108426,DR115709
CX19611,CX19611
EH1116789,EH1116789
CW1118883,CS28775
EM108949,EM108949
EH969215,EH969215
CW495502,CW158749
DB289902,DB289902
EH800101,EH800101
BN438837,BN438837
BN383006,BN383006
CW159673,CW159673
EL7515,EL7515
EH1106810,EH1106810
CW972453,DC4232
CH39987,CH39987
AP2775,AP2775
BL349520,BL349520
BN142308,BN142308
CW1021290,CW1021290
BN319722,CA130300
EH111551,EH111551
AK133420,AK133420
CW981436,CW1195591
BL489342,BL489342
BP31944,BP31944
DT151989,DT151989
CG170751,CG170751
DT32006,DT32006
AG47639,AG47639
EH857991,EH857991
AM26115,AM26115
BN425055,BN425055
DE290013,DE290013
DT156538,DT156538
EH633093,EH633093
CW236172,CW216625
EH755245,EH755245
DS82171,DS82171
BY379955,BY379955
EH955482,EH863924
BR83143,DA41470
BR154117,BR154117
AM93242,AM93242
AW114138,AW114138
BY587295,BY587295
EH875103,EH875103
BE209713,EH164982
EH684302,EH684302
EF31263,EF31263
BY552733,BY481577
BE287645,BE287645
EH828269,EH828269
BE181365,BE181365
BR34509,BR34509
EH550761,EH550761
BN50818,BN11162
DB166463,DB166463
CW76873,CW821228
BH125165,BH125165
EA45320,EA45320
BE334563,BE214939
CW204374,CW204374
EF2931,EF2931
EF158895,BD69817
EF163917,AL311555
DE269323,DE269323
AY28392,AY28392
DD162037,DD162037
CW703700,CW703700
CW1020570,CW1020570
AD28153,AD28153
DR69289,DR69289
DJ12941,DJ12941
CJ123083,CJ123083
BL408924,BL471651
CW22262,CW22262
DB243425,DB243425
BE35921,BE35921
AA182441,AA182441
CS20155,CS20155
AA153829,AA153829
AL229910,AA154646
CJ8417,CJ8417
BD95102,BD95102
AS70359,AS70359
CJ33022,CJ33022
ED8669,ED8669
EL42729,EL42729
CW512941,CW393014
BN319722,CW1018629
BZ55037,BZ55037
CW605132,CW605132
DC8734,DC8734
BE237881,BE237881
BX17910,BX17910
EB68384,EB68384
CW831140,CW831140
CW1060188,CW1060188
EF125467,EF125467
BL349388,BL349388
AL255523,AL255523
BZ52203,BZ52203
AW145184,AP47183
EF101801,EF101801
BM51596,BM51596
BL261651,BL261651
CW928814,CW664135
CG105038,CG105038
DR63281,DR63281
DJ13328,DJ13328
EH98460,EH98460
EH443863,EH443863
AL254589,AL254589
CW72887,CW95058
DL227001,DL227001
AL341191,BH134730
AA180280,AA180280
CW1157601,CW1157601
EH686351,EH686351
EH1130906,EH1130906
BC58853,BC58853
BG34102,BG34102
CW784623,CW784623
BY481374,BY554789
EH1122660,EH1122660
BN383661,BN383661
DN19070,DN3746
CW121117,BR200670
EH255601,EH255601
EH1022198,EH1022198
BN334250,BN334250
CJ157960,CJ157960
CW73226,CW73226
EF77325,EF77325
BE344248,BE344248
BC38593,BC38593
AB12669,AB12669
DE257824,DE257824
BZ31872,BZ31872
EB63071,EB63071
DW24452,DW24452
BN210026,BN210026
BB13429,BB13429
EH639278,EH639278
CW1003797,CW1003797
AS83507,AS83507
AL335647,AL335647
AY21267,AY21267
BR109620,BR109620
EB65775,EB65775
CW407867,CW407867
AX68700,AX68700
AL57499,AL57499
CW1089770,CW1089770
AX75822,AX75822
BE393465,BE393465
BY589510,AX33562
CW1252784,CW962137
BL113934,BL113934
AL65796,AL65796
AD17944,AD17944
EH766357,EH766357
EH833132,EH833132
CW197317,CW197317
BL101324,BL35242
CW438208,CW438208
BL96442,EL58048
CA134604,CA134604
CW470492,CW797529
ED47890,ED47890
DE259890,DE259890
AA207501,EJ23951
DT140804,DT140804
CW656737,CW656737
BW41364,BW41364
CN40467,CN40467
CW1110012,CW597388
CW758165,CW1068426
CW1121423,CW826559
AM66752,DE288714
EH936501,EH936501
CW502597,CW875536
AN115721,AN115721
DE104571,DE104571
ER2995,ER2995
EF145268,DZ54124
EH699360,EH699360
EF147992,EF147992
BZ3745,BZ3745
EP68961,EP68961
BE10393,BE10393
DP45756,DP45756
BN313113,BN313113
BE190626,BE219510
BE362745,BE362745
DL243751,EH50129
CW185071,CW185071
CW663459,CW663459
EH825029,EH825029
BN455994,BN455994
BH76587,BH76587
EH242416,EH103322
CW441872,CW441872
AN177004,AN177004
EH741121,EH741121
BE405326,BE405326
AL64275,AW208956
EH1026322,EH1026322
BR75513,BR75513
EH1114529,EH1114529
EH870978,EH870978
CW806961,CW806961
CD26640,CD26640
CW703249,CW860786
CW947788,CW947788
BY404163,BY404163
CE16606,CE16606
AL237548,AL237548
BN440700,BN440700
EM103403,EM103403
BE50523,BE50523
EB41650,EB41650
AG46820,AG46820
EH1066747,EH1066747
BB88899,BB88899
EF13945,EF13945
CW778355,CW778355
EP99279,EP99279
BE97689,BE378062
DE270843,DE270843
EH592393,AW167134
EB52210,EB52210
AP61937,AP61937
EH412385,EH412385
AL136837,AL136837
EH242086,EH242086
CW726288,CW726288
BY28325,BY72819
AL84668,AL84668
EG4174,EG4174
AP81900,EP95435
EH590309,EH590309
BR89981,BR89981
CW321834,BR150862
BZ45048,BZ45048
BE243329,BE243329
BJ12266,BJ12266
DH55881,DH55881
DD141709,DD141709
BE389467,BE389467
BC52400,BC52400
EN25836,EN25836
DL101707,DL101707
CW189817,CW688390
BY558534,BY558534
EF74379,EF74379
BR136178,BR136178
DA68850,EF75739
BE234556,BE314269
AD21330,AD21330
CW115523,CW441211
DJ12032,DJ12032
AK37922,AK37922
CT34196,CT34196
EH325311,EH325311
BH53315,BH53315
CW1369981,BR83272
EK16384,EK16384
AM15732,AM15732
CW692306,CW692306
BM71711,BM71711
BE274313,BE274313
CW627095,CW1182829
EN35553,EN35553
BB90390,BB90390
CJ175105,CJ175105
EA51565,EA51565
EH986928,EH986928
AW171048,AW171048
EH395488,EH395488
AW77428,AW77428
BH151947,BH151947
CG84657,CG176911
CW951423,CW1273196
CW428417,CW428417
EH1150808,EH1150808
CW1033143,CW173656
BN120375,BN317195
CW123833,CW232303
CW690720,CW690720
CJ68268,CJ68268
EH1120453,EH1120453
CC137246,CC137246
AW104820,AW203617
CW1294808,CW833926
BY481374,BY481374
BL86849,BL86849
CM51394,CM51394
CW102115,CW79323
CB53110,CB53110
CW68751,CW68751
DE122428,EH511095
AK94468,AK94468
EF217830,EF217830
CW728075,CW728075
CW823154,CW823154
CZ4182,CZ4182
EH921036,EH921036
BR200670,BR200670
EP66336,EP66336
AW119194,AW119194
CW852389,CW852389
BH116318,BH116318
BB83736,BB83736
EH1025835,EH1025835
BK17843,BK17843
DA125460,DA125460
DL257885,DL257885
CW1081662,CW764053
EH909623,EH909623
DS84883,DS84883
DE288455,DE288455
BE349085,BE349085
BY638531,BY638531
BY51718,BY51718
CW895620,CW895620
EH803724,EH803724
DK43185,DK43185
BN227804,BJ8688
CT30390,CT21000
DL149000,DL149000
DH26373,DH26373
DB219771,DB219771
EH513368,EH513368
EH680700,CJ127327
BL246693,BL246693
CG132635,CG132635
CW817593,CW695636
EH1157022,EH1157022
BR17089,AA95622
AN120995,AN120995
EH272031,EH272031
BH101746,BH101746
AN210275,AN210275
DP14615,DP14615
CP31516,CP31516
EH592506,EH592506
EH1093526,EH1093526
AL214030,AL214030
EH1217338,EH1217338
CW692727,CW399851
DZ54294,DZ54294
AZ15048,AZ15048
BH112711,BH112711
AP78526,AP78526
CW718176,CW718176
AK97630,AK97630
BN133757,BN133757
CZ84619,CZ26195
BN221185,BN221185
BE305222,BE305222
CG43943,CG43943
AW139584,AW139584
EH1264861,EH1264861
BY375887,BY375887
DM20489,EH143484
DN27218,DN27218
BY635102,BY635102
BL345623,BL345623
CW1330495,BN364918
CW1239941,CW183784
DN107813,DN107813
AA72158,AA72158
DL252688,DL252688
DP34486,EF135929
BY568866,BY568866
AK134324,AK134324
EN76751,EN76751
DR134649,DR134649
DT80638,DT80638
CW1110012,CW550898
DE281458,DE281458
CW60757,CW60757
DL246319,DL246319
ED30024,EH242463
EH825764,EH825764
DP6896,DP6896
DC13603,DC13603
CK13433,CK13433
CW362868,CW969010
DE285006,DE285006
AL67504,AL67504
CB77519,CB77519
BL427213,BL427213
DR57342,DR57342
CL49444,CL49444
CG184350,CG184350
EH439844,EH439844
DT122885,DT122885
EH281466,EH281466
EH90903,EH90903
CW1181136,CW1181136
CB70478,CB70478
BN409763,BN406533
CW43788,CW602333
EF75364,EF75364
CG156945,CG86031
BL227824,BL227824
EF45009,EF45009
CW185423,CW185423
BP19213,BP19213
EH353027,EH236299
DK34666,DK34666
BY482175,EH451154
BN90247,BN90247
BE212159,BE212159
EL2625,EL2625
AY27993,AY27993
EH1130099,EH1130099
BL315711,BY705013
BY645375,BY645375
CL5966,AA38867
CG100154,CG100154
EH118673,EH118673
CT45626,CT45626
DL131041,DL131041
EP59372,EP59372
DH29099,DH29099
CJ136966,CJ136966
AL89953,AL89953
DA31816,DA104415
EM26604,EM26604
CW671375,CW384768
CW1326978,CW1326978
EA46987,EA46987
BF10820,BF10820
EH561099,EH561099
CC143261,CC143261
BH62830,BH62830
DE293425,EN78185
BE165936,BE165936
BN478324,BN478324
CW1175218,CW158531
AX46481,AX46481
EH931292,EH931292
CL51194,CL51194
ES19892,ES19892
AC4411,AC4411
EH1130602,EH1130602
BL261971,CZ121627
CW935955,CW709970
EH1134665,EH1134665
EH918173,EH918173
DX21064,DX21064
EL87755,EL87755
CW819245,CW467202
AN68462,AN68462
DR123721,DR123721
EH1138041,BE115648
AA164934,CW1082771
DA66258,DA66258
DB6033,DB37673
EH1129178,EH1129178
BN457859,BN457859
AL184922,AL184922
CW1164383,CW1164383
EH832350,EH995975
DN152560,DN152560
AL101371,AL101371
DJ15004,DJ15004
BN174542,BN160947
CW1062968,CW1062968
EH373645,EH373645
EF5773,EF5773
AL247426,AL247426
EH1023176,EH1023171
AK98747,BL146086
CW783606,CW784174
EH64275,EH64275
CN28475,CN28475
AN68408,AN79513
CW885316,CW229395
BZ57993,BZ57993
DB168615,DB168615
EL72547,EL72547
EF43157,EF43157
AL51831,AL51831
CW1248312,CW1248312
CW843584,EH592393
CW1013135,CW1013135
CW891245,CW905692
EH1072583,EH1072583
EH802187,EH802187
DA76812,DH21740
CW776427,CW561199
CM13683,CM13683
BN328987,BN328987
EH554130,CL34430
EH574357,EH574357
EH1004972,BW24246
EH1204896,EH1204896
CW890811,CW890811
EH779937,EH779937
CW1063161,CW974765
BM51941,BM51941
EH1271695,EH1271695
CM57594,CM57594
EG37503,EG37503
DP23822,AL193354
BH39188,BH39188
EM10985,EM10985
DD94883,DD94883
BN310411,BN310411
AA114475,AA114475
DN157291,DN157291
CS26923,CS26923
CZ107445,CZ107445
AL274291,AL274291
CW767705,CW767705
AW60423,AW60423
CW867157,CW867157
BE247693,BE247693
DE69705,DE69705
AA186091,AA96238
AL51822,AL51822
CW611998,CW611998
CW1245598,CW1245598
EH778141,EH778141
BM67956,BM67956
CJ202708,CJ202708
EL25176,EL25176
AP46261,AP46261
DE174563,DE44717
BB79345,BB79345
BL415195,BL444718
BY376465,BY376465
CW958322,CW778922
CW1088846,CW1088846
CW291993,CW555335
EH648081,EH269882
CW917808,CW917808
BH60395,BH60395
BL25503,BL25643
EH665978,EH665978
DR105278,DR105278
BN413908,BN413908
AL312866,AL312866
CW778712,CW778712
EA48403,EA48403
AS64339,AS64339
BL341395,BL341395
CE41572,CE41572
EH292285,EH392320
AL74186,AL74186
EM91394,EM91394
EH827349,EH827349
DS73864,DS71477
BE269001,BE269001
BJ31475,BH131666
BL257392,BL257392
EH654856,EH784979
BK53098,DZ42884
EH785191,EH785191
BY516758,BY516758
DN152329,BY186729
CA31086,CA31086
DH40181,DH40181
CG166097,CG166097
CW972453,ES20584
CW498039,BE347094
DW55914,DW55914
AL173816,AL173816
BN337803,BN337803
AL13924,AL13924
BP71298,BP71298
AK96935,AK96935
BL254941,BL254941
BE305077,BE305077
AX77340,AX77340
AH21740,AH21740
AG51189,CE42218
EH241169,DS102413
AL224016,AL224016
EB67246,EB67246
CZ106628,CZ97572
CW99807,CW268174
EH1011875,EH1011875
BN131505,BN131505
BN450199,BN450199
BL222134,BL222134
AG54091,AG54091
CW950475,CW950475
BW63343,BW63343
BY310562,BY310562
AW94371,AW94371
AB10755,AB10755
AB4297,AB2049
CY33042,AN7741
CW152201,CW630855
AP12748,AP12748
CB78674,CB78674
EH802748,EH802748
BY549697,BY549697
BL449599,BL449599
DT106904,BR106680
CW44605,CW44605
DA71567,DA71567
BC66736,BC66736
DE308710,DE308710
DJ13272,DJ13272
BE372774,BE372774
AK105251,AK105251
CW1178925,CW1327819
EB62669,EH860350
AW58116,AW58116
AX51860,AX51860
BL94617,BL361614
AK70741,AK42989
BN298004,BN298004
BE441761,BE441761
CW1116428,CW1116428
CW974105,CW974105
EH966712,EH966712
CW798957,CW798957
CW861243,CW133941
CW558249,CW558249
CW654907,EH465617
CW1041068,CW1041068
CJ91968,CJ91968
CW815433,CW815433
DE259308,DE259308
BL428722,BL428722
BG4078,BG4078
CW776887,CW776887
AN186179,AN186179
BL412954,BL412954
BY297965,BY297965
BE339713,BE339713
CN12725,CN12725
DG52662,EP86461
CH47241,CH47241
DL129280,CW324123
EH48522,BN88689
DB292801,DB292801
BH127599,BH127599
BE276679,BE276679
EH640628,EH640628
EH897160,CZ76360
BP12897,BP12897
EH1318388,EH1318388
CW26092,CW26092
EA44964,EA44964
BZ62937,BZ62937
AL187293,AL187293
CC129212,CC129212
AW40204,AW40204
EF152457,EF152457
BY392008,BY392867
BL406590,BL406590
AD28436,AD28436
CW1190392,CW203527
CW781258,CW781258
BR172315,EH321357
BY360043,BY360043
DH51184,DH51184
CJ152271,CJ152271
AP83042,AP83042
AB15846,AB15846
AW184777,AW184777
DZ15226,DZ15226
EH1078680,EH1078680
BG26784,BG26784
BW32276,BW32276
CW1072337,CW1072337
CJ89077,CJ89077
CW966062,BG22469
CC101842,CC101842
CW953448,CL45330
DB220578,DB220578
DE276142,DE276142
DX3368,DX3368
CW865945,CW865945
AL168479,AL149672
EH820304,EH820304
EJ25325,EJ25325
BM75883,BM75883
CG163458,CG163458
CL54940,CL54940
CW968944,CW165243
EH660374,EH660374
EP32763,EP32763
BZ52778,BZ52778
BZ36307,BZ36307
EG53931,EG53931
CM60076,CM60076
BR78699,AK9205
CW1087095,CW560381
AK98065,AK98065
DS68279,DS68279
CW923721,CW421399
DE251835,DE251835
DB282885,DB282885
ES15027,ES15027
DH24448,BL104581
AA113551,AA113551
CW804721,CW804721
DB213556,DB213556
CW70360,CW70360
BE410523,BE460161
BB106559,BB106559
CW758165,CW758165
CE54224,CE54224
BY532264,BY544557
EF162055,EF162055
BN496349,BN496349
EH1042126,EH1042126
EF127470,EF127470
AK116097,AK116097
DB319655,DB319655
CW1114879,CW1114879
BJ39695,BJ39695
EH504540,BN364847
BN514321,BN514321
BE208618,BE208618
AD2443,AD2443
BR164078,BK43264
DB14980,DB14980
CZ43620,CZ43620
EH971775,EH971775
AN102895,AN102895
EF199674,EF199674
EH1167272,EH1167272
EH961545,EH961545
CW967704,CW967704
AA108035,CW287954
DT158505,DL86988
CB60454,CB60454
CG111772,CG111772
DD100573,BB22930
CW962051,CW962051
DE148853,DE148853
CW458592,CW373511
BY506629,BY506629
CJ155089,CJ155089
EB32259,EB32259
CJ26238,CJ26238
EH400569,EH400569
CW550733,CW550733
BZ22122,BZ22122
BL459957,BL459957
CW967269,CW967269
BY612191,BY612191
EM44613,EM44613
CW862992,CW537566
BE294970,BE294970
CA97257,CA97257
CW774238,CW774238
AA124519,DS71477
BL431834,BL431834
BH50118,BH50118
CJ160378,CJ160378
CG87504,CG87504
DE316072,DE316072
BX16087,BX16087
BL131339,BL131339
DD21143,DD21143
EL94796,EL94796
AL91083,DA115247
CW381813,CW450031
BR183283,BR183283
BY553524,BY553524
BE138963,BE138963
BJ36016,BJ36016
CW1256281,CW1256281
BY377962,BY377962
EH621611,BY312977
EP57571,EP57571
DL134557,DL134557
EL79536,EL79536
CW544904,CW567361
EH827730,EH827730
CS16524,CS16524
CB56291,CB56291
CW513868,CW513868
AX27955,AX27955
CW798715,CW798715
AM46578,AM46578
BN156332,BN156332
CC143713,CC143713
CL48108,CL48108
CW548381,CW718971
DL92575,DL92575
EH90884,AX14171
DP23822,CW623399
EM28019,EM74707
BY401705,BY401705
CW700870,CW700870
AL72959,AL72959
BY635792,BY635792
CW908154,CW1167444
CW802589,CW802589
CW967268,CW967268
CW169375,CW169375
BE75163,BE126347
EH932578,EH932578
BD108596,BD108596
BB69346,BB69346
CZ92390,CZ92390
CW183239,CW183239
CW973034,CW973034
EH1130186,EH1130186
DE289927,DE289927
CW177142,CW1078802
CW750639,CW664135
AW201615,AW201615
AL187714,AL187714
CW1233693,AL325889
AB32234,DB172843
EF215726,EF215726
EL53242,EL53242
CW682397,CW682397
BY60176,BY16476
CL40583,CL40583
DY12176,DY12176
BM54335,BM54335
BN452172,BN452172
EH1131838,EH1131838
DE264283,DE264283
BG5134,BG5134
CJ25472,CJ25472
CW940057,CW940057
BL295822,BL295822
CW894101,CW894101
BE288795,BE288795
DN29134,DN29134
AK98580,AK98580
DR111587,DR111587
CW541100,CW541100
CW385736,CW796133
BZ63368,BZ63368
AN215670,AN215670
CW130609,CW130609
DD157985,DD157985
DR145220,DR145220
CG91078,CG63733
ER2398,ER2398
EH1125311,EH1125311
BY333489,BY333489
AZ8935,AZ8935
AW200822,AW200822
DR34456,DR34456
BY549046,BY549046
DT117670,DT117670
DS98038,DS98038
AG22323,AG22323
CC142475,CC142475
DR28998,DR28998
EH57830,EH57830
CW1204381,CW1204381
EH247556,EH247556
CA20623,CA20623
BD116968,BD116968
EH1055389,EH1055389
BE284336,BE221079
AL250792,AL250792
BN336930,BN336930
EH621634,EH316958
AN82900,AN82900
CW410306,CW410306
BN435730,BN435730
CW42328,CW42328
EH1160297,EH1160297
EH223406,EH237871
CW682191,CW682191
CG125445,CG125445
EH879542,DL182769
AM28568,AM28568
BH124333,BH124333
CP42246,CP42246
CW168153,CW223164
BY376496,BY376496
CW939562,CW939562
CS6012,CS6012
EA48536,EH1054911
DD114368,DD114368
BE372730,BE372730
EF60637,EF60637
CW751304,CW751304
DY37056,DY37056
AL216315,AL216315
DM31272,DM31272
BZ14887,BZ14887
DT65179,DT65179
BE50192,BE80120
ED46088,ED46088
CW1055830,CW1055830
EH989956,EH989956
DB289254,DB289254
BN239696,BZ46595
EH1144565,EH1144565
EH699877,CW746583
BY117494,BY174307
EM102498,EM102498
EM94450,EM94450
DE28637,DE75663
EH671857,EH671857
AN85773,EH461254
CR24593,CR24593
CW1073276,CW383565
AL41443,AL41443
BR210409,BR210409
CW522649,CW522649
DX51069,DX51069
CW705321,CW403779
EM104516,CS30949
CR25605,CR25605
DZ11501,DZ11501
AN145580,AN145580
AL95526,AL95526
CB84506,CB84506
EH1076081,EH921809
BY710094,BY710094
AN138418,DT122842
BY670767,BY670767
AA144118,BG11024
BK48029,BK48029
EH254449,BD77965
DB190900,DB190900
EH228932,EH228932
BN252554,BN252554
CZ102895,CZ102895
DH42974,DH42974
EF2420,EF2420
EP99633,EP99633
CW699831,CW699831
BC29839,BC29839
CW1037068,CW803223
EP73461,EP73461
EF123219,EF123219
AM89512,AM89512
BR89440,BR89440
CW796386,CW796386
CW279115,CW576484
AK60086,AK60086
BL209586,BL209586
DR113139,DR113139
CW1064311,CW1064311
DN126625,DN126625
EH960366,EH960366
DL189803,BY409682
EH557075,EH557075
AL71909,AL74345
EF8490,EF8490
BY414128,BY365893
BY331223,BY331223
EP106742,EP106742
BP55888,BP55888
AW184451,AW184451
EH1268385,EH1268385
BY541353,BY541353
DB182198,DB182198
DR46073,DR46073
EH1130786,EH1130786
EH1199273,EH1199273
CW874430,CW874430
BL331298,BL331298
DE275453,DE275453
BR122031,BR122031
BW46272,BW46272
DL258569,DL258569
CJ39115,CJ39115
DB187341,DB156018
CJ115533,CJ115533
BL260491,BL260491
EH814767,BN396022
DE307691,DE307691
CA119896,AG61810
EK21377,CJ176244
EH897299,EH897299
DA77105,DA77105
EF169445,EF169445
AG47067,AG47067
DL206307,DL206307
AL107462,AL107462
CF2498,CF2498
BN320911,BN320911
AL184579,EH732902
BL298503,BL298503
DN129966,AL302610
DA69256,DA69256
DD26942,DD26942
CW782040,CW782040
CW313094,CW313094
CN71683,CN71683
DB6783,DB6783
DF20318,DF20318
CC132459,CC132459
AW106680,AW106680
DC25836,DC25836
DL175721,DL175721
DS119058,DS119058
CJ54465,CX17061
EF143299,EF143299
BJ37147,BJ37147
BN78209,BN78209
BY527396,EH805669
AL171123,AL171123
BM74749,BM74749
EF28172,EF28172
EH1034024,EH1034024
BL301312,BL301312
BJ15613,BJ15613
EF232437,EF232437
CW200665,CW200665
BR193001,EA37018
CG108192,DD55827
CW1030732,CW1030732
CW197447,CW1318155
BY666314,BY666314
CS29515,CS29515
CW834414,CW834414
EH827855,EH827855
BL235887,BL235887
EH534295,EM105406
CC54993,CC54993
DB182659,DB182659
AA168642,AA168642
EH534280,EH534280
BR230604,BR230604
BR17089,CG30957
BS6437,BS6437
DM13234,BR45335
DT137453,AS78733
BE67544,BE67544
CW228740,CW140443
DB291194,DB291194
DP36697,DB263907
AL222221,AL222221
DG37117,DG37117
DT115989,DT115989
CW1110425,CW1110425
DB253775,DB253775
BL321026,BL321026
BM71108,BM71108
DR43026,DR43026
DL237405,DL237405
CW297235,CW297235
DE197184,DE197184
EH1017079,EH946501
AJ32072,AJ32072
CW188644,CW188644
CW703826,CW1325587
CM62480,CM62480
BL251150,BL251150
DE114659,BL176212
DL138074,CZ39741
CW554828,CW539837
CW95197,CW95197
AN178999,BL460376
AK103887,AK103887
BL401584,BL401584
BL496731,BL496731
EH155966,EH155966
BH116210,BH116210
AW218455,AW218455
AK73766,AK73766
CW1066982,CW1066982
AX77222,AX77222
DB242281,DB242281
EH781806,EH781806
DD83050,DD83050
EH873235,EH873235
EH298225,EH298225
CW99090,CW99090
BE78572,BE53649
EH198453,EH285699
BL494376,BL494376
BY574021,BY574021
AW164744,AW164744
CA84255,CA84255
BE405765,BE405765
EH604971,CB23662
CW924188,CW924188
DA90113,DA90113
CW1149082,CW1149082
CW1018249,CW1018249
DR28132,DR54313
DB275527,DB275527
AR2244,AR2244
CC119808,CC119808
DG26997,DG26997
ER38251,ER38251
AB36797,AB36797
CZ58184,CZ58184
DT138547,DT138547
BE246244,BE246244
AG40813,AG40813
CW500520,CW500520
CW1037805,CW1037805
CW15677,CW15677
AN59355,AN59355
CW440145,CW136894
BN359502,BN359502
EP70283,EP70283
EL81780,EL81780
AW102293,AW102293
CT25920,CT20544
CN21815,CN21815
AC4178,BH117538
CW918308,CW767536
EN51126,CG194137
AL92032,AL92032
EH983169,EH983169
EF134195,DT122842
CW483407,CW483407
BY460800,BY365786
BY632355,BY632355
AW181004,AW181004
CW21167,CW21167
DR132780,DR132780
AW48799,AW48799
BH95626,BH95626
EN26240,EN26240
AN142403,AN142403
AL173935,AL173935
BL454207,DE289386
BG33739,BG33739
CW675740,CW675740
EH827680,EH27593
CC99368,CP16801
DB33799,DB33799
DH2376,DH2376
CW436845,CW436845
AL212664,AL212664
AS59834,AS59834
BE402626,BE402626
CA126931,CA126931
CW974042,CW974042
CW1162815,EH1129191
DB227661,DB146289
DT120917,DT120917
CW607471,CW607471
BM29004,BM29004
AM74471,AM74471
AG36354,AG36354
BW9702,BW9702
CL9256,CL9256
CW1131449,CW940521
CA68957,CA68957
EH63420,EH238372
DT109961,DT109961
BE299002,BE299002
DB89492,DB89492
BE95079,BE95079
AA138312,AA138312
EH934748,EH934748
ED28116,ED28116
CW847362,CW847362
BE443314,BE443314
CW1316132,CW1316132
BZ13157,BZ13157
BL343736,BL343736
EH90526,EH90526
BL43561,BL43561
BN320031,BN320031
CW233643,CW364521
DE279313,DE279313
EH910213,EH910213
BY503190,BY503190
EM135757,EM135757
BY533691,BY533691
BF10958,BF10958
AX52302,AX52302
CW129103,CW129103
CW142601,CW142601
EJ23951,AK169767
AL263022,AL263022
DD113244,DD113244
CM41588,CM41588
BL22887,BL22887
CN95330,DP42294
BN362278,BN362278
BX23908,BX23908
BL389042,BL389042
CG98878,CG98878
AL345373,AL345373
AK86308,AK86308
BS4735,BS4735
DL102831,DL102831
BL115408,BL115408
BR170861,AN206487
BE350099,BE350099
CW841754,CW841754
BM54432,BM54432
BE361081,BE361081
DD167622,DD167622
BE252202,BE251982
CW328189,CW443729
CW790363,CW790363
EH147186,EH147186
AW108537,AW108537
CW874605,CW874605
BY675575,BY675575
EH215872,EH299753
BR210307,CN65484
DZ32316,DZ39208
EF202298,EF202298
CW311268,CW1123825
BE352543,BE352543
AL93354,AL93354
EH1224482,EH1224482
BY593070,BY593070
EH849063,EH849063
AL181938,AL181938
CW393932,CW393932
AL46427,AL46427
EH896656,EH896656
AR3590,DE135204
CT29381,CT29381
BY607809,BY607809
EN42259,DL56861
AA48625,AA4109
CW7196,CW7196
AL272073,AL272073
EL90654,EL90654
EH735410,EH735410
CC111453,CC111453
DR80402,DR80402
BM66963,BM66963
DT71933,DT71933
CX11703,CX11703
BK43719,BK43719
CJ142232,CJ142232
AL65265,AL65265
EH1314533,EH1314533
AN80154,AN80154
CW1104648,CW1104648
CW595761,CW595761
BN534519,BN534519
EH967897,EH967897
BY51222,DE76440
DL187858,DL187858
AK100017,AK100017
BY35570,BY467760
CT41964,CT41964
DA103443,DA103443
BR90692,BR90692
EH41911,EH41911
EH298550,EH298550
AG36117,AG36117
CP38120,AS59834
DK38991,DK38991
AM102662,AM102662
CW171292,CW171292
BR109589,BR109589
BY170801,DL16672
DX5676,DX5676
AL75354,AL75354
EH921169,EH921169
DB254335,DB254335
EH1109976,EH1109976
EH384858,EH384858
EL58445,EL58445
DT160266,DT160266
DR15657,DR15657
BY479209,BY479209
AL59263,AL59263
EL6306,EL6306
BN403363,BN403363
CC78779,CC78779
CG139133,CG139133
EL85635,EL85635
BY555318,BY555318
ER37511,ER37511
EH1222309,EH1222309
EM88612,EM88612
CW163718,CW163718
DA24139,DS30450
BN382904,BN382904
BN381502,BN381502
CW805802,CW805802
CW834900,CW834900
AK76660,CZ60936
CW174180,CW174180
EH973988,EH973988
BY481374,BY587561
CW805012,CW805012
DG45078,DG45078
EB62886,EB62886
CW419479,EF64908
BN135204,BN194523
DE289831,DE289831
EH757357,EH757357
AK88927,AK88927
EH984937,EH984937
EH760757,EH760757
EH612204,EH612204
CZ84718,EH48031
EH465379,EH173778
EB65998,EB65998
CN54600,EH164982
CW208583,CW187224
BY401107,BY401107
DR61698,DR119173
BE292101,BE292101
CN70928,CN70928
EH1137775,EH62207
CW597334,CW597334
DL169686,DL169686
BL249696,BL249696
DL232486,DL232486
AS20950,AS63778
BN23268,BN23268
EH1088342,EH1088342
EH854821,EH854821
DT92892,DT92892
DH14079,DH14079
CA69996,CA69996
AZ15724,AZ15724
CW95650,CW124933
EH712956,EH712956
EF151945,EF151945
AL334360,AL334360
CL35924,CL35924
CC37171,CC37171
BZ24901,BZ24901
BL298911,BL298911
DR120079,DR120079
DT163981,DA118681
CW149209,CW149209
EF239053,EF239053
CW925916,CW925916
EH372623,EH372623
DR33236,DR80479
BN235561,BN235561
AD13748,AD13748
CW697730,CW697730
EH620897,EH495578
AK96321,AK96321
AL116322,AL116322
CM69608,CM70519
EH434231,EH434231
DT110409,DT110409
DR122666,DR122666
CG171219,CG171219
CW89718,CW70353
DZ58733,DZ58733
BY406916,BY406916
AK97064,AK97064
AN98597,AN98597
AA129409,AA129409
BN409115,EH927410
DD126039,DD126039
CW37276,CW37276
CW1084965,CW1084965
CL64204,CL64204
BL316845,BL293854
BN198697,BN198697
DR4261,DR4261
BE314083,BE314083
CW554426,CW554426
CW1252938,CW280088
CW775650,CW775650
DE225139,DE225139
AL137945,BJ2883
BY116024,BY116024
DT82971,DT82971
CW438813,CW502640
BY211575,CW383386
EH965717,EH965717
DL259013,DL259013
EH906320,EH1091338
DW68882,DW68882
BM16175,AM51356
DL247881,DL247881
BZ15504,BZ15504
AA173602,AA173602
DL97036,DL98670
BD120478,BD120478
CW850209,CW850209
BE403020,BE199185
DZ71565,DZ71565
AK126328,AK126328
DE201084,DE4458
CW61021,CW61021
DB289503,DB289503
AL56583,AL56583
EH312108,EH312108
DT132841,DT132841
DC7912,DC7912
EH971701,EH706303
BL294786,BL294786
CW1017523,CW1017523
AL210627,AL210627
DT9728,DT9728
EF188344,EF188344
CW818968,CW818968
DR132007,DR132007
BY289870,BY289870
DW74487,DW74487
EH626490,BL237772
EH570183,EH270965
BE249157,BE249157
CW438679,CW68576
BN296831,BN324868
CJ65594,CJ65594
DD157527,DD157527
CW542941,CW542941
EH948366,EH948366
CT39440,CT39440
EB24856,EB24856
BG45617,BG45617
DL211906,DL211906
DW48617,DW48617
BN336035,BN336035
CW623302,CW797761
AL290998,AL290998
EG3255,EG3255
CW1317727,CW1317727
DT27634,DT27634
DE221660,CW587567
BR24439,BR100598
BH130001,BH130001
EH763438,EH763438
BE393932,BE393932
DL182406,DL182406
EL69780,EL69780
BL477822,BL477822
DB293229,DB293229
CW1249151,CW1249151
DG62145,DG62145
BZ3489,BZ3489
BL179371,CJ112488
BE418668,EF134195
DB195225,DB195225
BN378411,BN378411
BN335028,BN335028
BL405176,BL405176
CW4577,CW4577
CW1112233,CW1112233
DR12908,DR12908
BY396909,BY396909
BK32130,BK32130
EH1025377,EH1025377
EH965717,EH201678
AW151355,AW151355
DB258287,DB258287
CW192464,BR146744
CW978258,CW978258
AK90290,AK90290
DS101824,DS101824
DL114625,DL114625
EH1038200,EH1038200
DW60764,DW60764
AM90930,AM90930
CW510808,CW510808
ER11306,ER11306
CW917634,CW917634
CW713633,CW713633
EH956427,EH956427
EH755552,EH755552
CW678561,CW678561
BL415195,BL415195
DZ63542,DZ63542
CW829730,CW829730
AB40355,AB40355
BB54534,BB54534
BF33389,BF33389
CW321110,CJ105841
EA45945,EA45945
EH921157,EH921157
EH884732,EH884732
CW768446,CW768446
AL336048,AL336048
DL183852,DL183852
DB156264,DB156264
DW54319,DW54319
CW693571,CW575407
EP82553,EP82553
AA145687,AA145687
CW897339,CW897339
EH917217,EH917217
EL95475,EL95475
BY161273,BY161273
BR162456,BR162456
EH1071405,EH1071405
AN74233,AN16882
BD110385,BD110385
BC56753,BC56753
CW1029750,CW1029750
AS45022,AS45022
BE245760,BE245760
EH604910,EH604910
EH616577,EH616577
CW49817,CW227967
EH1206080,EH1206080
AW91420,BY171815
CW965426,CW965426
EH729219,EH729219
DB167516,DB167516
DM4818,DM4818
BN392201,BN392201
CW1030276,CW1030276
CG7899,BB56706
CD10489,BY210631
BD114538,BD114538
DR29361,DR29361
BY584128,BY584128
CW416158,CW611190
CW6763,CW6763
CW372119,CW372119
DS93560,DS93560
BZ43832,BZ43832
BY517173,BY517173
AW89690,AW89690
AW148166,AW148166
BD38521,BD38521
BG6424,BG6424
DE285047,DE285047
CW650570,CW175943
CW291993,CW291993
DT45661,EM120952
CA60225,CA60225
CW481201,CW481201
CW949093,CW1078642
BN434861,BN434861
EA48536,AD31540
BR180538,BR180538
BY434368,BY434368
CY27653,CY27653
AL99137,AL99137
AB12538,AB12538
BY479090,BY479090
EH229494,AM10475
AK97150,AK97150
CW1169727,CW1169727
DE284342,DE284342
CW1057073,CW886034
CW198089,CW198089
AP50332,AP50332
EH1081717,EH1081717
CW650354,CW650354
AL133015,AL133015
AL236079,AL236079
EH976253,EH976253
AB19767,AB19767
EM25812,EM25812
DB263907,DB263907
CB28871,AM75183
CJ142255,CJ142255
AF15023,CY19114
BB88012,BB88012
EM112499,EM88935
DB291187,DB291187
AS21059,EF98466
CW960752,CW960752
BN328176,BN328176
DR111385,DR111385
EH317762,EH317762
CW467909,CW467909
BL356379,BL356379
BE314416,BE314416
DB28192,DB230899
CW477852,BR124683
CW1290098,CW1290098
CW1064562,CW1064562
CW340876,CW494254
AA79054,DE164823
CW1034069,CW1081473
CW103980,CW42198
DY22528,DY22528
DT137479,DT137479
EH939436,EH939436
EH622843,EH622843
DT134121,AL126524
EB52081,EB52081
EH635371,EH635371
EH912492,EH912492
AW190139,AW190139
EH638083,EH638083
AW107207,AW107207
DB253821,DB253821
EP23672,BZ15103
DB257626,DB257626
CW862435,CW862435
BE222675,BE222675
AK100956,AK100956
CW361232,DL134548
AN145400,AN145400
DS111031,DS111031
DB163665,DB163665
ES18351,ES18351
EK21140,EK21140
CN88827,CN88827
BN444086,BN444086
DD90387,DD90387
CW754562,CW754562
DK39594,DK39594
DE276601,DE276601
EP77866,EP77866
CW139400,CW139400
DR122070,DR122070
EH857828,EH857828
CJ40095,CJ40095
BJ30702,BJ30702
EH1097710,EH1097710
BN484174,BN484174
CW733582,CW733582
CB17425,CB17425
DE188300,DE188300
BE53550,BE99397
CW991623,CW991623
BM66922,BM66922
EM71668,EM71668
EH1204122,EH1204122
CW925338,CW179109
CW446181,CW446181
BY617266,BY617266
BL390110,BL390110
CL59657,CL59657
AS58779,AS58779
AK70388,AK70388
CW430481,CW430481
EG62212,EG62212
EL50425,EL50425
CW604459,CW604459
DB290671,DB290671
DL142421,DL142421
EH916702,EH916702
CW210359,CW260972
CW371907,CW888196
DZ37649,DZ37649
CA76185,CA76185
AA183362,AA125833
BL390867,BL390867
EH1112566,EH1112566
BE192054,BE192054
CA119283,CA119283
CW822020,CW886034
CW114592,CW273005
BK51451,BK51451
AA166891,AA166891
AH26016,AH26016
DL260768,DL260768
BY446083,BY114176
CW469170,CW469170
BY425946,BY425946
CW924361,EH955223
DE280250,DE280250
EH950344,EH950344
CA34086,CA34086
BN93208,BN93208
BN287328,BN287328
CW1046594,CW1046594
CN67649,CN67649
DB253781,DB253781
BJ25055,BJ25055
DP8259,EH511095
CW86252,CW667897
BH131954,BH131954
EH741530,DE89444
BE312432,EH364634
CW1234254,CW1234254
BC52995,EH1156902
DT168811,DT168811
BR131410,BR131410
DL199671,DL199671
BE326357,BE326357
DA104415,DA104415
BL325328,BL325328
CW1160306,CW1160306
EF137703,EF137703
DS102387,AA154646
CW1257648,CW1257648
EH116046,EH116046
CW444356,CW444356
AB16183,AB16183
AX70470,AX70470
CW49228,CW49228
DB289026,DB289026
CW716453,CW716453
BH168116,BH168116
CW229412,CW229412
EH1016782,EH1016782
BY558004,BY558004
DX20778,DX20778
BK28824,BK28824
CW1038343,CW1038343
BN345009,BN345009
BM61667,BM61667
DT34622,DT34622
BY600963,BY600963
CW1238500,CW1238500
BN16322,BN16322
CW838126,CW838126
DR8898,AL9326
DL145778,DL145778
BN283654,BN283654
AG20298,AG20298
DL224505,DL224505
CC92218,CC92218
EH1157187,EH1157187
AL84279,AL84279
CA61300,DB178205
EF107221,EF107221
BN260663,BN260663
DB298432,DB298432
BR30317,BR30317
EH258606,EH118483
EH905393,BL211265
EB71389,EB71389
CW1204094,CW219887
BE416935,BE416935
BF10581,BF10581
DL215125,DL215125
DB43944,DB43944
EH272217,EH272217
BY389180,BY389180
CJ110394,CJ110394
DL169100,DL169100
DS93676,DS93676
EH523354,EH523354
AL205149,AL75354
DB203055,DB203055
CW178934,CW178934
BN427588,BN427588
CW747951,CW420347
CR3887,CR3887
CW411748,CW411748
CW1021049,CW1021049
EH893246,EH906761
CW548381,CW548381
EH880336,EH880336
BY11654,BY101788
DB213276,DB213276
DE121769,DE121769
AE10405,AE10405
EH888563,EH888563
AL14992,AL14992
CW654661,CW654661
EH562480,EH562480
DR25549,DR25549
CJ15890,CJ15890
CW731226,CW894670
EM13443,EM13443
CW1140326,CW1082771
CW711115,CW279267
CJ76061,CJ76061
EH502208,CJ89314
CW213663,CW213663
BR133082,BR133082
BL458621,BL458621
CW908428,CW908428
BE236735,BE236735
CW1072897,CW1072897
CW313372,CW313372
EP84756,EP84756
EH1254241,EH114653
BJ25830,BL287214
AN169079,AN169079
BR122750,DX63302
BK35640,BK35640
BN449561,DE111897
EH104884,EH104884
BR164627,BR164627
DL114640,DL47653
EH779252,EH779252
BE32882,BE32882
BN271537,BN271537
AN19269,AN19269
DA43559,DA43559
CN59129,CN59129
BH38417,BH38417
CW781404,CW781404
BN389090,BN389090
CW776942,CW776942
DZ59910,DZ59910
DK22050,DK22050
DK8732,DK8732
BY53577,BY53577
BN446705,BN446705
BL461183,BL461183
EP35284,EP35284
BN514441,BN514441
EH1060832,EH1060832
AW144064,AW144064
EM57140,EM57140
EF170150,EF170150
CW673863,CW673863
BE242805,BE242805
EH546069,EH546069
BY579293,BY579293
DW60291,DW60291
BH134825,BH134825
BN476138,BN476138
EF200151,EF200151
AN174383,AN174383
DZ69799,BE389151
EH1077255,EH1077255
CW1132413,CW1132413
CJ145921,CJ145921
BY648816,BY648816
CW650124,CW650124
CW297866,CW297866
EH752695,DT118581
EF98522,EF98522
BY621972,BY621972
EN61556,EN61556
CW761459,CW761459
BL503407,BL503407
CP32950,CP32950
DT88286,DT88286
BE310710,BE310710
CG8910,CG8910
AL278949,DL180915
DB307184,DB307184
BD126439,BD126439
AT4962,AT4962
CG149168,CG149168
EH135077,EH374256
EH1125862,EH1125862
AN187819,AN187819
EH1107405,EH1107405
CL12219,CL12219
BY574105,BN476704
DL230835,DL230835
CW35151,CW35151
CG91078,CG107337
CW82745,CW280071
EH641844,EH641844
CW647512,CW128453
BC68005,BC68005
BZ19702,BZ19702
CW701555,CW833926
EN46563,EN46563
DL196830,DL196830
EH294190,EH511095
BM44218,BM44218
BM13832,BM13832
BR160273,BR160273
DB52227,DB52227
CW1161380,CW1161380
BY579362,BY579362
AL274169,AL274169
BN484133,BN484133
CG137528,CG137528
AK143120,AK143120
DB186378,AK155184
CS26327,CS26327
EH614053,EH614053
CD20499,CD20499
EE4096,EE4096
AS94387,AS94387
AN199542,AN199542
CW48145,CW138302
CJ142212,CJ142212
AE14032,AE14032
DL194101,DL194101
DT105768,DT105768
AL160275,AL160275
CY24525,AN129595
AN128397,AN110135
CW373351,CW373351
BN72243,BN72243
CW906697,CW906697
CW332146,CW346125
CW1120743,CW1120743
DX40944,DX40944
CC77170,CC77170
BS16220,BS16220
DL261256,DL261256
CW912643,CW590949
DL194103,DL194103
BR174065,BR174065
DB223603,DB223603
AG27202,AG27202
DB135988,DB138830
AL200990,BN411940
BL459489,BL459489
CA72984,CA72984
BL411348,BL411348
BE158536,BE158536
AW132121,AW132121
EH661098,EF157946
DW53919,DW53919
DD16427,EG42038
DH17787,DH17787
BN426653,BN426653
CW84327,CW84327
AL34769,AL34769
AL278949,AL211408
BL420679,BL420679
BD117611,BD117611
AM96596,AM96596
DT137675,DT137675
EL54740,EL54740
CW601805,CW601805
CW1061898,CW1061898
EH384481,EH384481
DE52048,DE73015
EH975231,EH975231
DR130318,DR130318
AL237630,AL237630
EH1127031,EH1127031
EH926576,EH926576
AC3118,AC3118
BY636639,BY636639
CW79845,CW79845
DR111222,DR111222
DL7142,DL7142
CN53977,BW37383
BH171052,BH171052
CE31309,CE31309
EH255057,EH255057
BY599584,BY599584
BY61838,BY61838
BZ54246,BZ54246
EF164643,EF164643
BM53878,BM53878
CJ125802,CJ125802
AW222474,AW222474
EF28755,EF28755
CA66987,CW623399
DL148301,ES22933
CW939938,CW366486
BL226914,BL226914
AJ43140,AJ43140
EH989263,EH989263
BL168338,BL168338
DZ6983,DZ6983
BZ50455,BZ50455
DT37138,DT37138
DS67563,DS67563
DD157965,DD157965
CW457431,CW457431
BH105306,BH123295
CJ150715,CJ150715
BE68654,BE311113
CJ150591,CJ150591
DT155602,DT155602
BR98784,DR9187
EH1039507,EH1039507
DL198713,DA88065
CW979391,CW979391
EH1062597,EH1062597
EH794534,EH794534
AW206860,AW206860
CW678105,BK23785
AA181882,AA181882
CM55324,CM55324
BM67432,BM67432
BY610398,BY610398
CW628077,CW628077
CG86955,CG86955
DW66608,DW66608
CW439313,CW439313
BW47633,BW47633
BM57692,BM57692
BL419160,BL419160
BC59808,BC59808
CW1314329,CW1314329
BL491298,BL491298
CW758084,CW758084
BN78510,DL206636
EH734790,EH734790
BE339015,BE339015
EH829190,EH829190
CW71911,CW527579
AX67546,AX67546
EP10303,EP11066
DD159593,DD159593
AG45091,AG45091
CW449010,BE154383
ER39622,ER39622
DL251215,DL251215
DL254426,DL254426
BY675123,CA42781
CW720253,CW918308
DZ67864,DZ67864
EH805313,EH805313
DR130709,DR130709
CA108925,CA108925
CJ147104,CJ147104
CW915387,CW915387
CW800022,CW452452
EH829547,EH829547
CG135002,CG135002
CW917770,CW917770
BL295063,BL295063
DD155494,DD155494
AP82212,AP55918
DB140829,DB140829
AN138560,AN138560
BN417573,BN171723
CM58174,CM58174
BA17778,BA17778
BE332707,BE332707
EH619428,EH619428
EH491013,EH138500
BN491436,BN491436
DL199887,DL199887
EH1189667,EH1189667
BL461822,BL461822
DY17479,DY17479
BN524449,BN524449
CX20235,CX20235
AW84214,AW84214
CW721626,CW721626
EF80951,AS100791
EH750571,EH750571
BR185628,BR185628
CW1168634,CW1168634
CH50846,CH50846
AL55089,AL55089
EH607127,EH607127
EP26855,EP26855
AL229851,AL229851
BN496400,BN496400
EG15597,EG15597
CW862425,CW862425
CL66853,CL66853
BR51118,BR51118
CN36694,CN36694
EH1000889,EH511095
DZ10472,DZ10472
BD63161,EH515884
BY605853,BY605853
BE426007,BE426007
BY199589,BY452775
DR89531,DR89531
DP4702,DP4702
EH89147,DX30850
EH232005,EH232005
EG28992,EG28992
BE243986,BE178364
DB205340,DL189911
CW1157928,CW1157928
EF193511,EF193511
EH917649,EH917649
EH872813,EH872813
EM124428,EM124428
BR146259,BR146259
BE116310,BE110103
EH569260,EH1149074
CW387665,CX17061
DE237719,DE237719
BY576470,BY19417
AK132491,AK132491
EH426224,EH426224
CW689996,CW203475
EH1111947,EH1111947
CW16509,CW16509
BR105896,BR105896
BY472983,BY472983
AJ33723,AJ33723
DB166288,DB166288
CW1035608,CW670215
DN83905,DN83905
CH51181,CH51181
DB188258,DB188258
DT16275,DT16275
BL142779,BL142779
CG176911,DB221071
DE70312,AX2549
CW1117296,CW1175870
EH1088615,EH1088615
BH11103,BH68441
EH904405,EH904405
EF80896,EF80896
CN52135,BB64974
EB34098,DL168310
EL57142,EL57142
CW574394,CW574394
CW544321,CW544321
BZ36946,BZ36946
CW579577,CW579577
CM53843,CM53843
CZ106628,CZ106628
EH839708,EH839708
AG35571,CG109194
CW92920,CW92920
BB90071,BB90071
CW481241,CW499362
AA48435,DB180185
AL132638,AL132638
BE276300,BE276300
CW477836,CW477836
AD12932,CW377407
EH427511,EH427511
CW159366,CW159366
CW761565,CW761565
EH312172,EH312172
EH491013,EH286790
DL223767,DL223767
EJ21631,EJ21631
EH1148613,EH1148613
CW859772,CW859772
AW160849,AW160849
BL25503,BL112169
CW726288,CW1010645
AG33126,AG33126
DE110569,DE110569
AW68547,AW68547
AS83634,AS83634
AF25418,AF25418
DG53380,DG53380
BF32943,BF28447
BL360375,BL360375
DE17093,DE17093
CW89800,CW89800
CW965233,CW877432
EH583902,EH538582
BL408924,BL408924
BE358888,BE358888
BG18917,BG18917
DL254835,DL254835
CL45483,CL45483
AL229910,BR98430
CA47201,CC66622
BL301546,BL301546
DW18383,DW18383
BH52220,BH52220
BY377284,CW353726
DX32844,DX32844
CW603955,CW603955
BE316218,BE224932
AA167335,AA167335
CW1035608,CW710240
CW950032,CW950032
CW79661,CW79661
CJ172747,CJ172747
DY19644,DY19644
CG193470,CG193470
CG95892,CG95892
CW103893,CW103893
BK48468,BK48468
CW818968,CW1014534
DD155718,DD155718
CW554828,CW327290
BK47723,BK47723
CJ135756,AW150647
BH166025,BH166025
BN400632,EF23181
DL255810,DL255810
EH1149208,EH1149208
EH921576,EH921576
CW946990,CW714074
BY618186,BY618186
CG89406,BY173836
CW1068164,CW1068164
BZ15534,BZ15534
EH1240973,EH665978
CW789468,CW789468
CW106692,CW106692
AX66576,AX66576
DE193054,DE193054
AN194025,AN194025
EH975099,EH975099
BL364972,EH733780
EH1055769,EH1055769
BY608887,BY608887
AL275699,AL275699
DE231866,DE120695
CW809104,CW809104
DR31590,DR31590
BN455973,BN455973
BR156538,BR156538
DS22750,DS22750
CW228493,CW228493
DY22845,DY22845
AA152095,AA152095
AL270570,AL270570
CW905782,CW905782
CW1230582,CW1230582
CW362868,CW1006268
CZ94282,CB79537
CW870354,CW870354
EH88008,EH88008
EH1151673,EH1151673
DB112907,DH28035
CA43157,CA43157
BL387905,BL387905
CW1134596,CW604459
EG9286,EG9286
CW627995,CW627995
BR178064,BR178064
DL186795,DL186795
EH921039,EH921039
AA30519,CZ52254
BY678092,BY678092
AA73652,AA73652
DK25596,DK25596
DK41006,DK41006
CW417067,CW417067
DR38889,DR6463
BH104780,BH104780
CW1007496,CW1007496
BP46206,BP46206
CW1290984,CW1290984
DE265650,AA173822
CP38121,CP38121
CZ61729,CZ61729
CJ164798,CJ164798
CW917763,CW917763
CH54936,CH54936
BY238381,BY238381
CW975224,CW975224
BZ19777,BZ19777
EM72295,EM72295
CM14422,BN87099
AL257546,AL257546
CW188197,CW402759
DT54271,DT54271
DB220341,DB220341
CW906610,CW906610
AG25000,AG25000
DZ66916,DZ66916
BY408912,BY408912
BR195438,BR195438
BL386019,BZ46732
DH49878,DH65025
EH816383,EH549536
BB100408,BB100408
DD19861,DD19861
CB27166,CB27166
CW64714,CW64714
EH567271,EH567271
BP61051,BP61051
BL313655,BL313655
CW834964,CW834964
AW21596,AW21596
BR65278,BL200974
CC96190,CC96190
CW151791,CW151791
BY634857,BY634857
EH518545,EH518545
CW703249,CW464254
CW140913,CW252380
DB209605,DB209605
EN61772,EN61772
CW405970,CW405970
CW129103,CW410187
CJ39755,CJ39755
CW1168317,CW1168317
CA92057,CA92057
EG24032,EG24032
BY127786,BY127786
CW929491,CW929491
BL517855,BL517855
EH816960,EH816960
DR116575,DR116575
AL295502,AL326808
EH826873,EH826873
BG31926,BG31926
AM89332,BD145180
EH613586,EH613586
CW922374,CW922374
EH803349,EH803349
AL187293,AL153501
DR33419,DR33419
CW95197,CW488825
CW52119,CW198540
ED44754,ED44754
BY546834,BY546834
BZ48075,BZ48075
BN467576,BN467576
CW113332,CW57075
CW21378,CW38333
BL358403,BL358403
BL494502,BL494502
DD116147,DD116147
EH168251,EH168251
DZ46044,DZ46044
AN114435,AN114435
DT126269,DT126269
AL32653,AL32653
DK31942,DK31942
CW809076,CW809076
CW101083,CW126140
CW1000576,CW1000576
CW1176132,CW1176132
CW984618,CW984618
DD65015,DD59601
CW1247270,CW1247270
CW1159187,CW231025
BD104624,BD104624
BM45376,BM45376
BH99135,BH99135
CT37944,EH868352
EL89477,EL89477
AK97871,AK97871
EH761954,EH607144
AA172193,AA172193
CW513037,CW478053
AN222797,AN222797
DB55499,DB324437
BL493724,BL493724
AE14341,AN51527
CW378693,CW378693
CZ97616,BL292013
BN497794,BN497794
EH970162,EH970162
DR121360,DR121360
BR171161,BR171161
DA115985,DA115985
BN159677,BN159677
BN400632,CL64780
CW66436,CW95155
CW1148793,CW1145150
DP41930,DP41930
AG40647,AG40647
AL132684,AL132684
EH1127441,EH1127441
AN151634,AN151634
CW791983,CW791983
BR193001,DN134266
DW20839,DW20839
AA143121,AA143121
BH152577,BH152577
DY37440,DY12486
EH916230,EH916230
EP91489,EP91489
EB6853,EB3613
BN86777,BN86777
BP51597,BP51597
BN72710,BN72710
BR58805,BR58805
AL318261,AL318261
BN145584,BN145584
BE215888,DL169417
EH568865,EH1020872
EH459509,EH459509
CC30629,CC30629
CN12475,CN12475
DB253569,DB253569
BZ50758,BZ50758
BL417047,BL416337
CW1268716,CW1268716
CW1022996,CW1345979
EB64983,EB64983
AN157578,CW1317488
EH50665,EH50665
CM28386,CM28386
BY350127,BY350127
EH467972,BL356201
AJ29347,AJ29347
BY524274,BY338296
CL45024,CL45024
CG164997,CG164997
CW985713,CW985713
EF216621,EF216621
BE40530,BE40530
BE166548,BE166548
DA10387,EF206658
BL475038,BL475038
BB102987,BB102987
BN321830,BN321830
CW227027,CW227027
EH1059657,EH1059657
CW34552,CW34552
CW812011,CW812011
CM10055,CM10055
CW84783,CW84783
AA177516,AA177516
CW665036,CW665036
AL221005,AL221005
CW58430,CW58430
CW934385,CW934385
DB116126,DB116126
CW1205651,CW1205651
BE54572,BE54572
DC24452,DC24452
EH1243546,EH1243546
CE54127,CE54127
AE21230,AE21230
EL92640,EL92640
BR194402,BR194402
BM55199,BM55199
EH1129054,EH1129054
DB193863,DB221157
DE212670,AL211408
BL334174,BL334174
CW796894,CW796894
CJ134075,CJ134075
CT13982,DD90591
DN127573,DN127573
CP28783,CP4915
CW534844,CW534844
CW23632,CW472573
EH455698,EH455698
EK14672,EK14672
CA66987,AL193354
DB66664,DB66664
AP9135,AP9135
CW781552,CW781552
AK87638,AK87638
DE275927,DE275927
AN169996,AN169996
BE306327,BE306327
EM99564,EM99564
CJ109771,CJ109771
CW13085,CW13085
CW148876,CW148876
EH859681,EH859681
BE13515,BE13515
CB70482,CB70482
BZ9979,BZ9979
AM86399,AM86399
BY323909,BY323909
EH969372,EH969372
CW1232940,CW1232940
CW805822,CW805822
BD66885,BD66885
DW30329,DW30329
AW119138,AW119138
BY369810,BY502188
EL16016,EL16016
DT66532,DT66532
ES3339,ES3339
EH834253,EH834253
AA3687,AA3687
AX65642,AX65642
EH941982,EH941982
BN343553,BN343553
BN475462,BN475462
DB269668,DB269668
DK26109,DK26109
AL288347,AL288347
BL519611,BL519611
CA103764,CA103764
EM106140,EM106140
EH1203368,CJ169697
AE20062,AE20062
BZ50527,BZ50527
DT168567,DT168567
EH774662,EH774662
EH989028,EH989028
EF200297,EF200297
EH326251,EH1250733
EH299753,EH299753
CA25449,BL110356
DB143671,DB143671
AN176826,AN176826
EN71558,EN71558
DD114368,CC54185
CS23998,CS23998
AA173910,AA173910
AZ17691,AZ17691
CJ126449,CJ126449
BY506253,BY760876
EH966977,EH966977
EH1062395,EH1062395
DC24877,DC24877
CW935955,CW935955
BP53557,BP53557
EB60650,EB60650
DE55589,DE55589
DG55190,DG55190
CW119177,CW806028
AG8156,AG8156
BL501956,BL501956
CW518629,CW518629
EH832350,EH832350
EH1013050,EH1013050
BN515859,BN515859
DD145581,DX40893
ES16824,ES16824
EH585351,EH585351
BY515096,BY515096
AN170606,AN170606
AT22339,BY534976
CL38142,BY682517
EM103312,EM103312
BG41037,BG41037
EF207768,EF207768
DW79972,DW79972
AW89260,AW89260
EH828746,EH828746
DT134409,DT134409
DS65803,DS65803
AN217158,AN217158
AG39148,AG39148
BR45261,BR45261
CG159386,CG159386
EH638865,EH638865
CW475722,CW1182829
BN419071,BN419071
DD12044,DD12044
DN160666,DN160666
BL412093,BL412093
AN27611,AN27611
DE309126,DE309126
DD202483,DD202483
DN61565,BB59852
EH671857,EH878143
BR178747,BR178747
BY636136,BY636136
BK14738,BK14738
CW733706,CW766653
CW1210632,CW1210632
AL225552,AL225552
BE379714,AL32880
AK109695,AK109695
BL309039,BL309039
AN4402,AN4402
BN304755,BN304755
CW566361,CW254744
EH702716,EH702716
CB80769,CB80769
DD21129,DD21129
BL497251,BL497251
CA29791,AS12397
EF230444,EF230444
DN94774,DN94774
CM52088,CM52088
EH1122420,EH1122420
CJ72768,CJ72768
CW168654,CW168654
BY424841,BY424841
AL246516,AL246516
CW976327,CW976327
BE298480,BE298480
BG50638,BG50638
CW1035390,CW1035390
AL112630,AL112630
CL31997,CL31997
CW1087095,CW1087095
BH184408,BH184408
EH646111,EH646111
BL142648,BL164487
CJ123925,CJ123925
AL228705,AL228705
EH1223790,EH1223790
BH106487,BH106487
DE220496,DE220496
AL34470,AL34470
AW147500,AN106361
DN48937,DN25855
EH768829,EH768829
DB153840,DB153840
EH1021621,EH1021621
BH76847,BH76847
AN166497,AN166497
CW201939,CW315828
CW949093,CW949093
DA119704,DA119704
EA44824,EA44824
DL202138,DT114697
ER28949,ER28949
CC63778,CC63778
EH339444,EH282923
BN418977,BN418977
AK142289,AK142289
AN66456,AN66456
CH36030,CH36030
AS63442,AS63442
AA59653,AA103068
AA150365,AA150365
AA146746,AA72466
CW466159,CW466159
AL232527,AL232527
BL511942,BL511942
BD138946,BD138946
BE406368,BE406368
AL50677,AL50677
DC9329,DC9329
EJ3049,EJ3049
AL191266,AL5494
BN137597,BN137597
BN306933,BN306933
EP102069,EP102069
CA25398,CA25398
CW874605,AN117936
CW733706,CW1097021
BL509977,BL509977
EL81857,EL81857
EH971328,EH971328
CW778413,CW778413
AL148133,AL148133
DB257443,DB257443
DB48890,DB48890
EP29512,EP95261
CW270479,CW666601
BB113130,BY532055
CT23151,CT23151
CW1207523,CW1207523
CW774113,CW774113
AS71249,AS71249
CW374336,CW374336
BN505632,BN505632
EM100317,EM100317
BS10103,BL168138
BY332999,BH15900
DZ13036,DZ13036
CC98529,CC98529
CW751145,CW1179249
AS83961,AS83961
EH179304,EH179304
BE326289,BE326289
CW464435,CW552002
EH570908,EH570908
CW96227,CW175636
EN70319,EN70319
CB56064,CB56064
BE382237,BE382237
CW94090,CW94090
BK44569,BK44569
CN42600,BM44636
DK19150,CW1080464
CA125464,CA125464
DZ41682,DZ41682
EH1118629,EH1118629
CW447082,CW164461
AJ42900,AJ42900
EH570904,BL218077
CE55562,CE55562
CW889948,CW889948
CL48787,CB61784
BD103266,BD103266
CW188177,CW188177
CW623419,CW655034
BE77307,BE77307
EF18347,EF18347
BL455875,BL455875
CA86119,CA86119
CW1277932,CW1277932
EM27169,EM27169
BN348839,BN348839
DT142452,DT142452
BB81399,BB81399
CW886135,CW886135
CD18904,CD18904
CC141618,CC141618
DZ71015,DT64036
EF136325,EF136325
EH1116492,EH1116492
DA107842,DA107842
BE339749,BE339749
AM33518,AM33518
CW820495,CW820495
DB42558,DB42558
CA5964,CA5964
EG2746,EG2746
CW662372,CW662372
DA96503,DA96503
AL234266,AL234266
DN117924,DN117924
AW125487,AW125487
CL23943,CL23943
CW658012,CW658012
CW347558,CW318872
DE287233,DE326043
AE29558,AE29558
CW68145,CW228044
CW1126819,CW1126819
CW143256,CW143256
CW68145,CW68145
CW883502,CW412811
BC68827,BC68827
EH895217,EH895217
DE300599,DE300599
CW826293,CW826293
EH157899,EH157899
BY517355,BY517355
DE265324,ED29805
CW656617,CW656617
AK34180,AK34180
DN144807,DN144807
DR62358,EH922454
BE220630,BE220630
CW687847,CW687847
CW299279,CW299279
CN63526,DB149218
EH572052,EH572052
EH828965,EH828965
EH455996,EH455996
DC19016,DC19016
CM34706,CM34706
CW30364,CW30364
BL363447,BL363447
DZ6946,DZ6946
EH856684,EH856684
BL206364,BL206364
AL58137,AL58137
BB91819,BB91819
EH1127454,EH1127454
DK34694,DK34694
DW43285,DW43285
BE339631,BE339631
BL186106,BL186106
EH402309,EH103505
CW745359,CW745359
EH976657,EH170713
AN153798,AN153798
CW826249,CW826249
AK120372,AK120372
DR17255,DR17255
BL418905,BL418905
EH770879,EH976369
BE403246,BE312417
CM29580,CM29580
EH1009066,EH1009066
BN456091,BN456091
EH732691,EH732691
CW1094796,CW1094796
CW630036,CW630036
CW120187,CW354406
DE218150,DE218150
DH37041,DH37041
CW843687,CW843687
CW728982,CW109670
CW944580,CW134743
DX61767,DX61767
BE154383,AL116203
AP77086,AP77086
DR129831,DR129831
BE435184,BE435184
AL60170,AL60170
DW70017,DW70017
EH609676,EH609676
AL108298,AL108298
BY492079,BY73814
EH315126,EH315126
BE293295,BE293295
DB124955,BD77965
BK49786,BK49786
BE343202,BE343202
AN175177,AN175177
CW18973,CW18973
EH965508,EH965508
CW774026,BB72755
DE290491,DE290491
CL62577,EH500654
BL162192,AP13404
DX48334,DX48334
CW104882,CW104882
BR222182,BR222182
CJ137281,CW1317488
CW102540,CW102540
EH770176,EH770176
BH143336,BH143336
AW93116,AW93116
DP24306,DP24306
CW225649,CW349195
DL242496,DL242496
BH51948,BH51948
EH1053611,EH1053611
CR26944,CR26944
BZ2465,BZ2465
CC114211,CC114211
EH966875,EH966875
CW1016234,CW1023001
DR8528,DR8528
EL89385,EL89385
AB32163,AB32163
BL442333,BL442333
CW876492,CW876492
BL309974,BL309974
CW121594,CW121594
DB68922,EN2518
EH971136,EH971136
BE108702,BE108702
CX15139,CX15139
CB70127,CB70127
DL220520,DL220520
AW169892,AW169892
BL364225,BL364225
BG39369,BG39369
BE95643,BE95643
BL424998,BL424998
CB5259,CB5259
BH5281,BH5742
EH1056148,EH1056148
CW650275,CW525258
CK13250,CK13250
EF115623,EF115623
BY730023,BY730023
BC52046,BC52046
BY404311,DN125923
DR34586,BC49059
EH1242788,EH1242788
BW32097,BW32097
BX19089,BX19089
EH508953,EH508953
CW668329,CW407585
BY23505,BY23505
EH973354,EH973354
AG7123,AG7123
DE126173,DE113827
CW692108,CW692108
DB212548,EM79096
EH921303,EH921303
CW1151414,CW164423
BJ18745,BJ18745
CW518861,CW1207388
DB252821,DB252821
CB39855,CB39855
AL146984,AL146984
BL45751,BL154939
BL71292,BD70307
EH872219,EH872219
CW416158,CW581974
EL38372,EL38372
BM41873,AW55248
EH526365,EH526365
BN290421,BN285828
BE427598,BE427598
CW127161,CW413431
DX58217,DX58217
DB226239,DB226239
EH801311,EH801311
CW673614,CW673614
BR150029,BR150029
DE291217,DE291217
AL252945,AL252945
BY626998,BY626998
EM56764,EM56764
BL431849,BL431849
CW720253,CW767536
AY27818,AY27818
AE18356,AE18356
BN256674,BN256674
CW1302534,CW1302534
DA77123,DA77123
AT20954,AT20954
AN8913,AN8913
AN99316,AN99316
BZ43136,BZ43136
BJ17615,BJ17615
BR156774,BR156774
BH157541,BH157541
CW587645,CW587645
CW512420,CW512420
CW1292334,CW1292334
AM81297,AM81297
BL303161,BL303161
AG27012,AG27012
BM43752,BM43752
CW751145,AN152959
BY623545,BY623545
EH114287,EH876571
DE237210,DE187017
CA68973,CA68973
DE290916,DE290916
BR117752,BR117752
CW213246,CW213246
DD83186,DD83186
BR73840,BR73840
CW785406,CW746583
CZ92467,CZ92467
EH373031,EH373031
AE20677,AE20677
BN485941,BN485941
EH946271,EH946271
CW835736,CW835736
AM102535,AM102535
CW384482,CW231806
EH1204622,EH1204622
BR208270,BR208270
CW1120619,EH800127
BY574195,BY574195
DT93498,DT93498
CW1082783,CW1082783
CG150304,CG150304
CW189914,CW63093
AG45307,AG45307
CW823552,CW823552
CH40424,CH40424
DD139105,CT56462
EL73427,EL73427
DB286502,DB286502
CT56560,CT56560
CW1103236,CW469190
DB256789,DB256789
DB267514,DB267514
EN71537,EN71537
AM32669,AM32669
BL267101,BL267101
EH493016,EH493016
AL251373,DX10615
BE356250,BE356250
AL38788,AL38788
CW321318,CW321318
CW469101,CW679551
EH869264,EH869264
CW1304268,CW1304268
AL208812,AL229906
BW17763,EH123852
AA204756,AA204756
BB50001,BB50001
BN314076,BN145509
DD29716,DD29716
DN118218,DN118218
BY338449,BY338449
EH686255,EH686255
EF20424,EF20424
CW490427,CW490427
BD83251,DL106094
CW416158,CW281860
CX9318,CX9318
AG46137,AG46137
DE253690,DE253690
EH240247,EH674237
EH1269084,EH1269084
CW931724,CW931724
CW844646,CW844646
BN167660,BN167660
DH56083,DH56083
AN41237,AN41237
BH65950,BH65950
CW776427,CW776427
AL70379,AL70379
AW99934,AW163901
DE302614,DE302614
BL489040,BL489040
DL201579,DL201579
DL193885,DL193885
CG118392,CG118392
BE379394,BE379394
EH1206421,EH1206421
AW197357,AW197357
DL188232,DL188232
CW200228,CW200228
DD216114,DD216114
AS85760,EH164982
DP29920,DP29920
DB222218,DB222218
EF157889,DW20687
BH147666,BH147666
EH976657,EH574357
DR59401,DR59401
CJ149972,CJ149972
CW963791,CW963791
CW968936,CW968936
DB273219,DB273219
DG59037,DG59037
BD107981,BD107981
AW73058,AW73058
CW206473,CW209344
BH115041,BH115041
BZ3276,BZ3276
CW442181,CW442181
EB14877,EB14877
AB41320,AB41320
AN166688,AN166688
CW1276007,CW1276007
AN129029,EF153583
EH515849,EH515849
DD113075,DD113075
BL371203,BL371203
DE305428,DE305428
DK29932,DK29932
DT106904,DS71477
CW765122,CW1072935
BE24579,BE296005
CW793752,CW793752
CZ107364,CZ107364
ES16124,ES16124
EH1106149,BL317972
DA82873,DA82873
CW690720,BE245843
BM30169,BM30169
AM91630,AM91630
AN120941,BL385809
BC21098,BC21098
CW219497,CW741616
AS44469,AS44469
DS31413,DS31413
BL343135,BL343135
EH139207,EH139207
BY591199,BY591199
AN170159,AN170159
BE57345,BE57345
AW173139,AW173139
AN169729,AN172913
DE138452,BL116572
BN302959,BN302959
EH1204000,EH1204000
DW66158,DW66158
CW833967,CW833967
AM95605,AM95605
CW678105,CW287954
AL220394,AL220394
DE279969,DE279969
BR172315,DN146390
ER43988,ER43988
BE271795,BE271795
BR92972,BR92972
AL54917,AL54917
DF18812,DF18812
BN458210,BN458210
CW501217,CW501217
DB208951,DB208951
CJ39300,CJ39300
EH1127497,EH1127497
BE372158,BE372158
CA104028,CA104028
AK4787,AK4787
BZ20578,BZ20578
AS97819,AS97819
CW728433,CW728433
CW359599,CW359599
DR30624,DR30624
CM52718,CM52718
CW458450,CW1123825
DC10731,DC10731
AN31932,AN31932
EH912565,EH912565
EF148910,EF148910
EH893246,EH893246
DL143346,DL143346
AP65594,AP65594
CW1056800,CW1056800
BL141979,BL141979
CW235090,CW170495
DB257924,DB257924
BH11240,BH11240
BE303185,CW577267
EF54770,EF54770
CW199837,CW346125
AW73340,AW128141
AP81115,AP81115
BH70377,BH70377
BE110724,DE128679
DE298891,DE298891
AL186798,AL186798
BL398941,BL398941
BE392245,BE392245
BD127702,DB170830
CJ200945,CJ83035
CW615606,CW799869
DX34463,DX34463
EM108687,EM108687
BY512629,BY512629
DS93619,DS93619
DB55499,EH51000
BR125805,BR125805
CW937089,CW937089
EH988966,EH560280
EH1147230,EH1147230
AW119138,AW49569
CW1237502,EH955223
EH859804,DS85325
EM56696,EM56696
CL53233,DZ65960
BY204237,BY204237
CW675203,CW740280
CW489717,CW489717
EH902684,EH902684
BR214927,BR214927
BY141073,BY141073
CM72331,ER40280
EF123975,DZ59910
AJ31972,AJ31972
BE309493,BE309493
CW853384,CW853384
CS32169,CS32169
CW596989,CW416158
AG29913,AG29913
AL82874,AL105597
CD23667,CD23667
AW103203,AW103203
BN313273,BN313273
CA91034,CA91034
DZ66731,DZ66731
BY415555,BY415555
AN79063,EA31079
BD91551,EH1099155
EA4390,EA4390
CW878908,CW878908
EF53882,EF53882
BY515853,BY515853
EM115466,EM115466
EH256403,EH256403
BB90582,EH936999
AW178552,AW178552
CW731766,CW731766
DE293425,DE293425
EH641900,EH641900
EM133410,EM133410
BN403190,BN403190
AG46971,AG46971
DB271080,DB271080
BN390866,BN390866
CW116260,CW309133
DR90871,DR90871
AK130099,AK130099
BE399010,BE399010
AL29118,AL29118
BL47311,BL47311
BM30270,BM30270
CL53803,CL53803
CW1122374,CW1122374
AD25012,AD25012
BH148400,BH148400
EH959502,EH959502
DZ34710,DZ34710
CW297866,AL57499
CW731226,CW731226
EH1022931,EH1022931
AL266747,AL266747
EH487725,EH487725
CW322572,CW731226
BD105667,BD44025
DB190301,DB190301
DX63197,DX63197
BE302358,BE302358
EH939343,CW703466
BJ21875,BJ21875
AL91749,AL91749
AK14711,AK14711
EH1316351,EH1316351
BD45732,BD45732
BL280068,BL280068
BK12195,DR34066
EH899995,EH899995
CG108183,CG108183
BH115605,BH115605
BZ43925,BZ43925
BN400652,BN400652
DX19900,DX35566
DY34326,DY34326
DB199576,DB199576
CW119097,CW119097
BN108524,BN108524
EH39774,EH39774
DB262259,DB262259
CW1175994,CW1175994
AL233031,AL233031
CW199673,CW199673
CW103815,CW250835
BY685576,BY685576
CZ55804,CZ55804
EH1126936,EH1126936
BD146178,BD146178
BY341421,BY338296
CW815019,CW815019
AL148736,AL148736
AL74175,EF51813
AP62876,AP62876
AN205791,AN205791
BE428991,BE428991
DM34077,DM34077
BC58554,BC58554
DS14255,DP23556
CR30047,CR30047
DB242776,DB242776
CW12504,CW12504
DG3060,BC21099
BY303478,BY303478
EH1145184,EH1145184
DB209605,EH764795
BH79927,BH79927
CW781790,CW781790
BZ46732,BZ45048
CH48182,CH48182
AM92566,AM92566
BR153687,BR153687
EH1127566,EH1127566
CW988204,CW988204
DB282320,DB282320
CW955472,CW955472
BN298105,BN298105
AK90412,AK90412
AS8857,AS8857
EH959190,EH959190
AK141151,BN78204
BY404078,BY404078
DC4232,AJ16046
BZ38328,BZ38328
BF28611,BF28611
DN119981,DN119981
BE208372,BE208372
BY379130,BY396274
DT155200,DT155200
DD110935,DD110935
EF76009,EF76009
EH114685,EH114685
CW171911,CW171911
EH536200,EH536200
CW1120699,CW1120699
EH1215961,EH1215961
CA115824,CA115824
AK142174,AK142174
BE289780,BE326339
DN137655,DN137655
EF123799,EF123799
EH258197,EH258197
AL32880,AL342570
CW155706,CW109670
EH174530,EH174530
BY572724,BY572724
BH143610,BH143610
CW699268,CW699268
BN499616,BN156126
CW921991,DL269598
DB103424,DB103424
BE280512,BE280512
BY142417,BY142417
DT34663,DT34663
AL133130,EH414163
AL238142,AL238142
CW707632,CW707632
BC4502,BC54198
EF183859,EF183859
AL97255,AL97255
BR224444,BR224444
AA152480,AA152480
BH133919,BH133919
CW356262,CW356262
DG23605,DG23605
DL216788,DL216788
EH244533,EH244533
CW955303,CW955303
EH451942,EH411601
EH841600,EH841600
CS6434,CS6434
CW730052,CX15225
BE237031,BE237031
BL429271,BL429271
DB129450,DB129450
AN89718,AN89718
CG130981,CG130981
CZ60023,CZ60023
CZ73644,CZ73644
CW998344,CW998344
AK151230,AK151230
CW616547,CW484302
CW1154954,CW1154954
CW1174956,CW1174956
DA108502,DA108502
AS95670,AS95670
CW863142,CW863142
DL160856,CS16502
BG6392,BG6392
BN515304,BN515304
DH35867,DH35867
EH1134219,EH1134219
BY636580,BY636580
EH1153565,EH1153565
CW902495,CW569632
BL385260,BL385260
DZ75862,DZ75862
CW890163,CW890163
AN92250,AN92250
CC86285,CC60650
AW52065,AW52065
AM75183,AM75183
EH25235,EH25235
CC112232,CC112232
CW1099003,CW1081756
AL85094,AL85094
BY675420,BY675420
CW470177,CW470177
AL16547,AL16547
DL57692,DL57692
EH820479,EH820479
BH112687,BH112687
DS100306,DB254996
AX70098,AX70098
BH9089,BH9089
CW18864,CW333019
BZ20951,BZ20951
DT104616,DT104616
CE38476,CE38476
CW239132,CW208884
DP51401,DP51401
BR201814,BR201814
AN18924,AN18924
EF11734,EF11734
AM73699,AM73699
BL395357,BL395357
EH482716,EL29551
AA52821,AA52821
EM130890,EM130890
BN371356,BN371356
AL53690,AL53690
AS85760,AS85760
CW860496,CW860496
BL261971,BY558852
BE290060,BE290060
CW208583,CW208583
CW693302,CW507690
BD148281,BD148281
BN323220,BN323220
BL328842,BL328842
ED12162,ED12162
DY43687,DY43687
DE296736,DE296736
CW1172536,CW1172536
CW217850,CW217850
DE297258,DE297258
DB254210,DB254210
EL86169,EL86169
EN66488,EN66488
BM44398,BM44398
DC21791,DC21791
BB113572,BB113572
BZ17705,BZ17705
BN378864,BN378864
CW693571,AL126524
CW493178,CW307326
CW453088,CW453088
BN408752,BN408752
BZ61336,BZ61336
BL307764,BL307764
EF164135,EF164135
CW758670,CW743963
DL92048,DL92048
EH1155169,EH1155169
CW1094144,CW362052
BK37156,BK37156
AE13824,AE13824
DB178205,DB178205
AL185729,CC26841
CG53943,CG53943
BL479031,BL479031
DA65241,DA65241
CW964147,CW964147
BL273721,BL273721
DT61318,DX26129
EH1078783,EH1078783
CW486415,CW486415
CF6487,CF6487
BZ35133,BZ35133
EH971224,EH971224
AA50695,AA50695
AW189110,AW189110
EH768826,EH768826
AZ18462,CW882004
CJ125163,CJ125163
AL55538,EF28755
CW1057400,BN453994
BN320497,BN320497
AL41591,AL41591
CC100737,CC100737
DG29444,DG29444
BH21750,BH21750
BN375878,BN375878
AW147192,AN191629
EH1244410,EH1244410
BN61263,BN61263
DB212548,DB212548
AD3270,DB329478
DB135626,DB135626
AL55990,AL55990
DR106407,DR106407
DE217213,DE217213
AP64191,AP64191
CW368461,CW1072367
EH952344,EH952344
DS10284,DS87711
CW1239822,CW1239822
CW140741,CW128914
CW1074359,CW1074359
CW143222,CW143222
EM103550,EM103550
CN53977,CN53977
CW974221,CW974221
BN295822,BN295822
CW921123,CW921123
CW1064499,CW1064499
DB239071,DB239071
BM63732,BM63732
EB62524,EB62524
CA110239,CA110239
EH493123,EH493123
CG95521,CG95521
CW403876,CW403876
AM8011,AM8011
CW390256,CW390256
CN72692,CN72692
EH801984,EH801984
DL229137,DL229137
BE284480,BE284480
EH863087,EH863087
DR107900,DR107900
CW790698,CW790698
DK36923,DK36923
DB271365,DB271365
AK79305,AK79305
EL23068,AW148887
EH831304,EH831304
BB63464,EB74834
CW928274,CW928274
CW801076,CW819268
CN60086,CN60086
CW1020270,CW832915
CW1149470,CW1149470
EF160667,EF160667
DA74779,DA74779
CJ85080,DB279683
DZ65342,DZ65342
CW188644,CW340015
DL240987,EH805908
AN163874,AN163874
BE406539,BE406539
CW95647,CW95647
BE381938,BE452636
EH794441,EH794441
BN382386,BN382386
DB276465,DB8048
CJ175676,CJ175676
EM11443,EM11443
BD96071,BD96071
CW1034380,CW1034380
AS86840,AS86840
AW213345,AW213345
CW704391,CW704391
EH629832,EH738447
BL350803,BL350803
EL48678,EL48678
BN349736,BN349736
CW439800,CW439800
DE306780,DE306780
CW99604,CW99604
BH123371,BH123371
EN24823,EN36563
AW70815,AW70815
DR74657,DR74657
EP92540,EP92540
BC56046,BC56046
CW517542,CW517542
CA120208,CA120208
CW71911,CW351571
DK41473,DK41473
CG114254,CG114254
CW781518,CW781518
DB122415,DS68139
DF8975,DF8975
CW922833,CW665036
AN103738,AN103738
EB67426,EB67426
CM17888,CM13481
CW348367,CW348367
BZ20393,BZ20393
BY531505,BY274763
AL112837,AL4769
BL418611,BL418611
BH138952,BH138952
DH54460,DH54460
EL80828,EL80828
AL229231,AL229231
EE4036,EE4036
CW594094,CW594094
EH797762,EH797762
AS76816,AS76816
AL278949,DH41256
CW1045138,BY603319
BN372430,BN372430
EH814620,EH814620
BR155208,BR155208
DE253906,DE253906
AL308498,AL308498
DR66799,DR66799
CY13575,CY13575
BK26886,BK26886
DZ68758,DZ68758
CM61507,CM61507
CW817047,CW817047
DD70885,DD70885
CW46841,CW46841
EH420950,EH454420
AL233882,AL233882
EH958888,EH958888
CJ125390,CJ125390
EN8096,EN8096
CG126615,CG126615
DB197194,DB192521
DS91147,DS91147
AA207728,AA207728
CN71734,CN71734
BL43785,BL43785
AD29202,AD29202
AL98055,AL98055
CJ19402,CJ63631
EM103578,EM103578
BY648235,BY669128
CW209344,CW209344
BN368310,BN368310
EB59252,EB59252
EH620160,DS93676
EH364751,EH364751
BY32081,BY32081
BH77821,BH77821
CP5255,CP5255
EH1191788,EH221661
ED50385,ED50385
DT106904,CG109662
EF98137,EF95653
EL69410,EL69410
BP18540,BP18540
EH483937,EH483937
DE269343,DE269343
EH1000932,EH1000932
CW755383,CW755383
CW867628,CW867628
AS6241,AS6241
BD89965,BD89965
EH1157611,EH1157611
AS84374,AS84374
BY111843,BY276627
EH707589,EH707589
CW915058,CW915058
DH40272,DH40272
BL261971,BE456245
AA178006,AA178006
CW187756,CW187756
EB51535,EB51535
CM67296,CM67296
EP94187,EP94187
BM66167,BM66167
CW513838,CW147629
CW1179249,CW751145
EF136454,EF136454
BM3204,BM3204
BY626514,BY626514
BE312545,BE321775
CD26803,CD26803
DD140780,DD157332
EF39056,EF39056
BL448942,BL448942
DW61931,DW61931
BY539684,BY401695
EF86405,EF86405
BL377606,BL377606
EH875027,EH875027
AL211952,AL211952
AM51741,AM51741
AL139591,AL139591
CT53432,CT53432
CW1238379,CW1238379
BL36698,BL36698
EF98466,EF98466
DS66916,DS66916
EP61343,AN159237
CW979621,CW979621
BX13170,BX13170
DA88132,DA88132
EH998333,EH998333
DC20735,DC20735
CW65164,CW65164
CJ9684,CJ9684
EH782544,EH782544
EM17530,EM17530
BD157337,BD157337
CW846543,CW846543
BY554789,BY587561
BE110724,BE11804
EB9099,EB9099
EH785461,EH785461
AA185763,AA185763
AG43668,AG43668
DX50930,DX50930
CW935955,CW833926
AL113520,BR37177
EM43573,EM43573
DB281911,DB281911
BL379054,BL379054
AK3485,AK3485
AW129999,AW129999
BN442460,BN442460
BE302935,BE302935
AN214916,AN214916
AN178905,AN178905
EH1106149,EH1106149
AW137481,AW85574
CW792045,CW792045
BL28419,BL28419
BN487191,BN487191
CW930551,CW930551
EH597057,EH597057
BN336459,BY574125
EH428442,EH447852
BY116819,BY116819
AN39335,AN39335
EH920303,EH968689
DT160137,DT160137
BZ9846,BZ9846
CN12339,CN12339
DA20624,DA20624
BB21640,BB21640
DT80346,DT80346
AA146431,EH671857
BL476476,BL476476
EH1105058,EH1105058
AM51988,AM51988
BL224986,BL224986
BY594386,BY594386
BY613335,BY613335
EP70926,BE49114
BR133754,BR133754
AK24741,EH893365
CG7899,CG7899
BM16542,BM16542
CA81751,CA81751
DL228787,DL228787
DB129895,DB129895
DE289705,DE289705
AL48894,AL48894
AN197348,AN197348
BH75150,BH75150
EH853289,EH853289
EH1195539,EH1195539
EH698060,EH698060
CW1026406,CW1026406
AL207265,AL207265
BY508812,BY508812
DD133105,DD133105
BL364709,BL364709
EH966601,EH966601
EH422332,EH422332
CG112166,CG112166
DL257693,DL257693
AW190376,AW190376
DR50787,DR50787
BY236345,BY236345
BL412203,BL412203
EM135986,EM135986
AW109217,AW109217
CC38899,CC38899
CW759651,CW759651
CJ143146,CJ143146
CW845189,CW845189
BP51978,BP51978
CT31013,CT31013
BY636567,BY636567
EF173163,EF173163
BR128558,BR128558
BY109085,BY109085
CN39536,CN39536
AL140659,AL140659
CW438446,CW318611
EH1131492,EH1131492
EF221800,EF221800
CM48689,CM48689
CW251972,CW251972
AP81564,AP81564
DR66855,DZ19435
CT11021,CT2205
CS31103,CS31103
BN400633,BN400633
BR186181,BR186181
EM95801,EM95801
EH1131139,EH1131139
AX41879,BH120326
CJ121867,CJ121867
EM30703,EM30703
CA22841,CA22841
AX3989,AX3989
AT20417,DB308792
AS51630,AS51630
DR83423,DR83423
EH833138,EH833138
EH300028,EH583605
CW201809,CW191257
AS86973,AS86973
BE344006,BE344006
BE309273,BE309273
CC88410,CC88410
BY308452,BY308452
DL254282,DL254282
BN297338,BN297338
EJ13550,EJ13550
DS100849,DS100849
BY355980,BY492671
BN95238,BN95238
EH542281,EH542281
DN88650,DT80809
CW758274,CW758274
BZ6360,BZ6360
CW68874,CW718655
EH534452,EH534452
BM19820,BM19820
DL252491,DL252491
AG15858,AG15858
CW987194,CW987194
BG48373,BG48373
BB77195,BB77195
ED50421,ED50421
EH1131082,EH1131082
EF85452,EF232843
EH921162,EH921162
BH78213,BH78213
AL90315,BL500024
CW644793,CW644793
EG57623,EG57623
CB80073,CB80073
BZ31073,BZ31073
AS90465,BE121599
BZ22970,BZ22970
CW204037,CW1348180
EH681143,EH681143
BY247039,BY247039
AN19742,AN68281
AL334901,AL334901
CG49036,CG49036
EH667785,EH667785
AL88263,AL88263
CW765604,CW765604
CW1263962,CW1263962
CW214611,CW214611
EH546910,EH546910
EH1127512,EH1127512
EH565271,EH565271
AW94528,AW94528
DB244465,DB244465
AM73623,AM73623
EH1130922,EH1130922
DB96373,DB96373
CA80070,CA80070
DG39784,DG39784
DB143247,DB143247
BC62320,BC62320
EH826873,EH472410
AA74000,AA74000
CW190765,CW190765
AK30133,AK30133
CW39260,CW39260
BB15957,BB15957
EB26412,EB26412
EF220084,EF220084
AA160314,AA160314
BR123783,BR123783
DR68122,DR68122
AA164934,CW1301526
DL217868,DL217868
AG36623,AG36623
CM44097,CM44097
CW1160984,CW1160984
CJ98741,CJ98741
DN118025,DN118025
CW348858,CW398148
AL291759,AL291759
DB42546,DB42546
AL115180,AL115180
DE235367,DE235367
EH842666,EH842666
CW1043852,CW1043852
BN96344,BN96344
CD22923,CD22923
BN429628,BN429628
CJ106401,CJ106401
BL517482,BL517482
CW967356,CW854308
BN148993,BN148993
EH1129809,EH1129809
AP83286,AP83286
EH695582,EH695582
EH1145402,EH1145402
DB197894,DB197894
DA59738,DA59738
DB210590,DB210590
BR115914,BR115914
BL419835,BL419835
DL127851,DL127851
BY625849,BY625849
CW999274,CW999274
DB96717,DB96717
BL150952,BL150952
BY471085,EH955059
CJ37345,CJ37345
ER15769,ER15769
CW4254,CW4254
EF150169,EF150169
CG83990,CG83990
CJ125663,CJ125663
CW664608,BR119527
CW961701,CW961701
BN492324,BN492324
EJ21526,EJ21526
CW801381,CW801381
EH1269040,EH1269040
CW801877,CW801877
EH612284,EH612284
DS102387,BR98430
DP6645,DP6645
DN4341,DN4341
BE436063,BE361146
DE229906,EH111651
EL76564,EL76564
CW61964,CW119601
AN203729,AN203729
CX14115,CX14115
EP52017,EP52017
CW819189,CW819189
EH517823,EH517823
DZ24224,DZ24224
CW998729,CW998729
BX3282,BX3282
EH431235,EH431235
EH179137,EH179137
AJ5381,BL73291
BN312621,BN312621
CJ122984,CJ122984
AN205821,AN205821
CJ157559,CJ157559
BY352407,BH94055
DS74746,DS74746
EH1020872,EH863087
BE325378,BE113040
EL93855,EL93855
EM61709,EM61709
AW166971,AW166971
BD24745,BD24745
CW933606,CW933606
DN128723,DN128723
DT95105,DT95105
AA205518,AA205518
BS12333,BS12333
DT82841,DT82841
AY38975,AY38975
EH456446,EH456446
DX52096,DX52096
EH569639,EH569639
CW1044906,CW1044906
EH482563,EH482563
DR12710,BD10879
EN51126,EN51126
CW398732,CW889948
BE199927,BE199927
CW1140326,EL77093
BE275178,BE275178
CN60136,CN60136
EM78512,EM78512
CJ191212,CJ191212
BE441881,BE441881
EH921650,EH921650
AW181405,AW181405
BN307673,BN244517
AA167113,EH1036513
ES22616,ES22177
AL274291,AL133130
DE296437,DE296437
BB87134,BB87134
CW875536,BH133019
DR2262,DR2262
BF22660,BF22660
BY563230,BY563230
BN322456,BN298105
BM7151,BM7151
BN301737,BN297338
BC49176,BC50167
BY626514,EH1054911
DT89332,DT89332
BE319474,BE319474
AX43751,AX43751
BD48688,BD48688
DN142696,EP95435
BL392390,BL392390
EH195566,EH195566
CJ146224,CJ146224
CW338127,CW734473
DB58881,DB58881
CW734441,CW690720
DE139261,DE140636
BL276211,BN206577
CW1167607,CW1167607
CW625506,CW1046594
DE260212,DB221157
BL411979,BL411979
EM125174,EM125174
DW66674,DW66674
AL273159,AL273159
CW13672,CW13672
EH829230,EH829230
CW223918,CW516330
BL466982,BL466982
DE236293,DE139297
BH7498,BH7498
EP82995,EP82995
CG119502,CG119502
AY2682,AY2682
EH1127324,EH1127324
DB275628,DB275628
AN154804,AN154804
CW845204,CW845204
EH1084940,EH1084940
CW858033,CW858033
EH129428,EH289279
CW1201563,CW1201563
EH1148133,EH1148133
AK50570,AK50570
BY550379,BY550379
EG53952,EG53952
EH895193,EH895193
DR67808,DR26790
BR99800,DN128351
BN463539,BN463539
EH1123176,EH1123176
CW815460,EH843869
BN339456,BN91875
CA35710,BL38786
EK21377,EK21377
EH1127215,EH1127215
DX44431,DX44431
CW614794,CW614794
CW799778,CW989338
DE86059,CW287841
BE314733,BE314733
DG47792,DG47792
DE38730,DE38730
BL270631,BL270631
EF153583,EF153583
CW273741,CW707632
AS12397,AS12397
DM24354,DM24354
EH535597,EH1205146
ER35478,ER35478
EH504540,AL193354
CM61162,CM61162
EL79631,EL79631
DB21579,DB21579
EH549225,EH549225
AN4968,AN4968
DW16814,EM17616
DA100516,DA100516
CH51729,CH51729
CA99351,CA99351
AW56234,AW56234
DR6463,DR6463
AG27139,DL54239
EH967220,EH967220
BR33156,BR220410
EH188644,EH188644
BH38664,BH38664
BY252445,BY252445
CW701269,CW658019
BY501435,BY501435
BN401849,BN401849
BY386771,BY386771
DL177322,CG176911
EH1253852,EH618325
EH855130,EH855130
EH670756,EH670756
EH650616,EH650616
EL85817,EL85817
AR13245,AR13245
EH991395,EH991395
CB80153,DT122842
AW17260,AW17260
BH111614,BH111614
CM17888,BR145577
BM40737,BM40737
DB167580,DB146289
BL474176,BL474176
DP20064,AM46712
EH496431,EH496431
AB44265,AB44265
BE404904,BE340257
DP44595,DP44595
CW168583,AL57499
CW848801,CW848801
BL312901,BL312901
DW32637,DW32637
BE310539,BE310539
BY602780,BY602780
DT26687,DT26687
BH158803,BH158803
DN132123,DN132123
EH686931,EH686931
BM11216,BM11216
DZ28012,DZ28012
EH544771,EH544771
CW1101394,CW1201563
EH966447,EH966447
CW532838,CW532838
AA172363,AA172363
BL162192,BL162192
CW820091,AN155057
AN6064,AN6064
CW573133,CW573133
BN484079,BN484079
DB162627,DB162627
DB162792,DB162792
CN79777,CN79777
AB16729,AB16729
BR175922,BR175922
BE381187,BE231834
EH435460,EH435460
BH64937,BH64937
DL161030,DL161030
EH1008109,EH999866
BH11838,BH11838
EH1007116,EH1007116
BA18709,BA18709
CJ126310,CJ126310
BN93400,BN93400
BZ2696,BZ2696
DS45059,DS45059
DL254400,DL254400
BR154545,BR154545
CW479996,CW529170
DA88065,DA88065
DR50828,DR50828
CW774972,CW774972
BY325767,BY325767
CW729010,CW729010
AL132890,AL132890
BD11460,AA10273
EH797182,EH797182
DD132322,DD132322
DJ6040,DJ6040
DH42751,DH42751
DE261052,DE261052
DN125961,DN125961
EH951225,EH951225
BE131710,BE131710
EH874078,EH874078
AA182197,AA182197
ER42823,ER42823
CJ124356,CJ124356
BY419988,BY419988
DB111377,DB111377
CW304650,CW304650
DB294396,DB294396
CW688688,CW688688
BR166090,BR166090
BL285392,BL351270
CX20507,CX20507
CA4890,CA4890
DR86997,DR86997
DZ65333,DZ65333
CW844247,CW844247
CE58514,CE58514
CW820776,CW820776
CC106947,DR62297
EH906761,BB95939
CW1185132,CW77554
BZ10231,BZ10231
CP4394,CP4394
CZ68681,CZ68681
EH1030179,EH1030179
EH701814,EH701814
BY518856,BY518856
CW574525,CW1065762
DL232461,DL232461
BY539040,BY318950
CW865060,CW753122
BN132326,BN132326
CW908340,CW1053742
BL93535,BL217365
BY541119,BY541119
BY446295,BY446295
EF128099,DL159826
DB292682,DB292682
EH660392,EH660392
EH628844,EH628844
AY7333,AY7333
EN40217,EN40217
AW166633,AW166633
CW267326,CW334225
BL497183,BL497183
CW791550,CW791550
CW1121507,CW1121507
CW662635,CW618368
BL428105,BL428105
CD21355,CD21355
BL491973,BL491973
AM85257,AM85257
DL9318,DL91759
EH906914,EH906914
AL208118,AL208118
DS64729,DS64729
BE295128,BE295128
DK40043,DK40043
CW491583,CW494688
AN202991,AN202991
DD108330,DD108330
CW155886,CW72342
AN160533,AN160533
CW905843,CW590949
CW1186738,CW1186738
AN129595,AN129595
DH65377,DH65377
EK9246,EK9246
CJ126141,CJ126141
EF143006,EF143006
CW392736,CW392736
DE290078,DE290078
EF152082,EF152082
CW772701,CW772701
DB221603,DB221603
CW888014,CW888014
CJ131189,CJ131189
AX53550,AX53550
CW847617,CW847617
AH9613,CS14883
CW647006,CW647006
AL132675,EH511095
CW359050,CW295975
EN38231,EN38231
CG143126,CG143126
CW49486,CW49486
DB281996,DB281996
DX5078,DX5078
EH1232116,EH1232116
EH943087,EH943087
EH954037,EH954037
DL204310,DL204310
AB32602,AB32602
BL19427,BL19427
CW678105,DX10615
EL94755,EL94755
EH816705,EH816705
BL453733,BL519816
EH684091,EH684091
DL195564,DL195564
CG114917,CG114917
EJ20774,EJ20774
BD37460,BD37460
BL261971,BE248107
CW859593,CW859593
BL239586,BL239586
CW979694,CW979694
AM44062,BL456475
EH603617,EH603617
CW1064798,CW1064798
BZ46143,BZ46143
EJ14048,EJ14048
DB6033,DB6033
AK109615,AL70918
EH186654,EH186654
EH1076244,EH1076244
BN107773,BN107773
AP33280,AP33280
AN201621,AN201621
CS32203,CS32203
EH842660,EH842660
CW805752,CW805752
BL372051,BL372051
DA87972,DA87972
CH39063,CH39063
DA25430,DA25430
EF37145,EF37145
BN466324,BN466324
EA4812,EA4812
CW1293541,CW1293541
EH110101,EH110101
BN537897,BN537897
EH863504,EH863504
CA42566,CA42566
AN144064,AN144064
EH426836,EH426836
CC78507,CC45462
CW463428,CW463428
DE286275,DE286275
AN95123,AN95123
CW858689,CW858689
BE385228,BE385228
BN169343,BN536909
CW498309,CW144999
EH918269,EH918269
EH279943,EH279943
EH1194878,EH1194878
AL42084,AL42084
BC38589,BC38589
DX23672,DX23672
CW1096214,CW1096214
AF20838,AF20838
DY30111,DY30111
BB83940,BB83940
CJ144265,CJ144265
CM58782,CM58782
CW66349,CW66349
BE249752,BY373701
BP52467,BP52467
BN196220,BN277360
AN74733,AN74733
EH989284,EH989284
BD127788,BD127788
BD73217,BD73217
BW52326,BW52326
CW111175,CW393082
DS96994,DS96994
EH982923,EH982923
DR60108,DR60108
BY568373,BY568373
BN236778,BN228152
BE355009,BE355009
DL145277,DL145277
BL390590,BL390590
BJ25414,BJ25414
BE397572,BE397572
CW1155769,CW1330596
EH768102,EH768102
DL168486,DL168486
CW857181,CW918308
CW641160,EH1273554
EH1017461,EH1017461
DA89988,DA89988
DE250256,DE249494
DB218743,DB218743
BW30394,BW30394
BN426367,BN426367
AK37505,BE262920
BL467839,BL467839
BY663009,BY663009
BE408885,BE408885
BP52836,BP52836
CW398064,CW398064
CN47106,CN47106
DT55299,DT55299
DT11878,DT11878
EH217160,EH217160
BN512811,BN512811
EH1214814,EH1214814
AP69088,AP68630
DL136105,DL136105
EF110582,EF110582
EL74751,EL54523
EH266003,EH266003
AX27397,AX27397
CW785379,CW785379
CA85388,CA85388
CA57823,CA57823
CA134768,CA134768
CW811889,CW811889
AL29065,AL29065
CW1343137,CW1343137
BL327069,BL327069
BL287825,DL221232
EH511773,EH511773
DE89107,DE89107
CW1256819,CW1256819
AS64593,AS64593
DW43828,DW43828
CW33991,CW33991
DB218431,DB218431
CW507682,CW507682
BN521198,BN521198
BG35587,BG35587
CW107380,CW107380
DP35601,DP35601
BE25387,BE25387
CG96618,EF98591
DT105270,DT105270
EH124073,EH124073
DH55832,DH55832
BL319684,BL319684
DA22869,DA22869
EH599168,EH599168
CT18001,DL58463
DE272476,DE272476
BN457789,BN457789
CW949478,CW949478
BL348784,BL348784
CW34747,CW34747
BP3766,CP4198
AK46609,AK45994
CW616547,CW760809
DR27223,DR27223
CW664135,CW664135
BY446423,BY446423
EH562168,EH562168
AK111421,AG54033
EH580333,EH580333
BN285828,BN285828
BY511406,BY511406
EH1004339,EH1004339
DE262678,DE262678
CW594036,CW1356361
DL220326,DL220326
CW921594,CW298344
EH935247,EH935247
BL145743,BL145743
CP31806,CP31806
AL197849,DB145608
DZ40293,DZ40293
CW618891,CW618891
AX38770,AX38770
DS98811,DS98811
BY95094,BY127074
BZ55120,BZ55120
EH970353,EH970353
AD9217,AD9217
AK92219,AK92219
AK113306,DL229054
BE84700,BE84700
AW176498,AW176498
DL240894,DL240894
EF176328,EF176328
DL128015,DL119704
CC74408,CC160028
BH81468,BH81468
DL239812,DL239812
DT111028,AG45307
AL145803,AL145803
EH566612,EH792455
BN427996,BN427996
CW865598,CW865598
AN162977,AN162977
AL335541,AL335541
CW947413,CW975285
BD107176,BH134730
EA3781,BL9239
DE176567,DE176567
AW34836,AW34836
DE274303,DE274303
EJ11713,EJ11713
BR156120,BR156120
EM78079,EM78079
EH898882,EH898882
BY416951,BY416951
EH230994,EH308446
DP2409,DP2409
EH1001765,EH1001765
CG48296,CG48296
EH491013,EH491013
AM83414,AM83414
ED41153,ED41153
EH931233,EH931233
DE306183,DE306183
AF9650,AF9650
AW173455,AW173455
CN61506,CN61506
DB235701,DB235701
BL131245,EN26644
CW888539,CW888539
DZ33946,DZ33946
CW359060,CW359060
CW524877,CW524877
BZ45992,BZ45992
BY278386,BY278386
CH16570,CH16570
EH1203513,EH1203513
AA56154,BR88966
AA47933,AA47933
AK98460,AK98460
AN230998,AN230998
EH469813,EH423288
DL219094,DL219094
DB24418,DB24418
CW1290510,CW1290510
BL329878,BL329878
ER31924,ER31924
DK41394,DK41394
CT42111,CT42111
CW537897,CW537897
EP78421,EP78421
BN469294,BN477764
CN82942,CN82942
BL259740,BL259740
BY486227,BY486227
DY34057,DY34057
CW789612,CW789612
CY29113,CY29113
EF210661,EF210661
CW1147631,CW1147631
DB293057,DB293057
BR110637,BR110637
EM50560,EM50560
DL259133,CC128866
CW1080041,CW1080041
EH662830,EH662830
BE351618,BE351618
AL323278,AL291759
BE119107,BE119107
CW145675,CW124986
CA74424,CA74424
DK45724,DK45724
BL350576,BL407894
BH80806,BH80806
AK22045,AK22045
CT17699,CT17699
CJ97420,CJ97420
BE399945,BE399945
CW847666,CW575627
EF143524,EF143524
BJ14780,BJ14780
CW1099003,CW1099003
EF151904,EF151904
BH175541,BH175541
BY308471,BY268010
DL262572,CM67893
BE279380,BE279380
AL141719,AL141719
BY560340,BY560340
CN73874,CN73874
CW229123,CW229123
DX51257,DX51257
EH815190,EH815190
BR164078,AA94070
AX49620,AX49620
AL239252,AL239252
CS28762,CS28762
AK88512,AK88512
BE177889,BL324622
BL407027,BL407027
DY32268,DY32268
DR103974,DR62614
BN134523,BN134523
BH64031,BH64031
BG58350,BL509299
CW942446,CW942446
BM39729,BM39729
EF212427,EF212427
BN401066,BN401066
CW665902,CW470492
EH398457,EH436021
DE189197,DE180638
AL178105,AL178105
EH623048,EH623048
EH371228,EH371228
BR51192,AM28736
BY637915,BY637915
CW133765,CW133765
EH786016,EH786016
CW207233,CW530024
EF176595,EF176595
EF150304,EF150304
CB45034,CB45034
BL397781,BL397781
BE348007,BE348007
CW678105,BF30016
BL110356,BL110356
EH890469,EH890469
AH21635,AH21635
EH300908,EH70299
EH826873,EH533279
CB77071,CB77071
CW58988,CW58988
BE273443,BE273443
CW1041136,BL257589
DB48731,DB48731
BY605528,BY605528
EH441616,EH441616
AX52665,BR140009
EH968845,EH968845
EH771419,EH771419
BP47092,BP47092
BE405738,BE405738
DB213186,DB213186
CW332737,CW332737
AN115583,AN115583
AS100364,AS100364
DB269981,DB269981
EH330208,EH330208
EH832067,EH302343
DR43404,DR43404
CW1139039,CW1139039
DP39009,DP39009
AN12272,AW19337
EH345353,EH345353
CW71666,CW71666
CW668504,EL53546
EH1271344,EH1271344
AW46655,AW46655
EH97087,EH199390
BE356964,BE356964
CM56472,CM56472
AW120191,AW120191
AM100409,AM100409
DW56920,DW56920
BY712233,BY712233
BL340524,BL340524
EH88323,EH88323
DR94816,DR94816
DS88204,DS88204
EH982438,EH982438
DS107068,DS107068
DL210291,DL210291
CJ179260,CJ179260
EF184255,EF184255
EM95389,EM95389
CW537828,CW537828
DS107262,DS107262
BH160291,BH160291
BC65644,BC65644
CE14278,CE14278
BD125879,BD125879
DB165459,DB165459
EJ27312,EJ27312
DA15208,DA53086
DX11890,DX11890
BN379512,BN379512
CW1294808,CW935955
BL409444,BL409444
EM94651,EM94651
DE278436,DE278436
BY556227,BY556227
CW488778,CW89197
DT58568,DT58568
DE310340,DE310340
BZ6871,BZ6871
CW831067,CW831067
DB116769,DB116769
EH1077728,EH1077728
CW65710,CW75425
DB174378,DB174378
CW1021724,CW1021724
BL519647,BL519647
DY2159,DY2159
CW743145,CW134791
CW634237,EF123154
EH266459,EH266459
ED52743,ED52743
EH784493,EH784493
DB301558,DB301558
BF32275,BF32275
EA31291,BL56708
CW293811,CW293811
EH1080777,EH1080777
DL196364,DL196364
BL368179,BL368179
EH1205071,EH1205071
AW105714,AW84214
DD136187,EH1054911
BL368275,BL368275
AL187433,AL187433
CW445713,CW503686
CW687697,CW687697
DT48091,DT48091
DH22009,DH22009
BE185634,BE185634
CW1072136,CW1072136
DR44987,DR44987
CW808890,CW808890
BE331334,BE331334
AX59016,AX59016
EM102270,EM102270
EH922454,EH922454
ER38791,ER38791
EA37084,EA37084
DE36317,DP5933
CW845728,CW784174
BB72637,BB72637
CW789303,CW789303
EH1096476,EH1096476
DR104635,DR104635
EB62916,EB62916
EM47926,EM47926
CW1169269,CW173786
EM83457,EM83457
DD101072,DD101072
CW127358,CW127358
CW188684,CW88280
BE289372,BE289372
CW1171383,EH690942
BR189206,CW690720
DL206330,DL157516
AN156561,BB64974
DT94284,DT94284
CW969900,CW969900
AL240830,AL240830
BR124939,BR124939
CW134940,CW1123825
EH917202,EH917202
DB133787,DB273219
BE202380,BE202380
EH628125,EH628125
DE254102,DZ49855
DL182769,DL182769
AB23164,AB23164
EH1218895,EH1218895
CN58679,CN58679
CW1101394,CW1101394
AW193655,AW193655
CW95298,CW71178
DL206064,DL206064
EL9504,EL9504
AX58695,AX58695
BM73801,BM54568
CW1218817,CW1218817
AN152634,AN152634
AS49142,AS49142
AN182901,AN182901
CC109204,CC109204
CW512123,CW617307
CW823739,CW695636
EH931912,EA46121
DE304462,DE304462
AW40892,AW40892
CW334490,CW441872
EH732722,EH732722
BY676398,BY514264
DA27039,DA27039
EH1133365,EH1133365
AW164698,AW164698
AL49167,AL49167
CC129191,AN98838
CW846817,CW783479
AL190826,AL190826
EH834544,EH772123
CW650635,CW650635
BL465363,BL465363
CA98085,CA98085
CW975285,CW727470
BY610784,BY610784
AL314909,AL314909
DX54978,DX54978
AL171813,AL171813
DB232068,DB232068
DN129966,DN129966
DT77250,DX49610
AA171570,AA171570
BY390598,BY559697
CW34286,CW34286
EN37935,EN37935
CN24431,CN24431
EH395054,EH395054
BE184658,BE166851
DA87354,EH342552
EH874979,EH874979
CC112663,CC112663
EH967074,EH967074
AN19100,AN19100
BN498299,BN498299
EB6368,EB6368
AN36086,AN36086
DA11652,DA11652
BN379535,BN379535
BE355676,BE355676
CW887576,CW502668
DL201941,DL201941
DZ42134,DZ42134
CZ43929,CZ43929
CW664768,CW664768
CN45645,CN45645
CW664108,CW664108
AL273535,AL273535
CW1137015,CW1137015
AY3773,AY3773
AL170140,AL151163
EH1271683,EH1271683
CW829356,CW829356
DX51258,DX51258
AW7836,AW7836
EH207452,EH207452
BL348145,BL348145
EH631028,EH631028
EN58991,EN58991
EH673799,EH936999
DP39685,DP39685
AA190129,AA190129
CW1057440,CW1057440
EH1096309,EH1096309
CW633879,CW633879
CW661372,CW661372
AB15454,AB15454
BE359005,BE359005
AX35986,AX35986
BL351270,BL351270
DP49854,DP49854
AB38575,AB38575
BH163344,BH163344
DB322665,DB322665
BN416575,BN416575
BN186669,BN475015
DS98842,DS98842
DG39368,DG39368
CW395963,CW395963
AP75399,AP75399
CW218882,CW69898
DL208243,DL208243
BE195021,BE195021
BM35933,BM35933
BL440309,BL440309
DT138318,AL311555
EH866984,EH866984
BJ35807,BJ35807
CW97441,CW97441
EG43586,EG43586
BW52267,BW52267
DN70097,DN70097
AK81267,AK81267
EH931745,EH419689
CW183898,CW541100
EG49629,EG49629
EF129842,EF129842
BH17548,BH17548
DT146021,DT146021
CA127193,CA127193
AL13089,AL13089
EB50295,BY743239
EH1010928,EH1010928
CW911571,CW911571
AL239567,AL239567
DL197503,DL197503
DD125429,DD125429
DB281564,DB281564
BL67816,BL67816
CW1010645,CW714074
CN72970,CN72970
CG96618,AP58795
CW1153449,CW1153449
DP2413,DP2413
CH5174,CH5174
CW1090453,CW1090453
EH303379,EH408480
ER44355,ER44355
BL319385,BL319385
AL147193,EH543430
BL372420,BL372420
CC89582,CC89582
DH55195,DH55195
AS59257,AS59257
BR63325,BR63325
BY510127,BY510127
AL243294,AL243294
EH294190,EH321357
BN301193,BN301193
CW223203,CW223203
CW594617,CW594617
DE249698,DE249698
EH734374,EH1087086
EH457656,EH457656
EP55402,EP28296
AX45299,AX45299
BT5114,BT5114
CB70478,AL114668
DX33035,DX33035
BN313428,BN313428
AK5186,AK5186
DL191084,DL174471
EH105384,EH105384
BN181015,BN8167
AX67349,AX67349
CW277084,CW41435
CZ106628,CL34430
DB245887,DB245887
CW200317,CW298266
CW171534,CW171534
BL389337,BL389337
DL234409,DL234409
BL363613,BL363613
BE393495,BE393495
CW1111533,CW1111533
ED21483,ED21483
BB6245,BB6245
AR4298,AR4298
EF128724,EF128724
DX41657,DX41657
BN370860,BN370860
DE198220,DE199936
EP64239,EP64239
CW1058269,CW1095419
EH1219070,EH1219070
CW854416,CW854416
DB231790,DB231790
AA135986,AA135986
CW21025,CW21025
DX39005,DX39005
EL74286,EL74286
BR152376,DC8284
BK42528,BK42528
EH288711,AM54448
CW844211,DB235762
CW1118565,CW1118565
DN46824,DN46824
BB41067,BB41067
EF59275,EF59275
CW1128939,CW1128939
EH824809,EH824809
EH189317,EH189317
BP66799,BP66799
DX51536,DX51536
DL196397,DL196397
CJ166932,CJ166932
EH337189,EH337189
BL310254,BL310254
BR193663,BR193663
CZ66445,CZ66445
EH455766,EH455766
CC117387,CC117387
EH61381,EH61381
BD103291,BD103291
BW60732,BW60732
EM86760,EM86760
EP92874,EP92874
BL437497,BL437497
CW690925,CW690925
CW1035820,CW1035820
AX40173,AX40173
BL399052,BL399052
CW1176855,CW829070
EH890932,AX57304
BZ20235,BZ20235
AA180108,AA180108
AB2424,AB2424
BR192547,EL61664
AL90315,DB98046
CW51803,CW51803
EL77925,EL77925
DB263468,DB263468
BL350796,BL350796
BN218288,BN218288
BH87695,BN353563
EH906761,EH906761
AN176040,AN94568
BR173015,BR173015
CW1267086,CW1267086
DB39066,DB39066
CW416158,CW524693
CW998972,CW998972
AL260697,AL260697
BE11804,BE452125
EH1238172,EH1238172
DN135544,DN135544
EH447043,EH447043
CT21882,CT21882
AD26800,AD26800
EH1127281,EH1127281
AA188227,AA188227
BD71586,BD71586
EH1129709,EH1129709
DD187044,DD187044
BY415360,BY415360
BE308776,BE308776
CW846665,CW846665
CW792864,CW792864
CW912957,BY565084
AS83776,AS83776
BK48924,BK48924
EJ17111,EJ17111
CW843668,CW843668
DR38316,DR38316
CJ27325,CJ27325
BD85381,BD85381
BL380304,BL380304
BL389542,BL389542
AK164883,AK164883
AL68790,AL68790
AX66899,AX66899
AM87215,AM87215
CZ69956,CZ69956
BE334146,BE334146
CW476397,CW476397
CW884908,CW884908
CW899370,EH690942
EH833083,EH833083
EH594818,EH594818
EH836870,EH836870
EH539536,EH539536
DR56943,DR56943
EG18780,DC24667
BL456594,BL456594
DS100289,DS100289
DJ15874,DJ15874
BE247160,BE247160
EH834225,EH834225
BN295161,BN295161
CC77777,CC77777
DT163587,DT163587
EH628192,EH628192
EF159840,EF159840
DH45229,DH45229
CW929510,CW929510
AN12339,AN12339
DE248230,EH927410
EH739564,EH477725
BL416099,BL416099
BC66513,BC66513
CW239484,CW239484
CM39146,CM39146
DB68742,DB68742
EH1135083,EH1135083
DE219092,DE219092
EH1059561,EH1059561
BL293491,BL293491
ED22680,ED22680
BW32751,BW32751
BL508422,BL508422
CW1104637,CW812947
EH964480,DA41470
AK142727,AK142727
EH776784,DL272353
BE326468,BE326468
DB164804,DB155269
EH273858,EH273858
EH857470,EH857470
CA66643,CA66643
BC67916,BC67916
BE253031,BE253031
CW750434,CW705102
AL46656,AL46656
CC131667,CC131667
BN102031,BN30806
BE364085,BE368961
CW183506,CW183506
EH1021538,EH1021538
CW1076229,CW933706
BH118099,BH92535
DJ7632,DJ7632
DB281792,DB281792
BN444104,BN444104
AB4297,AB4297
DE248230,DE248230
CY23040,CY23040
CE40331,EH1027144
CW965121,CW965121
CW1031195,CW1031195
EL79308,EL79308
BY675123,AP17480
CM49642,CM49642
EH439087,EH439087
AW36899,AW36899
EH1280864,EH1280864
AL137595,AL137595
EH951686,EH951686
EL57306,BL379155
AA152103,AA152103
DR23613,DR23613
DA10024,AG53003
BY648235,BY648235
AK111980,AK111980
CH34301,DD94935
CA115909,CA115909
EG55584,EG55584
BE386877,BE386877
DS92364,DS92364
BY658669,BY658669
CH51042,CH51042
BN445192,BN445192
DH29868,DH29868
DL246053,DL246053
EM37976,EM37976
BY322725,BY322725
EH1100368,EH1100368
CW984512,CW984512
CW837162,CW837162
CC87265,CC87265
CA75715,CA75715
CW302473,CW1207388
DS45752,DS45752
CW654240,CW530024
BE350043,BE350043
AY8434,BE426041
BM15039,BM15039
DE324712,DE324712
EN53427,EN64837
EH664004,CW231025
DH52517,DH52517
BL516784,BL516784
AL239227,AL239227
DR66855,DR66855
DA109505,DA110260
EH808331,EH808331
DR110120,DR110120
CW825747,CW138868
AA30229,AA26404
CA45493,DS102413
CW84904,CW84904
DD80441,DD80441
AL315053,AL315053
CG147021,CG147021
CW1027399,CW1027399
BZ9042,BZ9042
AK58605,AK58605
DT29550,AS12397
AS54574,CC101010
BN277965,BN277965
AW179288,AW179288
AX2890,AX2890
EP92540,EP92606
BR159358,BR159358
DB222645,DB222645
DB269153,DB269153
BY520349,BY650756
AP72462,AP72462
CW1271982,CW1271982
DR86369,DR86369
AL313533,AL313533
AN227716,AN227716
AS2783,AS2783
DL254368,DL254368
EH920903,EH920903
CW656219,CW656219
BE344093,BE453896
AM66752,AP58795
CW395668,CW366168
DL226837,DL226837
BR48653,BR48653
EH616723,EH949350
BJ37076,BJ37076
EJ23951,EJ23951
EL68317,EL68317
BE57363,BE57363
CW788890,CW788890
BR220712,BR220712
EH892893,EH892893
CW820882,CW820882
AA140029,AA140029
DL53569,DL53569
BE411607,BE411607
CW917752,CW917752
BY610472,DL229054
DR128975,DR128975
DA31070,CW734473
DB192521,DB192521
BL379155,AM66752
AN120941,AN158112
CW1031743,CW1031743
AN16882,AN16882
CM43525,CM43525
BN219762,BN219762
BY83282,BY83282
BE5566,BE5566
EL85396,EL85396
BE355676,BE297878
EB62120,CW886013
BN24078,BN24078
AL6396,AL6396
DN85209,DN85209
CZ41419,BD53250
BH70296,BH70296
EH490884,EH490884
CW160672,CW160672
CW513719,CW513719
DX57634,DX57634
BL367160,BL367160
BL228710,BL228710
DT101321,DT101321
CW817860,CW817860
AL239664,AL239664
BX15682,DL55846
BD27493,BD27493
DB3711,DB35272
EH141543,EH141543
DH9436,DH9436
BY635094,BY635094
BW4378,BW4378
BL433775,BL433775
CW892239,CW892239
EH541057,BY298810
DB306727,DB306727
BN240620,BN240620
DB171792,DB171792
CW1031471,BR182732
BY669184,BY669184
DY38442,DY38442
BH105251,BH76457
BN440642,BN440642
DK40839,DK40839
BN552189,BN384486
CW415163,CW496660
DR7022,DR7022
EH757830,EH757830
BL503318,BL503318
DX55890,DX55890
EH1066846,EH1066846
EH585948,EH585948
CW373805,CW44556
BN323063,BN323063
BB74465,BB74465
DR47954,DR47954
EH834929,EH834929
CW810279,CW810279
AL46681,AL46681
AL110080,AL50031
DD65140,DD65140
EH88008,EH486371
BY177546,EN17123
BD135776,BD135776
DA120151,DA120151
EF172759,EF172759
AL266047,AL266047
DB256163,DB256163
AK46992,CW539837
CJ63064,CJ63064
BM49286,AW100200
DT157494,DT157494
BD96928,BD96928
DH34404,DH34404
EH1020200,EH1020200
CW182746,CW182746
DE288652,DE288652
CX5616,CX5616
CW139310,CW139310
BN324868,BN324868
EH874094,EH874094
DE303809,DE303809
CS26414,CS26414
AX52665,AX52665
CW545231,CW545231
DT129417,DT129417
CW680137,CW1183074
CE50272,CE50272
CW149565,CW149565
EH786732,EH786732
AW209953,AW209953
AM96360,AM96360
CW767354,CW767354
AL161230,AL161230
DH47835,CX17061
CW845728,AN155057
CW589497,CW555319
BY582053,BY582053
DL179067,DL179067
CW1062891,CW1062891
BN304150,BN304150
BE41484,BE41484
EH644375,EH644375
AL42982,AL42982
EH970925,EH970925
AL118504,AL118504
DE265455,DE265455
EF16854,EF16854
CW862678,CW862678
AL249967,AL249967
AL310603,AL310603
CW951965,CW951965
BH27916,BH27916
DD103248,DD103248
BT5786,BT5786
DN20606,EF71267
AL14753,AL14753
AK105370,AK105370
CW716788,CW716788
DT59343,DT59343
AN134973,AN134973
EH619838,DN84537
DH57909,DH57909
CM49006,EJ30502
CW1051944,CW1051944
CW700461,CW700461
AA172405,AA172405
AN90532,AN90532
EH561089,EH561089
DE282967,DE282967
CW781401,CW781401
CJ153211,CJ153211
BY416887,BY416887
CW917586,CW917586
CB72544,CB72544
DZ49855,AW147500
EH528556,EH528556
CS25481,CS25481
CS22968,DE38323
DH30159,DH30159
ES9916,ES9916
DW12322,DW12322
DT144044,DT144044
AB8425,AB8425
EH1055542,EH1055542
AK97008,AK97008
CW579521,CW287446
EH188592,EH188592
CW85056,CW85056
BH125038,BH125038
DR74332,DR74332
CJ107783,CJ107783
AN135389,AN135389
CW689683,CW336274
DE237210,DE142859
DX56339,DX56339
CW529696,CW892725
EH1317193,EH1317193
BN364506,BN364506
AL212302,AL212302
CJ139338,EP64728
BF8922,BF8922
EH905000,EH905000
BE114341,BE114341
EH1091989,DA111398
EM88493,EM88493
BS7466,BS7466
AL81366,AL81366
BE112660,BE112660
DB141911,DB141911
CW1167122,CW1167122
BE423634,BE423634
DS41049,DS41049
BL351973,BL351973
EH486624,EH486624
BN461739,BN461739
DR84661,DR84661
CW689803,CW689803
BM66769,BM66769
DB124955,DB182279
BL411755,BL411755
DL255888,DL255888
DB261246,DB261246
BY373061,BY373061
CG153261,CG153261
EH807001,EH807001
EH1061935,EH1061935
DN130337,DN130337
CN58796,CN58796
BY457115,BY457115
CW1022674,CW1022674
EN55841,EN55841
CW641160,CW163938
AN43453,BY218650
BE297878,BE297878
BY190617,BY190617
BE258122,BE258122
CG167067,DE111897
BN35921,BN416262
EH421753,EH421753
BY44264,BY44264
AG48655,AG48655
EH247270,EH554646
EH601490,EH601490
EH560035,EH560035
EH565875,EH565875
ED39359,ED39359
BR123944,BR123944
BE2274,BE2274
EF59765,EF59765
DS93676,BN373990
EB28695,EB28695
CC52262,CC52262
CW533811,CW193212
BN170079,BN170079
EB35294,EB35294
EH741121,EH204661
CM44422,CM44422
BR63176,BR63176
CG97595,CG107337
EH473179,EH473179
BY429217,BY429217
EH234709,EH234709
BN478555,BN478555
CW234840,CG105374
AA22609,AA36845
BF10305,BF10305
AL150796,AL150796
CW811221,BE242503
CW41420,CW41420
AN157178,AN157178
EH844914,EH844914
BD55931,BD55931
DR85380,DR85380
DZ45405,DZ45405
BL397839,BL523209
BR227138,BR227138
CW70880,CW70880
AK54988,AK54988
EH157001,EH157001
DA77123,EH658737
EJ4466,EJ4466
AN189597,AN189597
AJ33585,AJ33585
EH433910,EH433910
DL238759,DL238759
CW843609,CW843609
CW485297,CW314711
EH1095479,EH1095479
EP43547,EP43547
DD174300,DD174300
DG22761,DG22761
CG168933,CG168933
DY17509,DY17509
EF163627,EF163627
EH843776,EH843776
BK18264,BK18264
DE271737,DE271737
CW24179,CW24179
DN128596,CE42218
EG53645,EG53645
BW38926,BW38926
CG119786,CG119786
CW347017,CW142936
DT142386,EM108480
EH359961,EH359961
AW139813,AW139813
AB33253,AB33253
BZ3766,BZ3766
EH886296,EH886296
CW1040009,CW1040009
EF220010,EF220010
CA87501,CA87501
CA124799,CA124799
DE325364,DE325364
CW926111,CW926111
DT158649,DT158649
AL314408,ED48831
DS38474,DS38474
AL24368,AL24368
EH729736,EH729736
CJ47759,CJ47759
EH797265,EH797265
AK118342,AK118342
BR166113,BR166113
EH546069,DD98450
DL240987,DL164099
CG124981,CG124981
BG21119,BG21119
CW41008,CW36827
AW206362,AW206362
CN95330,CN95330
DL73947,DL59119
AL39154,AL39154
EH110545,EH110545
AW76953,AM113480
EH425241,EH425241
BH53463,BH53463
DB221479,DB221479
AG34040,AG34040
CW275799,CW275799
DB129383,DB129383
CW1059191,CW1059191
CW1180854,CW1180854
EH354274,EH354274
EG32275,EG32275
DX55905,DX55905
CC101382,CC101382
BY510746,BY510746
BZ4797,BZ4797
BE299236,BE299236
EH424410,EH424410
AA164934,EL77093
BY155930,BY155930
EH817858,EH817858
CW105381,CW561515
BY537612,BY537612
AK139487,AK139487
DY3494,DY3494
CJ137281,CJ137281
CM38008,CM38008
CW891312,CW275899
DW5387,DW5387
CW766636,CW985117
DR101303,DR106407
BY358533,BY358533
CJ110766,CJ110766
DD182602,DD182602
DC7221,DC7221
BY677482,BY677482
EH930700,EH930700
DL151404,DL151404
EP77124,EP77124
EH1052027,EH1052027
CW122637,CW122637
CJ116383,CJ116383
AT24189,AT24189
AW95231,AW95231
BR162357,BR162357
BY545031,BY545031
BZ36946,DA118856
AN43178,AN43178
EH857820,EH857820
BE451374,BE451374
EH825212,EH825212
DS98504,DS98504
DE270227,DE270227
AN188397,AN188397
CW209642,CW209642
BH81042,BH81042
EH972391,EH972391
DW4065,DW4065
BL317565,BL317565
BH110159,BH110159
BY699833,BY699833
BN326948,BN326948
DB266821,DB266821
DC8348,DC8348
CW720893,CW720893
DX22645,DX22645
BL500024,BL500024
DD150745,DD150745
CW900816,CW900816
EH970674,EH970674
BL455673,BL455673
CW317933,CW317933
BY580219,BY580219
DX14650,DX14650
CW151345,CW497080
AL170787,AL170787
AW34542,AW34542
AW174258,AW174258
DL209720,DL209720
CW908354,CW908354
EH799928,EH799928
CW360662,CW2427
CW1109009,CW1104176
BH103855,BH103855
EH344376,EH344376
AL230652,AL230652
CG161588,CG161588
BR141564,BR141564
DH36506,DH36506
BE402255,BE402255
DT8549,DT8549
BE282465,BE282465
CW533847,CW387551
CJ105203,CJ105203
DN56116,DN56116
EH1133291,EH1133291
CW635513,CW635513
CW1146012,CW1146012
CS9193,CS9193
BR40189,BR40189
BR141330,BR141330
CW284989,CW48856
EH577760,EH577760
EH535597,EH204661
CW1012320,CW1012320
CW563859,CW743852
BL380233,BL380233
AL177181,AL132684
BH41519,BH41519
AM48344,AM48344
BN514515,BN420674
EH1027533,EH1027533
BY47171,BY362820
EH512982,EH512982
BY578739,BY80755
CW689891,CW728180
DK2699,DK2699
CS6127,CS6127
CG68780,CG68780
BP66720,BP66720
CT52461,CT52461
CW1035147,CW1035147
BZ20948,BZ20948
DB155743,DB155743
DL241603,DL241603
EH358076,EH356438
EA42976,EA42976
CW379781,CW379781
EF209948,EF209948
BY166399,BY78685
EH871914,EH871914
AW192516,BB93378
EH592210,EH592210
CW1171194,CW734473
BZ26029,BZ26029
CH55203,CH55203
CW803186,CW803186
BE247751,BE247751
BY590852,BY590852
CW1282859,CW1282859
EH792902,EH822409
AH13769,AH13769
CW692281,CW692281
AN53266,BL91287
EP88252,EP88252
DD122843,DD122843
EM101752,EM101752
BA8325,BA8325
BE430104,BE430104
EH729757,EH729757
BL329150,BL329150
AP86157,AP86157
EH222432,EH222432
EH1245795,EH1245795
BH109629,BH109629
CT28669,CT34088
EH400346,BY266240
EH694431,BZ72500
CG154555,CG154555
CW762606,CW762606
AL225576,AL225576
CW493178,CW445125
AL74175,BL191940
CW449010,CW449010
BL347733,BL347733
BN7963,BN7963
DX17325,DX17325
EH598716,EH598716
CW751145,CW1239275
BY503779,BY503779
AL138866,AA32059
BE239306,BE239306
EH1054511,EH984786
DR4044,DR4044
BL348270,BL348270
BN470588,BN470588
BE199973,BE199973
AX65578,AX65578
EH763465,EH763465
BZ27966,BZ27966
CW783606,CW783606
AG31205,AG31205
CW678105,CW266772
CG76010,CG76010
DZ53986,DZ53986
CW164335,CW164335
CW729171,CW729171
DE298243,DE298243
CW39124,CW39124
DR106745,DR106745
BN50818,BN20132
DG32139,DG32139
DR58588,DR58588
EF56266,EF56266
DB76053,DB35550
CB69501,CB69501
BB99440,BB99440
CW59531,CW63093
BD146717,BD146717
BR90994,BR90994
DW69368,DW69368
AL259024,AL259024
DN138689,DN138689
CW993843,CW993843
EP92926,EP92926
CJ71199,CJ71199
BY212837,BY165573
EH1056627,EH871633
BL363555,BL363555
AL22541,AL22541
BP12850,EH686931
DF8967,DF8967
EH834306,EH834306
CW1072015,CW1072935
CW61837,CW61837
CW245537,CW974765
EH1180386,EH1180386
EA40763,EA40763
CW940810,CW940810
CW822181,CW822181
EB73250,EB73250
CW673114,CW673114
CZ6904,CZ6904
CY7734,CY7734
AW183757,AW183757
CA114593,CA114593
BJ45577,BJ45577
BD136171,BD136171
CW837296,CW837296
EH1118292,DE111687
DE62395,DE62395
BG23745,BJ12201
CW234840,CW378222
EH444910,EH444910
AN124282,AN124282
DD108656,DD108656
CW864572,CW864572
BL418336,BL418336
BY273952,BY273952
BL407894,BL407894
EF2514,EF2514
EH667830,EH955059
EH377809,EH377809
DZ38469,DZ38469
AS20248,AS20248
CY32344,CP19045
AP82717,AP82717
EH970837,EH970837
AN170264,AN170264
DL221703,DL221703
AP72835,ED39854
EH1116389,EH1116389
EH981179,EH981179
BN329962,BN329962
EH797307,EH797307
DF18952,DF18952
EF233876,EF233876
BY544601,BY544601
DT67556,DT5995
EP54598,EP54598
EH820789,EH820789
EF110381,EF110381
BL368771,BL368771
CW101613,CW101613
DM8268,DM8268
CL49743,CL49743
EH1203620,EH1203620
CR21401,AY24661
CZ75868,CZ27717
DX25948,DX25948
CW291646,CW291646
BD115278,BD115278
CW728812,CW1347378
DB111847,DB111847
CW959069,CW959069
CS19150,CS19150
CW572556,CW590949
AL299720,AL299720
DZ62328,DZ62328
AL304028,AL304028
CW1001837,CW1001837
EH839867,EH969749
BH15598,BH20467
AK8860,AK8860
BB94203,BB94203
CA69996,DL95928
BL368608,BL368608
CW411645,CW411645
DE212670,DE212670
EH863161,EH863161
EH1021414,EH1021414
DR97163,DR97163
BZ12980,BZ12980
BL430417,BL430417
BF17171,BF17171
EN53169,EN53169
CW711630,CW711630
CA104558,CA104558
EH96798,EH96798
EH891956,ED45438
CW552494,CW552494
CW197271,CW181271
DA90896,DA90896
DL197255,DL83157
CA111472,CA111472
EH431876,EH418403
DT29307,DT29307
BE8793,BE8793
EM106784,EM106784
BE76555,BE76555
CN72915,CN72915
AR3199,AR3199
CW495460,CW175943
AL97923,AL97923
DN112106,DN112106
DB113951,DB88871
BY30592,BY30592
EH1128522,EH1128522
BB54083,BB54083
EF99933,EF99933
AJ45271,AJ45271
DK40494,DK40494
CW1123748,CW1348180
EH447391,BD111565
DZ41530,DZ41530
AM49163,AM49163
BN465022,BN465022
CW727586,CW122703
CG28136,CG28136
CW693492,CW693492
DS90770,DS90770
CW73130,CW73130
BL508260,BL508260
CW982262,CW982262
DE159623,DE159623
BB106085,BB106085
BE309090,BE309090
BE25219,BE294272
BE284336,BE456245
BL358780,BL358780
BE373114,BE373114
CW379796,CW263319
AN183267,AN183267
DE269040,DE269040
BY262520,BY262520
EF102427,EF102427
CJ160097,CJ160097
DC11728,DC11728
EM60789,EM60789
BF25658,BF25658
DA55812,DA55812
CH45416,CH45416
BY543711,BH136593
BB89109,BB89109
BN55917,BN55917
DX50718,DX50718
AS31118,AS31118
CW1121259,CW659406
BL417047,BL417047
EH1001048,EH1001048
BR233667,BR233667
AK21293,DL227027
BL469366,BL469366
CW828504,CW828504
BN390013,BN390013
AK129298,AK129298
DN35997,DN3746
BY556367,BY556367
EH618885,EH618885
BR160469,BR160469
BZ23340,BZ23340
DL223348,DL223348
DD133659,DD133659
EH1215487,EH1215487
BC57897,BC57897
AW147863,AW88592
DK28923,DB268682
CW298441,CW231025
DL158326,DL158326
DP46854,DP46854
DR116965,DR116965
EH948434,EH948434
DB220221,CW807932
AG36709,BR72621
DA43546,BM42959
BL416577,BL416577
BN8167,BN8167
EN11131,EN11131
DN22714,DN22714
CA92262,CA92262
CW934439,CW934439
CW109547,CW179109
CW888575,CW888575
DD150632,DD150632
EL89538,EL89538
DD154178,DD154178
EH420813,BL380928
BY520011,BY520011
AK103962,CW830182
DT69443,DT69443
CB72196,CB72196
BY401307,BY401307
AW131494,AN98159
EH1018962,EH1018962
AA177827,AA177827
BH140710,BH140710
CN77025,BL48218
AW117526,AW117526
BL468243,BL468243
CW596989,AN61634
EH1045120,EH1004977
DX13014,EF55832
BL359382,BL359382
CW728982,CW728982
DE237440,DE237440
CW1014351,CW1014351
BY264030,BY264030
CJ190315,CJ190315
CC101477,CC101477
BC23931,BC23931
BD150659,BD150659
CW783173,CW783173
BH104703,BH104703
CW129559,CX8376
AY15877,AY15877
AB16729,DE130955
EF142462,EF142462
CG141571,CG141571
EH958667,EH958667
CM56058,CM56058
BR179213,BR179213
CW189590,CW189590
CW398118,CW767700
AL292840,AL292840
CW934876,CW934876
DY14699,DY14699
BE397478,BE397478
DB205439,DB205439
EH672144,EH672144
BC61801,BC61801
BH129404,BH129404
DA45101,DA45101
CW825471,CW825471
CG136904,CG136904
DL201388,DL201388
CJ154023,CJ154023
EH70764,EH70764
BM49286,BM49286
AM63894,AM63894
DE286827,DE286827
CW1096119,CW1096119
EH448907,EH221470
EG3633,EG3633
CN88466,CN88466
BL359968,BL359968
BD55282,BD55282
AP73094,AP73094
CW989013,CW989013
DL71957,CZ95494
CJ181762,CJ181762
CW981529,CW981529
CW955018,BY610222
BH76722,BH76722
AN108688,AN108688
AA189574,AA94070
BZ25461,BZ25461
DL129280,DL134548
BR171911,BR171911
CA113199,CA113199
AL84522,AL84522
EM119074,EM119074
DR104158,DR104158
EF215326,EF215326
CX15150,CX15150
EM112499,EH998655
EH1054970,EH1054970
DE271250,DE271250
DS88969,CG37684
DG41964,DG41964
EH938681,EH938681
BH147950,BH147950
CA14448,CA14448
CW39944,CW1179249
CW808884,CW808884
AN157578,DT66245
EH629832,EH204661
CW1111533,CW1376612
BY263331,BY591083
BR174310,BR174310
DD85834,DD85834
CW1186048,CW1186048
CG179264,CG179264
DE112353,DE19780
CW955900,CW955900
AL228360,AL228360
DL204355,DL204355
DN14406,DN14406
BH163409,BH163409
CL41296,CL41296
BL79344,BY499928
DB223505,DB223505
DL214825,CG148375
AN170060,AN170060
AA113289,BH117502
EH175808,EH245496
BH121038,BH121038
CH45042,CH45042
BG11598,BG11598
BE259517,BE259517
EH127136,BD66164
BN241763,BN241763
DC21604,DC21604
EH1115156,EH1115156
CY9283,CY9283
CW761431,DE217323
AA141753,AA141753
CZ63198,BL238496
BR113067,BR113067
CW986706,CW97953
DB160739,DB160739
BB70453,BB70453
EH741973,EH741973
EH596565,EH203722
EH89769,EH89769
BB48069,BB48069
EF56537,EF56537
EH901272,EH901272
BR121465,BR121465
EF178774,EF178774
BY541759,BY541759
CB54473,CB54473
CW628670,CW628670
CW1081868,CW1081868
CW41435,CW41435
BC49904,BC49904
AL78040,AL78040
EF22426,EF22426
AP60301,AP60301
DZ21597,DZ21597
DB180010,DB180010
BN464711,BN464711
EF131138,EF131138
BZ57882,BZ57882
CW101613,CW211014
EM96547,EM96547
EM7302,EM7302
DR100848,DR100848
CC122395,CC122395
DR29936,DR29936
EH962905,EH962905
EH835218,EH835218
BK35536,BK35536
DP52382,DP52382
AM96334,AM96334
EH39646,EH210905
BR98806,BR98806
DT58285,DT58285
AA104414,AA104414
EH460275,EH460275
DN90925,DN90925
DG42178,DG42178
CW1283517,CW1283517
AW192056,AW192056
BH166784,BH166784
DL54579,DL77578
BK32375,BK32375
CW502668,CW502668
CW860990,CW860990
DB265267,DB265267
DL238605,DL238605
CW484402,CW484402
BL329317,BL329317
CJ144280,CJ144280
CJ131680,CJ131680
CP8290,CP8290
AL2126,AL2126
BY633872,BN425643
EH709300,EH709300
AN122926,AN122926
BE396645,BE396645
EH765542,EH765542
BL445031,BL445031
EH1105774,EH1105774
BL500862,BL500862
BN459380,BN459380
DL199976,DL199976
BN347911,BN347911
CW164039,CW192096
CW698027,CW698027
CA130975,CA130975
EH1020872,EH616941
CW825463,CW825463
DB68742,EH572392
DL172108,DL172108
BL425476,BL425476
AM99569,AM99569
BE86421,BE433554
EN69836,EN69836
BL361060,BL361060
CW121732,CW121732
EC19829,EC19829
CW728583,CW728583
AL273482,AL273482
BY593779,BY593779
BE341392,BE341392
BE318096,BE318096
AL115435,AL115435
DL232840,DL232840
BN239812,BN239812
EL81241,EL81241
CM53602,BR157341
EF11711,EF11711
CW551054,CW956644
AM46932,AM46932
CB72974,CB72974
CN80487,CN80487
EF21395,EF21395
BB47083,BB47083
EF76780,EF76780
BL326930,BL326930
DL202618,DL202618
BL387006,BL196557
BZ6717,BZ6717
BY471113,BY496463
BL336303,BL336303
CW998283,CW1148736
EH865320,EH865320
CW1076781,CW1076781
BE328178,BE328178
CD23922,CD23922
CW725326,CW725326
CW1285682,CW1285682
EL79364,EL79364
CW139257,CW139257
AL197020,AL197020
CW960031,CW960031
BL371714,BL371714
BN440186,BN440186
AL227409,AL227409
EH1183727,EH1183727
CW155706,CW155706
AL296692,AL296692
AE12852,AE12852
BN140448,BN140448
DE234057,DE234057
BZ36187,BZ36187
BD128765,BD128765
BC63191,BC63191
CW501959,CW501959
DS80013,DS80013
EH491013,EH129201
CW511888,CW511888
DL174450,DL174450
CA6620,CA6620
CW510062,CW510062
BC35830,BC35830
DT96617,DT143766
DR92281,DR92281
DB127292,CW987098
BY651020,BY651020
CW246886,CW862678
CW629476,CW629476
CN69405,CN69405
DA89655,DA89655
CH4343,CH4343
BL313687,BL313687
BM30069,EM89534
EH873596,EH873596
CW676224,CW412128
BC57342,BC57342
AN49669,AN49669
EH98322,CZ45952
BN451717,BN451717
CW1046466,CW425068
DL254692,DL254692
AP44471,AP44471
ED45394,BN364847
BN306685,BN306685
BY23598,BY23587
EF20295,EF20295
CW533974,CW231025
CW913893,CW934356
CN71398,CN71398
EM10869,AN167018
DH64155,DH64155
CW85618,CW535150
AM44827,AM44827
CW619251,CW619251
AE24897,AE24897
DB292628,DB292628
BY677405,BY677405
EH1045120,EH1045120
CN62223,CN62223
CW101462,CW101462
AX67219,AX67219
EH1300612,EH1300612
CG134010,CG134010
BL467202,BL467202
DA87724,DA87724
DL224304,DL224304
BK27683,BK27683
DA31070,DA68850
BL263841,BL263841
EH285157,EH285157
CW664295,CA123932
BY416746,BY416746
EH536281,EH388359
DL125619,DL125619
BH26790,CG139601
CA24476,CA24476
EH1205001,EH1205001
CW86121,CW86121
CW210345,CW210345
EH616970,EH616970
DX52184,DX52184
BH8236,BH8236
CW79039,CW79039
EH749649,EH749649
EP100373,EP100373
DF18809,DF18809
DK36821,DK36821
EH1247057,EH1247057
BN475871,BN475871
CP27915,CP27915
EA19495,EA19495
CW1200225,CW1200225
AL33694,AL33694
BZ2047,BZ2047
DB178831,DB178831
EH809259,EH809259
DR6413,DH2059
DR123820,DR123820
BL161464,BL121061
AK76660,AK76660
BN411154,BN411154
BL496961,BL496961
DC19853,DC19853
CW198756,CW198756
CA66987,CW644799
BY587327,BY587327
CW905003,CW1159758
CA29791,BM26019
DB193863,DB193863
CW842895,CW155721
CW1166297,CW1166297
BR173387,BR173387
AY36665,AY36665
CX11841,CX11841
DN111027,DN111027
EH931436,EH931436
DL205055,DL205055
DR114829,DR114829
CH51060,CH51060
AN176040,CW746650
CW658757,CW658757
CW246649,CW17397
BN441704,BN441704
CW1069896,CW1069896
EF158705,EF158705
EH830915,EH830915
BZ61043,BZ61043
DB272102,DB272102
AA100490,EH423288
DB284802,DB284802
CW460441,CW460441
BE240458,BE240458
BZ9725,BZ9725
BE210540,BE210540
EH882919,EH882919
CW88286,CW88286
DX48572,DX48572
DT141311,DT141311
CP27403,CP27403
BR105373,BR105373
DD212722,DD212722
AN124793,AN124793
AN174398,AN174398
CW1317494,CW1317494
AL324084,EH167630
DD134690,DD134690
DN92105,DN92105
BH141144,BH141144
DD151027,DD151027
EH72889,EH72889
CW596989,CW281860
BE356345,BE356345
CW835927,CW835927
BE389339,BE389339
BL420772,BL420772
BL496061,BL496061
CA18073,CA18073
DT62327,DT62327
AA121036,AA121036
CW1070290,CW1070290
DZ48762,DZ48762
AL75452,AL75452
DR40081,DR26401
AL82874,CP19185
CW1249936,CW1249936
BL406474,BL406474
BE53066,BE53066
CW1315477,CW892239
CA58603,CL33042
DB306113,DB306113
DA90293,DA90293
EA42814,EA42814
DB219289,DB219289
EF158729,EF158729
EH1129785,EH1129785
CN41132,CN41132
CW848006,CW848006
BY440639,BY440639
EH566337,EH566337
CW1233717,CW1233717
EH1000889,BL272582
CW27069,CW27069
DP45101,DP45101
DE272556,DE272556
CB56292,CB56292
CW755419,CW530024
DT166565,DT166565
BY178207,BN15616
BH41172,BH41172
AK34038,AK34038
AB29858,AB29858
CC87985,CC87985
CW387665,CW387665
EP67744,EP67744
CW950314,CW950314
EH454309,EH674237
CW678105,EF100296
BM59825,BM59825
EH7057,EH61730
CW416778,CW543532
ED47446,ED47446
CW1052834,CW1052834
BR150029,CL34430
BR116598,BR193179
EH1250255,EH1250255
CW67878,CW67878
EM100349,EM100349
AD19283,AD19283
DT111834,DT111834
BD125049,BD125049
DA96606,DA96606
CW37942,CW140883
EG57909,EG57909
BY611615,BY611615
AN36504,AN36504
BZ52654,BZ52654
DR115643,DR115643
BL296534,BL296534
CW1318470,CW1318470
BW58469,BW58469
EH997545,EH997545
CW43014,CW380328
AX65783,AX65783
BY277318,BY99414
EH834543,EH834543
EP87823,EP87823
CW876492,CW916975
EH513101,EH513101
CJ59134,CC95357
CG20806,CG193330
BN15574,AA40867
BY435801,BY435801
CW416158,CW416158
EH1127247,EH1127247
EH716223,EH716223
CW1118966,CW1118966
EH903586,EH903586
DC10842,DC10842
CW1090453,CW1073264
CY31097,CY31097
AL241338,AL241338
BZ8059,BZ8059
BL171232,BL361614
CW432092,CW449010
EH791288,EH791288
AL64275,AL64275
DH54691,DH54691
BE349536,BE349536
CW517710,CW611619
EF61667,EF61667
DL221569,DL221569
BR172315,CN24581
EH1190278,EH1190278
CW512394,CW1156776
BE403020,BE403020
EN69464,EN69464
BL490003,BL490003
EH872789,EH872789
ES22316,ES22316
DL204202,DL204202
BS12452,BS12452
CW141432,CW452452
CW17230,CW282444
EJ15483,CC151524
AW107905,AW107905
CW1039925,CW1039925
CW466620,CW466620
CD30625,CD30625
CZ57759,CZ57759
EH1315818,EH1315818
EM62083,AL134513
DS55138,DS55138
CT40868,CT40868
CN59389,AZ14601
BN480693,BN480693
CW139907,CW139907
BE39467,BE39467
CW167989,CW167989
EM74072,EM74072
CG127361,CG127361
CW229964,CW229964
EH950951,EH950951
BP58878,BP58878
CH25362,AA125657
EH146347,EH146347
AL275499,AL275499
EH1205816,EH1205816
EH41985,EH41985
DL246250,DL246250
AL48413,AL48413
BL270763,BL424804
BW53453,BW53453
EH1184206,EH1184206
EM90139,DB282988
BE404334,BE404334
BY342053,BY342053
CG138003,CG138003
DP45894,DP45894
DZ17515,DZ17515
CW1116794,CW1116794
ER33043,ER33043
BE196592,BE196592
EH729849,EH729849
DD149061,DD149061
BH64695,BH64695
DH45379,DH45379
BH177219,BH177219
EH636928,EH636928
EH966367,EH966367
CW803223,CW803223
EF158328,EF158328
BN404411,BN404411
DZ23156,DZ23156
DA54952,DA54952
EH765746,EH765746
AL17053,AL49721
AY19709,AY19709
AY28870,AY28870
DB279074,DB279074
BZ34348,BZ34348
BN354205,BN354205
EH441341,EH441341
BE368537,BE368537
AW164780,AW164780
AM97635,AM97635
BE308172,BE308172
DR92651,DR92651
CW972453,CW595746
CE47744,CE47744
BN465859,BN465859
CW803355,BE190645
EH436021,EH436021
CW97146,CW97146
CW678764,EH349174
EA36263,BE224932
DL21735,DL21735
DE312108,DE312108
AL4221,AL4221
CB91704,CB91704
BY636855,BY636855
DB178205,DB205917
BM67387,BM67387
DE170138,DE170138
AP63842,AP63842
BH128558,BH128558
CW923272,CW923272
DX49233,DX49233
DZ5385,DZ5385
CW1006015,CW1006015
CW234840,DE57573
AL330753,AL330753
DR93007,DR93007
DA113252,DA113252
BH116162,BH116162
EH552987,EH552987
CM51080,CM51080
AN86377,AN86377
CA95061,CA95061
EF172189,EF172189
DD177673,DD177673
CW1106317,CW1106317
CH38800,CH38800
DE218690,CW991195
CW1005540,CW1005540
CW975142,CW975142
AL263520,AL263520
DT74800,DT74800
CD24232,CD24232
DD122596,DD122596
CW928188,CW928188
EH1204348,EH1204348
EH969817,EH969817
AA170725,AA170725
BL67938,BL67938
AW182409,AW182409
CW1273018,CW1273018
CC151970,CC151970
EH288824,EH288824
AN110041,AN110041
CG9023,CG9023
BH11985,BH12066
CW931035,CW931035
AL230702,AL230702
CW757816,BY509583
AN171992,AN171992
CW782819,CW253328
CW901086,CW901086
AG34528,AG34528
EH261628,EH261628
AN155660,AN155660
BL303093,BL303093
AM74223,AM74223
BL290092,BL290092
AA138650,AA138650
AL51675,AL49719
EF170490,EF170490
CD10195,CD10195
AL282882,AL282882
DB315775,DB315775
DR128569,DR128569
CW982373,CW982373
BR172315,DL134548
AL252080,AL252080
CW802694,CW802694
CW875536,CW875536
AL110524,AL110524
AM95118,AM95118
CW574451,CW574451
AL183105,AL183105
AA162634,AA162634
AG50361,AG50361
CW280541,AP35574
CW903340,CW431767
BE388915,BE388915
CW1298212,CW1298212
DH49555,DH49555
BL440511,BL182975
DH11859,DH11859
EH748222,EH748222
AM13785,AM13785
BZ17576,BZ17576
BL438192,BL438192
CW1156889,CW798485
DE310819,DE310819
BG33149,BG33149
EH1271514,EH1271514
CT30152,CT30152
BE306462,BE306462
AL14076,AL14076
BZ28428,BZ28428
AN204907,AN204907
BY125726,BY125726
AH6571,AH6571
DB105286,DB105286
EH806234,EH806234
AL277503,BY580219
CW35882,CW35882
EH395080,EH373031
CW873058,CW873058
EH764742,EH764742
DD211836,DD211836
CW1055548,CW1055548
BD145538,BD145538
EH97618,EH97618
CW158749,CW158749
DT44111,DT44111
CW911061,CW911061
BH173015,BH173015
AL14626,AL14626
EM99479,EM99479
CW575047,CW575047
CM64549,CM64549
BY486943,BY486943
CJ128860,CJ128860
DD159087,DD159087
EH985752,EH985752
BH94747,BH94747
BL381599,BL381599
CW855036,CW855036
EH925347,EH542520
BK42362,BK42362
AL192697,AL192697
CW454351,CW454351
BN495675,BN495675
CW960387,CW960387
CW19388,CW19388
EH645773,EH645773
AL206354,AL206354
DB105860,DB105860
EH1267023,EH1267023
CW748238,CW748238
CG102003,CG102003
BN353954,BN90863
AD9217,CN14944
AN187002,AN187002
BY368730,BY524537
CW229964,CW645849
DZ68149,EH1021093
EH789308,EH789308
BT3055,EF12623
BB95704,BB95704
BY115157,BY115157
CJ169618,CJ169618
BY615348,BY615348
DK14731,DK14731
CG137079,CG137079
AP15200,AP15200
EL19840,AW41756
EH1161327,EH1161327
CW1065504,CW1065504
EH323792,CJ52662
BL316845,BL316845
EP89635,EP89635
EH419759,DE124022
CW447555,CW471414
CS32613,CS32613
CZ72256,CZ72256
CW873115,CW873115
DN134224,DN134224
CW942733,CW942733
EH1128120,EH1128120
DD141550,DD141550
EH975236,EH975236
CT51778,CT51778
AW51565,AW51565
CW408662,CW408662
EH864154,EH495578
EA35725,EA35725
EP65588,EP65588
BH100978,DZ5783
CK6910,CK6910
AW187009,DW60587
EH1127069,EH1127069
DA115037,DA115037
BH140197,BH140197
AN175303,AN175303
CW933330,CW181271
EA12516,EA12516
BY588739,BY588739
BZ45048,BZ46732
DE291968,DE291968
DB244829,DB244829
BR202955,BR202955
BE225994,EH221953
CW148319,CW608418
DS101754,DS101754
CW596989,CW524693
CJ144395,CJ144395
DL54579,DL54579
BL493326,BL493326
EH1063990,EH1063990
EH364634,BY499425
CW284424,CW284424
CH20699,CH20699
CW770537,CW770537
CW815460,CW1326535
CS9502,CS9502
BR73580,BR73580
CW251972,EF157507
BZ54061,BZ54061
BN63605,BN63605
CN43435,CN43435
AJ45021,AJ45021
BL286482,AX71812
BH7733,BH60894
CP3009,EF102446
CW1102067,CW1102067
DB304227,DB304227
BH117408,BH117408
CC130200,CC130200
CW1061374,CW1061374
BE174399,BE174399
CW596989,EF75759
EH46943,EH46943
AN157723,AN157723
BY510755,BY510755
EH1126964,EH1126964
CW352726,CW673453
AN98038,AN98038
DZ36373,DZ36373
AL201855,AL201855
EH1030865,EH1030865
DB284333,DB284333
BL386524,BL386524
EH780911,EH780911
CJ151019,CJ151019
DK32746,DK34564
CN33628,CN33628
DB272058,DB272058
BL502388,BL502388
DT30341,EF58327
AL193750,AL193750
BM53912,BM53912
BE348785,BE348785
BB81106,BB81106
BE144594,BE135953
BL333842,BL333842
CG155779,CG155779
CW111087,CW166345
DD49261,DD49261
DB240563,DB240563
BL129090,BL129090
CW572397,CW572397
AL191272,AL191272
CW41008,CW88280
CW962713,CW962713
CW262583,CW416664
EF127377,EF127377
EH666896,BE270044
DG27356,DG27356
BH172065,BH172065
EH970129,EH970129
BR205050,BR205050
CW1096996,CW1014536
BY675643,BY675643
CW621489,CW621489
AL240930,AL240930
AP85784,AP85784
CW1208456,CW704523
DR28132,DR5458
EH174673,EH174673
DX10814,DX10814
EH1150613,EH838768
DR103448,DR103448
EH1151953,EH1151953
AD29663,AD29663
BL96442,AY18382
DL252009,DL252009
CW88537,CW826057
DW26959,DW26959
EH882839,EH882839
EG51952,EG51952
BE448337,BE448337
EM21164,EM21164
AM17421,AM17421
EH921918,EH921918
AW31245,AW100197
CW3296,CW3296
CW1315806,CW1315806
EL21230,EL21230
EH699877,EH885583
EA4464,EA4464
BY604736,BY604736
EH278570,EH278570
BH79569,BH62636
AL117467,AL117467
AN172349,AN172349
EH1098832,EH1098832
EB53957,EB53957
BX16761,BX16761
AJ21628,AJ21628
DZ11922,DZ11922
EH1036554,EH1036554
CW872891,CW319607
EH940510,EH940510
DS114638,DS114638
AL149644,AL149644
BE320842,CL41408
DT35282,DT35282
DB44995,DB44995
CW891312,CW155476
CW664422,CW664422
EH880264,EH880264
AL109570,BJ15163
DA117673,DA117673
EH1317607,EH1317607
BE443461,BE443461
EH716912,EH1134056
AH15743,AH15743
AL66613,AL66613
EH891821,EH891821
BJ36273,EB64730
EF19191,EF19191
EH1168413,EH1168413
CR4115,CR4115
CW778928,CW778928
DK31583,DK31583
BR164710,BR226666
BN538348,BN538348
CJ12516,CJ12516
CJ140093,CS30949
EP44190,EP48716
CW819184,CW1186092
BL434219,BL434219
DA63217,DA63217
CW885275,CW885275
DS7428,DS7428
CW663521,AB37270
DE297619,DE297619
CH52329,CH52329
CW623302,CW777732
CG188973,CG188973
AL159151,AL159151
CW193486,CW193486
BN402892,BN402892
CW768810,CW720217
DT53056,DT53056
AM60089,AM60089
BY443207,AN150940
DB310908,DB310908
DL182036,DL182036
CA96457,CA96457
DT51754,BR88966
AW77795,AW77795
AN111641,AN111641
BE40722,BE40722
EH1130026,EH1130026
DC24667,DC24667
AL80584,AL80584
CW1046487,CW812412
CW752702,CW752702
BC54198,BC54198
CW204389,CW673567
BL346409,BL346409
AN5963,AN5963
CK6960,BE136923
CW1176855,CW612149
CW173674,CW173674
CJ153767,CJ153767
DL253441,DL253441
AY40090,AY40090
EP98871,EP98871
BD129485,BD129485
AN176503,AN176503
CG144363,CG144363
AL43302,AL43302
AL38033,AL38033
CW407867,CW383386
AR8869,AR8869
AN116488,AN116488
CW287437,CW712442
EH970156,EH970156
CW605053,CW617307
CW725336,CW725336
AL256590,AL256590
CA132429,CA132429
EP52178,EP52178
CW204374,CW135006
BY478912,BY478912
CW921991,CW921991
BJ18985,BJ18985
CW264584,CW398198
EH807461,EH807461
BE196952,BE68126
BY331459,BY331459
CW767126,CW767126
AG12816,AG12816
DD199495,DD199495
EF7929,EF7929
CW453998,CW453998
CW1228472,CW1228472
CW1080069,CW1080069
AE26672,AE26672
BL487077,BL487077
AN42630,AN42630
BW55499,BW55499
BN122039,BN121712
EH118361,EH118361
CW1154778,CW1154778
BE292611,BE292611
BE206837,BE206837
DW66064,DW66064
EH892811,EH1083713
EJ22412,EJ22412
BD83875,BD83875
BE259281,BE259281
DD35153,DD116885
DY32925,DY32925
BY449903,BY209875
BY46586,BY76052
AW171698,AW171698
CW863298,CW863298
BG45116,BG45116
CT5863,CT5863
AA185528,BL9059
CW396395,CW1313574
DD124230,DD124230
AN46742,CZ81331
CW494254,CW494254
BY102591,CS9786
EH873477,EH873477
EH1200958,EH1200958
CW498786,CW498786
EN61002,EN61002
BP58157,BP58157
BL434205,BL434205
BP50949,BP50949
BL374469,BL374469
EH1084185,BL402014
ER24957,ER24957
EH617149,EH617149
CW644670,CW644670
EF197271,CW399851
BY602323,BY602323
CW473505,CW482267
AN144848,AN144848
BN381502,BN505781
CW1104776,CW1104776
CW929013,CW929013
CN76103,CN76103
CW476153,CW268888
BN307673,BN307673
BN451063,BN451063
CW1002913,CW939591
EH645564,EH645564
EH385989,EH385989
DY33446,DY33446
BL302940,BL302940
CW40433,CW40433
EL2418,EL2418
AK151114,AK151114
AL203030,AL203030
CW529531,CW529531
BZ43004,BZ43004
CW834490,CW835846
BN435958,BN435958
CW5715,CW235870
BX16588,BX16588
CW832915,CW832915
BR207986,BR207986
BN239567,BN239567
AL302389,AL302389
DA88428,DA88428
EH767941,EH767941
CW125012,CW125012
BL444935,BL444935
EG8958,EG8958
CW182993,BJ22787
EM91709,EM91709
DB11264,DB68742
DH63111,DH63111
CW909570,AM69189
EH855427,AW40204
EH1205175,EH1205175
DA109180,DA109180
EF197271,EL31580
CA83126,CA83126
BL418961,BL418961
BR227686,BR227686
CW386826,CW386826
CM45927,CM45927
BY537834,BY537834
BZ52332,BZ52332
CW946792,CW946792
AG52221,AG52221
DT137003,DT137003
BE240998,BE240998
BY530540,BY530540
CJ84486,CJ78345
DA18121,DA18121
DR39458,DR39458
BH32656,BH32656
DP56459,DP56459
CJ59040,CJ59040
CC108619,CC108619
CZ65933,CZ65933
EH595686,EH595686
DE263986,DE263986
EP46763,EP46763
CW103604,CW103604
EH921299,EH921299
EH1012636,EH1012636
DN95578,BY587561
EH1104844,EH1104844
BR150816,BR150816
DD108041,DD108041
CJ72768,BH122081
AB40536,AB40536
EH650654,EH650654
DZ60306,DZ60306
BS14466,BS14466
AN202770,AN202770
BN314076,BN189486
BY715191,BY715191
DA126404,DA126404
BL443305,BL443305
EH395762,AZ20361
BY638428,BY638428
BN332753,BN332753
AT22005,AT22005
EM70635,EM70635
AS46070,AS46070
CW833827,CW833827
BM62166,BM62166
DA103026,DA103026
BR132091,BR132091
CA91534,CA91534
AB8962,AB8962
BN510873,BN510873
EH1152405,EH1152405
DK38716,DK38716
AN156168,AN156168
AC3208,AC3208
EG22976,BN297338
EH946501,EH946501
DR35918,DR35918
AL256207,AL256207
EH1024348,EH1024348
BN172141,BN172141
CW259934,CW219808
BZ30307,BZ30307
CW894841,CW894841
CW862550,CW862550
EH870416,EH965759
BN123571,BN123571
BR83709,BR83709
DR108851,DX23773
CA90417,CA90417
DE160529,DE160529
DX2255,DX2255
DB146605,DB146605
BY673474,BY673474
DL89767,DL89767
AM8011,AN51713
EH376716,EH376716
DL215914,DL215914
BH31761,BH31761
DY38550,DY38550
EH715588,DE102293
BL111269,BL108205
BW15957,BW15957
EH921084,EH921084
BL436013,BL436013
EH770968,EH770968
BN398492,BN544298
DL218449,DL218449
BB85074,BB85074
BN245851,BN245851
BB97188,BB97188
AW136767,AW136767
CW975972,CW975972
CW60807,CW60807
CN82354,CN82354
DB243566,DB244465
AA123817,AA123817
AP93929,AP93929
AF25486,AF25486
CL49629,CL49629
BN470886,BN470886
EF33395,EF33395
DY31233,DY31233
CW199674,CW199674
CW854308,BN308262
BY66273,BY66273
DS79202,DS79202
BR165774,BR165774
BE389151,BE389151
DH47626,DH47626
CC30021,CC30021
CL42801,CL42801
AL254178,AL254178
CW102382,AN56295
EH223406,EH223406
EP91600,EP91600
AS62910,AS62910
DA116774,DA116774
EH919676,EH919676
EH782035,EH782035
DR26698,DR26698
CE15046,BN222751
DB167967,DS78931
DR139211,DR139211
CW498346,DE94897
BR117097,BR117097
CW808420,CW808420
CW1003810,DB260509
CW76878,CW76878
DG48309,DG48309
CW623401,CW623401
CB45318,CB45318
BY251157,BY411275
CG130789,CG130789
DN95578,EH304960
BR168358,AK164209
EH383232,EH383232
DN143360,DN143360
EM23242,EM23242
AL229471,AL229471
AP94844,AP94844
BK45197,BK45197
BE412074,BE412074
AK135874,AK135874
BY490577,BY490577
AL190690,AL190690
EH654329,EH654329
BL433394,BL433394
BN418678,BN418678
BG55090,BG55090
CW95650,BR200670
DG20095,DG20095
EH623280,EH623280
CW161594,CW161594
BE350675,AL261994
CW370361,CW1273018
AW185207,AW185207
CN14319,CN14319
AM20572,AM20572
AL44500,AL44500
CW384617,CW964158
AL253833,AL253833
CD6047,EH304960
CY23069,CY23069
EH295692,EH372954
EH745297,EH745297
CW860447,CW860447
BE392119,BE392119
CW923945,CW923945
CC55237,CC55237
EH285168,EH285168
BE312410,BE312410
EH841862,EH841862
CJ42632,CJ42632
CW31204,CW31204
AP62850,AP62850
BJ20221,BJ20221
CW734826,CW304074
BR45281,BR45281
AX41184,AX41184
DZ12369,DZ12369
BN354616,BN354616
DT129058,DT129058
DL208079,CS21633
CW96940,CW104882
EF161983,EF161983
AH5143,AH5143
BD45005,BD45005
DE187127,DE187127
BE404370,BE216936
DE315072,DE315072
EM118673,EM118673
DD183325,DD183325
BN404009,BN404009
DP41190,DP41190
DA2950,DA2950
BE159132,BE159132
DB281765,DB281765
BL257381,BL257381
CW560367,CW560367
AL20794,AL20794
ED8785,ED8785
DE309199,DE309199
BL458531,BL458531
EH560432,EH560432
DN117598,DN117598
BB90803,BB90803
EF179973,EF179973
CW1040038,CW1040038
EH1153077,EH1153077
CW870298,CW870298
BR112306,BR112306
CW990481,CP50046
DG59088,DL106516
BH23228,BH16970
EF12919,BB7776
BH39964,BH39964
BH99958,BH99958
EH118460,EH118460
CJ75077,CK11129
BY102210,BY440846
CW970450,CW970450
EH876536,EH876536
BH122706,CA80070
DS87711,DS87711
AW5338,AW5338
EH920321,EH920321
AL42243,AL42243
BR192583,AP68630
CW149230,CW149230
CW604459,CW1134596
ER37302,ER37302
CS13918,CS13918
EF6755,DX21996
EH100717,EH100717
CW1245521,CW1245521
BL258711,BL258711
CJ96786,CJ96786
EM79726,EM79726
DL189299,DL189299
CW1309597,CW1309597
EH966536,EH966536
BH175697,BH175697
EH921296,EH921296
CJ141006,CJ141006
EF146439,EF146439
EH688941,EH248915
CW860378,CW860378
EM112499,EM111417
BE357595,BE79617
BK39757,BK39757
ED38466,ED38466
CP45183,CP45183
CJ147558,CJ147558
DG23001,DG20863
DB237894,DB237894
CN57041,CN57041
AK121410,AK121410
BH50573,BH143610
DR130918,DR130918
ED19368,BL224892
CZ15782,CZ15782
DB193733,DB319280
BA6237,BA6237
BE103144,BE103144
CS34346,CS34346
BY542419,BY542419
CW621329,CW621329
BL94617,BR89164
EP32559,EP32559
AP83848,AP83848
AG20613,AG20613
BY700691,BY700691
CM36856,CM36856
CM48229,CM48229
BH62695,BH62695
BL374831,BL374831
BY574125,BY223606
CW195416,CW195416
BD80004,BD80004
BE334193,BE334193
EH1023944,EH1023944
CW459456,CW143899
CW714393,CW76206
EH827693,EH927551
DK17559,AL78655
DZ56858,DZ58733
AA162937,AA162937
DR125547,DR125547
BE400599,BE400599
DE223912,DE223912
DP23822,CB33199
CW1104637,CW503686
BL245907,BL245907
DB310685,DB310685
DW35003,DW35003
BR198515,BR198515
BR177224,BR177224
BY627029,BY627029
BL364915,BL364915
AJ6986,AJ6986
EN20436,EN20436
CB58269,CB58269
DT151475,DT151475
DD142581,DD142581
EH300908,EH300908
AA152631,CW887722
AH25502,AH25502
EH574357,EH741121
BD81959,BD81959
BH93847,BH93847
AL100207,AL100207
EH932760,CW504270
DG54741,DG54741
CA16737,CA16737
DX30269,DX30269
BE135525,BE135525
BR47921,BR47921
CW1084391,CW1084391
CW991195,CW991195
CW636628,CW260972
BR168974,BR168974
BL510010,BL510010
BD139320,BD139320
AW86309,AW86309
CN57387,DD116885
EH874598,EH874598
CW934439,CW863301
DL208924,DL208924
CA54570,BK29740
BE382475,BE382475
CJ193826,CJ193826
BE32559,BE32559
BY703059,BY167648
CW674620,CW674620
BD63849,BD63849
BY223047,BY223047
CG137301,CG137301
EH1127753,EH1127753
CW145548,CW481610
EH1319029,EH1319029
DD121142,DD121142
DB206742,DB206742
EH877117,EH877117
AP72462,CG16617
BB100022,BB100022
DX35566,DX35566
CW1153690,CW846817
CW102382,CW106463
AP91039,AP91039
BN403590,BN403590
CS30600,CS30600
ED52090,ED52090
BE371009,BE371009
CW1229250,CW898215
BN155909,BN155909
BL290223,BL290223
CW807539,CW807539
DE310116,DE310116
AL135160,AL135160
CC100442,AN94436
CW930095,CW930095
BR133238,BR133238
EH835794,EH835794
AW191682,AW191682
DW67875,DW67875
CW743448,CW743448
AR6997,AR6997
CW647119,CW457722
CZ85379,CZ85379
CW1036097,CW1036097
AN44665,AN149722
BR177985,BR177985
CW655034,CW619365
CW77348,CW77348
AL96969,AL96969
CC50314,CC50314
AL166383,AL223396
EH1145148,EH1145148
CW865948,CW865948
CW1175218,CW686623
BE251982,BE251982
AN163965,AN163965
CW1123564,CW1123564
DR118636,DR118636
EH1000726,EH1000726
EH409782,EH411497
DD69864,DD69864
DE281063,DE281063
CW866153,CW420845
DG24131,DG24131
CZ36466,CZ36466
CL52052,CL52052
DR33708,DR33708
DE249449,DE249449
CZ106628,AA169583
AL198159,AL198159
CW595300,CW595300
DX58995,DX58995
CS30372,CS30372
DA22627,DA22627
CW771493,CW771493
EH828755,EH828755
EH892695,EH892695
BL513789,BL513789
BR233644,BR233644
AW121802,AW170807
CW354640,CW354640
EH1058512,EH1058512
BG4327,BG4327
EF178170,EF178170
BY252445,BY384724
AL130766,AL130766
CW900024,CW89197
EB6730,EB6730
AW121490,AW121490
DR64249,DR64249
DX53710,DX53710
BY518051,BY518051
AN72348,AN72348
CW72702,CW249658
EH489877,BP25777
CW102115,CW102115
AL144942,AL144942
AP50710,AP50710
CW967356,CW967356
CW286783,CW157918
CW49213,CW369079
EH671841,BH78644
CW69898,DZ36343
CW735221,CW239782
BY572563,BY572563
EH710183,EH710183
CW1046594,CW1005818
EF141038,EL66242
DR76630,DR76630
ER14938,ER15473
EH850774,EH850774
CW251137,CW251137
CW290608,CW290608
DR65806,DR65806
CG76528,CG76528
BN9048,BN9048
AS77974,BD62918
CW1088007,CW1170941
CW164065,CW164065
DW59671,DW59671
DT136006,DL87758
CG184496,CG184496
BW34070,BW34070
AS37106,AS37106
EH664004,DX14528
CW756797,CW857744
EH1122419,EH1122419
DL27071,DL43763
DT78705,DT78705
BY431745,BY431745
CS16033,CS16033
AW154529,AW154529
DA54665,DA54665
EH504540,EH822409
DA96154,DA96154
EM122061,EM122061
AL168283,AL168283
EH824056,EH824056
AW195754,AW195754
AN126551,AN126551
AB35370,AB35370
BL365131,BL191940
DH48265,DH48265
EA49373,EA49373
BE379714,BE239497
EH1131131,EH1131131
CW1072445,CW497080
EH998955,EH998955
CB10662,CN41674
DE274205,DD116885
AM52583,AM52583
DX36545,DX36545
CW658829,CW521786
CW951282,CW231310
CW1048084,CW1048084
EM8934,EM8934
BL311028,BL311028
DD71394,DD71394
CW121122,CW121122
BN142277,BN142277
BA12883,BA12883
CA32411,CA32411
DT129101,DT129101
CW443703,CW443703
BY591374,BN418852
CC62671,CC62671
EH997275,EH997275
EH946022,EH946022
DL220647,DL220647
BN277773,BY555398
DZ20126,DE215331
BE321713,BE321713
CW1201558,CW1201558
CA118001,CA118001
EH714467,EH470249
CJ161353,CJ161353
BR179647,BR179647
BL322869,BN377845
DY32089,DY32089
DB322273,DB322273
EP25316,EP25316
CW819184,EH795820
CA47201,BD124545
AG39434,AG58824
EH998655,EH998655
CW1013380,CW1013380
BK42716,BK42716
EH893606,EH893606
BL143452,BL143452
DB249024,DB249024
AN149399,AN149399
DY11597,DY11597
CG89029,CG89029
DR26790,DR26790
DK44042,DK44042
BR172252,BR172252
EH994579,EH994579
BC66222,BC66222
CW1207065,CW1207065
AL138036,AL107302
CW836518,CW836518
BE428215,BE428215
BE79380,BE344824
BL240837,CN28944
BH23048,BH23048
AA125926,DB34118
EL37134,EL37134
BH155877,BH155877
AN16443,AN16443
BE284336,BY558852
CJ59134,DT92644
AX63806,AX63806
CW318878,CW318878
BB76147,BB76147
CW735221,CW97441
CM34519,CM65248
AX45496,AX45496
EP91053,EP91053
DA17334,DA17334
DE290126,DE290126
AC6422,AC6422
BE390207,BE390207
BL398413,BL398413
DD156256,DD156256
BN124106,BN124106
EH1061508,EH1061508
AL283566,AL283566
BY713462,BY713462
EH705594,EH705594
BG47613,BG47613
BL227893,BL227893
DP8259,BN402572
ED49500,BR193001
CL37951,CL37951
CW661433,CW661433
CW1094966,CW1085751
BY527777,BY527777
BB82770,BB82770
CW495825,CW495825
AG58654,AG58654
EH8425,EH8425
DB309575,DB309575
BX17144,BX17144
BE394298,BE394298
CW1052933,CW1052933
CB74717,CB74717
BD107378,BD107378
EP79375,EP79375
AA113035,AA113035
BE24579,BE24579
BL229364,BL206131
CW468243,CW468243
BR207748,EP103948
AS80520,CN81585
AW182820,AW182820
CC129195,CC129195
BL410329,BL410329
BN313623,BN124106
EB62120,DS71477
DY33776,DY33776
CW734328,CW599753
EH234619,EH40358
BY513133,BY513133
BY681192,BY681192
DB283389,DB283389
DY17917,DY17917
BN276802,BN276802
BL71635,BL91579
CW49228,CW718655
AM24490,AM24490
AN152502,AN152502
BN216489,BN216489
CA93142,CA93142
CN83269,CN83269
BP60885,BP60885
CA80407,CA80407
CW533847,CW422250
AN160681,AN160681
EH875099,EH875099
AX3765,AX3765
CW97441,CW239782
BE313540,BE313540
AT8781,AT8781
EH1075493,EH1075493
CW829405,CW829405
DL115116,BY434061
BB54760,BB54760
EH1272112,EH1272112
BB75517,BB75517
AL54866,AL89906
BY542816,BY542816
CW331510,CW184873
DB322897,DB322897
EH612395,EH612395
DX33240,DX33240
EF185499,CP45497
BL155918,BL155918
EH1164449,EH1164449
AS69023,AS69023
BE245843,BE245843
DA102875,EM130890
DL232980,DL232980
BH145875,BH145875
CM66911,CM66911
AL187812,AL187812
BK9046,BK9046
CF4129,CF4129
EH1128857,EH1128857
EH833435,EH833435
DR83099,DR83099
EH824912,EH805669
BN63380,BN178002
AW132557,AW132557
EH1318183,EH1318183
AE22138,DL164595
DB136062,DC12821
BL327630,BL44450
DR104579,DR104579
AW175418,AW175418
CW1367306,CW1367306
EF203477,EF203477
DN125923,DN125923
CA66987,AP64158
CW1021501,CW1021501
DT128225,DT128225
CW678105,CW678105
AK155089,AK155089
CW351853,CW351853
BN414469,EH600860
CW148905,CW148905
EH241065,EH241065
DE122428,BM37670
BL479416,EH729084
AL257692,AL257692
CW426391,CW380009
DE260257,DE260257
EH372797,EH372797
CW894115,CW894115
DT91742,DT91742
DY15720,DY15720
BE347561,BE326289
DT55299,DT26687
CL55565,BH169260
DT14042,DT14042
EP93073,EP93073
CW486421,CW486421
CW344787,CW344787
BZ39043,BZ39043
CW806267,CW272965
EH588734,EH588734
EF89155,EF89155
DT152875,DT152875
BL153591,BL120667
EH1026478,EK3721
AL249324,AL249324
EH629653,EH629653
CW199837,CW581381
AL129070,AL129070
AL213603,AL213603
AP64447,AP64447
DE6883,DE6883
EL84517,EL84517
BR170453,BR170453
DT46322,DT46322
BL328486,BL328486
AA176330,AA176330
BH143143,BH143143
AM53778,AM53778
CA9209,CA9209
AN196933,AN196933
DB334054,DB334054
EH877882,EH877882
BE208635,BE208635
EH1279653,EH1279653
CW630476,CW630476
DA95295,DA95295
CD22716,CD22716
CJ149690,CJ149690
CW1185132,CW141175
CL34068,CL34068
BN492658,BN492658
EH972215,EH972215
AW3797,AW3797
AM80954,AM80954
EH459920,EH459920
BC18975,BC18975
EH830210,EH830210
DC4790,DC4790
BB28506,BB28506
CN71110,CN71110
DA95680,DA95680
CC87978,DL131604
CW41435,CW998903
BE291792,BE291792
AL270850,AL270850
BP22611,BP22611
EF89315,EF89315
DT54352,DT54352
CW986637,CW679551
AL229544,AL229544
CW81169,CW81169
CW623302,CW1254427
AW176439,AW150710
DN101540,DN101540
EH534748,EH534748
CC54274,CC54274
DT46256,DT46256
CS28416,CS28416
CH18864,CH18864
CJ141121,CJ141121
DE68834,DE68834
BL339996,BL339996
BP10959,BP10959
AM65522,AM65522
CW267326,CW218873
CM52532,CM52532
AW54075,AW54075
DB211419,DB211419
CW912209,CW912209
BY378117,BY378117
AA189574,CW703466
CW442660,CW575407
CW140063,CW140063
AL78524,AL78524
BY621268,BY621268
DN126998,CJ2739
BB57652,BB57652
BL496109,BL496109
BL267655,BL267655
CW1001311,CW1001311
EH604600,EH604600
CW98022,CW98022
BW61064,BW61064
CW683673,CW683673
CW579521,CW653889
EF128547,EF128547
AN109202,AN109202
BL366661,BL366661
BY680293,BL429712
DE265689,DE265689
DG54644,DG54644
BZ60017,BZ60017
DZ56078,DZ56078
EH1023171,EH1023171
CJ78570,EH311536
DE318302,DE318302
AN176808,AN206487
DB112611,DB112611
CZ53878,CZ53878
BR172315,AS12397
AL159459,AL159459
AW45263,AW45263
EH748809,EH748809
EM124663,EM124663
CW859735,CW859735
BY475364,BY475364
BR108268,BR108268
EL90968,EL90968
CW1170108,CW1170108
AN89507,AN89507
DZ54481,DZ54481
AL103320,AL103320
CW858942,CW858942
CW1168205,CW113757
AL271937,AL271937
AA153169,AA153169
BY627523,BY627523
EH385193,EH385193
AL201009,AL201009
BN379506,BN379506
EH995975,EH832350
BL457977,BL457977
CT48899,CT48753
CL29196,CL29196
CW882554,CW882554
CW987406,CW987406
BY346763,BY346763
BH66747,BH66747
BR125735,BR125735
BN353306,BN353306
BB78853,BB78853
AN171553,AN171553
BY469985,AA143858
DE292231,DE292231
EG9486,EG9486
CW844799,CW844799
EH815984,EH815984
CA114923,CA114923
AG62338,AG62338
BH139680,BH139680
AL217418,BR189206
EF248429,EF248429
AE27957,AE27957
BY396908,BY396908
CW166552,CW166552
BK39772,BK39772
EH471350,EH471350
EH76371,EH76371
AL290740,AL290740
EH528454,EH528454
BH34948,BH34947
DX40888,DX40888
BN434537,BN434537
BP47018,BP47018
DE235267,BY477132
BK39711,BK39711
CM46565,DH27981
CG128353,CG128353
CW961510,CW421399
DX29604,DX29604
AG32698,CW1199571
EM57750,EM57750
AL41335,AL41335
CW1319587,CW1319587
DT161314,CN78022
BY345210,BY345210
AY38303,AY38303
EH1206531,EH1206531
CW355139,CW355139
CW737107,BN436573
BH164024,BH164024
BE288593,BE288593
BN448330,BN448330
BN445497,BN445497
AN138193,AN138193
BC57489,BC57489
EH1131276,EH1131276
BD51382,BD51382
AN139438,AW159213
CH33366,CH33366
CW203419,CW968944
EH604971,EF23181
BL458005,BL458005
DL225654,DL225654
AK160748,AK160748
EL74415,EL74415
CW1098378,CW366801
CJ4462,CJ4462
AL342552,AL342552
EC8485,EC8485
EH1114326,EH1114326
EH1087959,EH1087959
CZ76725,CZ76725
BC38722,BC38722
DS91289,DS91289
CW1291878,CW1291878
AM72615,AS64497
DB28804,DB28804
CN51769,CN51769
AS54293,AS54293
BP22456,BP22456
DD166000,DD166000
EH741121,EH535597
BE190310,BE190310
DN108817,DN108817
BE436529,BE436529
EF217084,EF217084
CE52088,CE52088
DJ7510,DJ7510
EH917598,EH999879
BP52846,BP52846
AN213409,AN213409
BD114001,BD114001
EM82520,EM82520
EF174496,EF174496
EH361157,EH361157
AK15275,AK15275
CW68874,BE191141
BN263017,BN263017
BR230798,BR230798
CP27327,CP27327
EH776784,BN389188
CM65516,CM65516
BE45815,BE45815
CW577211,CW778653
DT51558,DT51558
CY20149,CY20149
CW936341,CW936341
DB121193,DB121193
DD107013,DD107013
EH759330,AL176888
CW315503,CW1372055
BN386351,BN386351
AN138415,AN138415
CM9591,CM9591
CW1254110,CW783479
BL387579,BL387579
DP45568,DP45568
CZ84245,CZ84245
CW640692,CW551930
EH844310,EH844310
DA77505,DA77505
DR58650,DR58650
DH47835,EF23181
EL83606,EL83606
EM86103,EM86103
CN59149,CN59149
BF30164,EH935462
CG139444,CG139444
DL174685,DL174685
DN128596,AL311555
DX62652,DX62652
DG22496,DG22496
CW242751,CW242751
DN86605,DN86605
CG100460,CG100460
BY568218,BY568218
BY667419,BY667419
EH920004,EH920004
BN484298,BN484298
BW57542,BW57542
CN83198,CN83198
EH659471,EH659471
DT43543,DT43543
BP57036,BP57036
AL82874,AL82874
CW973919,CW973919
BL352539,BL329992
AM97555,AM97555
BZ55077,BZ55077
AK97282,EH339180
CN74096,CN74096
DD5446,DD5446
CW547793,CW547793
EA37892,EA37892
BN413874,BN413874
CD18968,CD18968
BL130011,BL130011
DB186022,DB186022
EH675062,EH675062
CW1100152,EH940510
BL390734,BL390734
CW1006476,CW1283437
DE304573,DE304573
BN74669,BN74669
CE31669,CE31669
CW214461,CW214461
DT133543,DT133543
BY552755,BY552755
CM52116,CM25470
CW9200,BJ13159
CW151286,CW151286
BY599627,BY599627
CW741089,CW741089
DL102467,CZ103804
BY583649,BY583649
CW962865,CW962865
CW1117428,CW998536
CW863713,CW863713
DC27125,DC27125
CJ139338,EH549166
CE46213,CE46213
DN110610,DN110610
BH178707,BH178707
EH794455,EH794455
BN464825,BN464825
CW572146,CW572146
EF177440,EF177440
DE291921,DE291921
EH674524,EH674524
EH822453,DN102382
BN329571,BN311286
EH452533,EH452533
BN354440,BN354440
DW54800,DW54800
BD91727,BD91727
DD158264,DD158264
EH995975,BN377170
DE283057,DE280226
CW1008098,CW1008098
EG27572,EG27572
CW445713,CW186258
EH57828,EH57828
EH1075261,EH1075261
CW482968,CW568071
DR72261,EF206658
BL351563,BL351563
EH1128543,EH1128543
CW1298682,CW1298682
BR51192,BR51192
CC141157,CC141157
CW927303,CW927303
EH665326,EH665326
CB82671,CB82671
CW526581,CW526581
EH969749,EH969749
DD153835,DD153835
EH568865,EH568865
EH827793,EH827793
BN177252,BN177252
CW182722,CW182722
CW64876,CW508586
CW714742,CW714742
CJ169447,CJ169447
BL501581,BL501581
EH474138,EH474138
DB311700,DB311700
BL310886,BL310886
CW35388,CW35388
AW158821,AW158821
BY495669,BY495669
EH961215,EH961215
BZ53964,BZ53964
CY32891,CY32891
EH1099155,EH1099155
DE267415,CW1203600
EL32179,EL32179
BY521834,BY521834
AL316079,AL316079
EP64078,EP64078
CW511230,CW249658
CW4682,CW4670
AA22396,AA47141
AL274937,AL274937
BY670414,BY670414
BN127786,EF95876
CD25532,CD25532
CW989799,CW989799
AC6761,AC6761
EH1217861,EH1217861
DL175398,DL134213
EP94386,EP94386
EB69185,EB69185
BY286044,BY615452
AN12455,AN12455
BL240576,BE95643
EH742067,BY504944
EH850029,EH850029
EH970929,EH970929
CG25159,BE117571
AA178985,AA178985
BW49532,BW49532
AD12747,AD12747
EH834120,EH834120
DE111009,DE242123
CW1323111,CW1323111
BR136930,BR136930
CJ129485,CJ129485
DK37681,DK37681
EH1177654,EH1177654
CG134091,CG134091
DZ59965,DZ59965
BN492054,BN492054
EH1176668,EH1176668
BE262080,BE262080
EL73227,EL73227
CP39665,CP39665
AT26668,AT26668
AW218026,AW53197
DX64385,DX64385
CW43173,CW43173
CW590284,CW575407
EH1091989,EH1091989
AK140169,AK140169
EH567259,EH567259
CW919977,CW919977
CY25323,CY25323
DB106984,DB124360
DB302164,DB302164
BE424322,BE424322
CM52561,CM52561
CA66987,AM19267
BL287628,BL287628
EH1130302,EH1130302
AK8848,AK8848
EH746708,EH746708
AM67386,AM67386
DB208313,DB208313
BY522374,BY522374
AA176552,BD87158
EH573029,CX12649
BY576441,BY576441
AA144653,AA144653
CM8094,CM8094
AN174506,AN174506
DT138897,DT138897
AN173175,AN173175
BD41497,BD41497
AN104908,EH410610
CW66349,CW1083400
EH1020856,EH1020856
EH826437,EH826437
EH118361,CW79323
CW771568,CW771568
AM56171,AM56171
BL236875,BL236875
BP9162,BP9162
AW124063,AW124063
CT30351,CT30351
BR169945,BR169945
BM15967,BM15967
CN93844,CN93844
CW1070522,CW1070522
AS22086,CX4781
CW997238,CW1336043
EH1156253,EH1156253
DZ64404,DZ64404
EH467972,AD26990
EH804824,EH804824
DB149264,DB149264
DE134335,DE134335
CJ127134,CJ127134
CC51116,CC51116
BL472831,BL472831
AZ12117,AZ12117
DR70967,DR70967
EH784227,EH784227
BA3710,BA3710
CW806028,CW806028
EH102040,EH102040
BN15574,BN15574
DL163544,DL163544
DE87460,DE87460
CW141343,CA3318
CW1227056,CW1227056
AL276227,AL276227
BN7773,BN7773
CN56177,CN56177
CW596989,CW611190
CW555319,CW555319
CW769750,CW769750
EF134195,EF134195
CM53602,CX17061
DA122207,DA122207
BW40333,BW40333
EL66246,EL66246
EH823740,EH823740
EH935330,EH935330
DS103236,DS103236
BY305935,BY305935
EH861997,EH861997
CW841524,CW64754
BE235327,BE235327
CW820834,CW820834
BZ14131,BZ14131
AL101154,AL101154
DA103112,DA103112
EH779780,EH779780
DZ74184,DZ74184
DD123359,DD123359
BY674285,BY674285
CW1141841,CW1141841
CW1185132,CW1185132
DR103135,DR103135
EH714467,EH714467
CW793962,CW793962
DB117059,DB117059
CW1107035,CW1325587
AW56467,AW56467
AL10287,AL10287
CW813858,CW813858
EH955400,EH955400
BN102436,BN102436
AN120662,AN120662
DT90685,DT86081
BY354441,BN421613
AB31312,AB31312
CR25231,CR25231
CC44726,CC44726
DD156152,DD156152
DA102875,DA102875
EF129222,EF129222
EH972147,EH972147
CW480285,CW480285
BN298545,BN406407
CW1034069,CW1034069
EH237891,EH270221
BX12383,BX12383
EH1315553,AX55811
AS59443,AS59443
DE226799,DE226799
DA107102,DA107102
EP9236,EP9236
EH411528,EH411528
AL261994,AL261994
DJ6228,DJ6228
EH859468,EH1007112
EH826156,EH826156
CW1038596,CW1038596
DR123991,DR123991
BC13950,BC13950
DT148835,DT137339
EP92139,EP92139
EM66332,EM66332
AL251094,AL251094
AL255147,AL255147
BZ11647,BZ11647
DN105251,DN105251
BN323037,BN323037
BN304755,EP63462
EM14405,EM14405
BZ17543,BZ17543
BL375794,BL375794
CW1290715,CW1290715
DX56626,DX56626
CW1045138,CW1045138
EH9127,EH9127
CW1310331,CW1310331
CW1233693,CW714074
BY228778,BY104464
EH809150,EH809150
AD26990,BY660092
DN156162,DN156162
BE214881,BE214881
BR153993,BR153993
EH664004,CW324123
ED7610,ED7610
CW518198,CW518198
EL13166,EL13166
EH833583,EH833583
BJ38395,BJ38395
CW143707,CW238439
BN506425,BN506425
EP69767,EP69767
CW828745,CW828745
EL97696,EL97696
AM27226,AM27226
DT95722,DT95722
EH55307,EH1076321
AL165969,AL165969
DB210117,DB210117
BL350507,BL350507
DL204770,DL204770
DE95870,DE120695
EH474193,EH474193
BN476899,BN476899
BL296571,BN449562
BR185443,BR185443
EH574357,EH204661
DE170000,DE170000
DA64459,DA64459
DB227441,DB227441
DZ13874,DZ13874
EH270419,EH270419
CW883235,DM29185
CW959494,CW531299
EH930321,EH897222
EH863087,EH1020872
CW475722,CW599753
AA138312,BE159088
CW1240369,CW1240369
BZ11720,BZ11720
DX53497,DX53497
EH1031415,EH1031415
CW502064,CW502064
EG56142,EG56142
BN279092,BN218071
EH555067,EH555067
EH815127,EH815127
BY328844,BY328844
EH1201634,EH1201634
CW994080,CW994080
AD26990,AD26990
BH140260,BH140260
CW460882,CW460882
CW142689,CW142689
AL66454,AL66454
DL201530,DL201530
CW692727,CW692727
EH765344,EH611657
DE242625,DE232524
CW1267400,CW1267400
EF92013,EF56266
CW1120162,CW1120162
BH6092,BH6092
AK137436,AK137436
BM15957,BM15957
BY64203,BY83013
DB233290,DB233290
CW1366171,CW1366171
BY610340,BY699158
AL24481,AL24481
EH1031990,EH1031990
CW1125841,CW1125841
BN468909,BN468909
BK10104,BK10104
CW646827,CW1316208
CW1161242,CW1161242
DZ10230,DZ10230
EH872139,EH872139
DS108572,DS108572
BS11805,BS11805
BP56790,BP56790
DB170341,DB170341
CW69040,CW42198
CW973090,CW551778
BY359114,BY432839
BN466685,BN466685
AW192831,AW192831
BH101599,BH101599
CW684167,CW684167
EB64721,AM83966
CW1055698,CW1055698
BE354877,BE354877
BH165271,BH165271
EH1030267,EH1030267
EH402879,EH195143
AL195660,AL195660
BH157119,BH157119
CW1026494,EH611657
EH1099672,EH1099672
BE367582,BE367582
BE42012,BE42012
EH813788,EH813788
AP70242,AP70242
CA110961,BR123490
EH439886,EH439886
CG155070,CG155070
BD122668,BD122668
BY642232,BY642232
BH97951,BH97951
CW83523,CW83523
DR134273,BR193001
CW1170848,CW1170848
CA26207,CA26207
CW59885,CW677446
CW722721,CW722721
CW894560,CW889176
BY505087,BY505087
CA115084,CA115084
CW471679,CW471679
BN438125,BN438125
CW1065516,CW1065516
EH917101,EH917101
BY598713,BY580308
CW1064477,CW1064477
BH155790,BH155790
DE189941,DE189941
CW949093,CW968360
CG113164,CG113164
AJ42627,AJ42627
AS92010,AS92010
CK12817,CK12817
BS12019,BS12019
DD131888,DD131888
EH750875,EH269882
BE441725,BE441725
CX3728,CX3728
CN85663,CN85663
BD90453,BD90453
EH1205103,EH1205103
AA96092,AA79157
CW449010,CW419754
BE326671,BE326671
BL143824,DE62670
CW953970,CW953970
CA114502,CA114502
CB85908,CB85908
AK29330,AK29330
EH958108,EH958108
CB40164,CB40164
EH893380,EH893380
BY569278,BY569278
DE184715,DE184715
BN409986,BN409986
CW531043,CW16941
CW135517,CW576484
EP64857,EP64857
EH62971,EH62971
CW1001188,CW1001188
AN77197,AN149213
AL273583,AL273583
AA136884,AA136884
CW1263528,CW1263528
CJ106207,CJ106207
EH872841,EH872841
AB28580,AL79644
AH21359,AH21359
CW1182334,CW1037068
EH1205494,EH1205494
BL101155,BL101155
EF46867,EF46867
EM36220,EM36220
AX83165,AX83165
AT23513,AT23513
EH586364,EH586364
CA104753,CA104753
AK87539,AK87539
CW647860,CW647860
EH869916,EH1124103
DB203292,DB203292
EG61287,BK35536
AN173277,AN173277
CC154459,CC154459
CW198851,CW208884
BN413792,BN413792
DR26982,DR26982
EG43188,EG43188
BY581514,BY581514
BH115153,BH77549
CW677510,CW677510
EJ29106,EJ29106
DE278899,DE278899
AP80551,AP80551
CW1096832,CW1096832
DB164123,DB164123
EH175294,EH175294
CW511783,CW49228
BL416337,BL417047
AW40204,AW190305
DL197372,DL197372
EH593411,EH603758
DK41854,DK41854
DB280495,DB280495
CW955524,CW196885
BE249115,BE249115
EA4953,EA4953
AB15850,AB15850
EL9000,EL9000
BE417439,BE417439
DE50362,DE120945
CW1185995,CW1185995
EH1022956,EH1022956
AB6139,AB6139
EF26150,EF26150
AW137481,AW137481
AK104865,AK104865
BL434468,BL434468
EM37571,EM37571
EL89109,EL89109
BL376278,BL376278
EN23599,EN23599
BE72425,BE78980
DB193591,DB193591
EH137341,EH180326
CW701975,BR135107
DD101556,DD101556
BM56125,BM56125
BM50716,BM50716
CJ89611,CJ89611
EH995975,EH1101133
EH937379,EH937379
AA114475,CN28475
EH781083,EH781083
DL201718,DL201718
CB56930,CB56930
BN393190,BN225252
BX21986,BX21986
DD154050,DD154050
BY594486,BY594486
CW18692,CW18692
BN411782,BN411782
CW95823,CW95823
DT64681,DT64681
CW710240,CW710240
CS22237,CS22237
DG24476,DG24476
EH827680,EH827680
EH653267,EH1121513
AN97088,AN97088
CW590980,CW990081
CW865542,CW865542
AL104518,AL104518
BY471085,BY471085
AW217978,AW217978
DL231297,DL231297
DB69745,DB69745
BE400730,BE400730
AS51312,AS51312
BN291779,BN291779
CW597977,CW597977
BY224639,BY224639
AL266043,AL266043
EM32906,EM32906
AP65687,AM17644
AL30225,AL30225
BF28214,BF28214
AA162792,AA162792
BY626514,BY668148
EH491013,EH406705
CW192895,CW192895
DE219801,DE219801
BB54725,BB54725
AK33503,AK33503
CW1124524,CW621075
EH19827,EH133250
AN19512,AN51527
BY505928,BY587561
AL32017,AL32017
DD7701,DD7701
ER34749,ER34749
BL193667,BL193667
BL362963,BL362963
CW1301229,CW1301229
DE285752,DE285752
BH13000,BH13000
BN521325,BN521325
CW809576,CW1045138
CJ122473,CJ122473
CZ83207,CZ83207
EM101881,EM101881
BL308017,BL308017
EH867022,EH867022
EH898021,EH898021
EH885647,EH885647
AL225717,AL225717
BZ59658,BZ59658
BP62178,BP62178
CN79993,CN79993
BE59586,BE59586
AG40521,AG40521
CW496697,CW496697
AK142349,AK142349
DR94322,DR94322
CW618368,CW618368
AD25021,AD25021
BH183096,BH183096
CW84798,CW84798
DB195350,DB195350
AL64770,AL64770
EH990426,EH990426
AW207698,AW207698
BD129459,BD129459
CC139476,CC139476
AM87508,DR5266
BE271431,BE271431
CZ81822,CZ81822
DE28637,DE28637
BY581531,BY581531
CW912904,CW912904
DN86526,EB69887
CW155886,CW656291
EH803310,EH803310
CW750434,CW873058
AL39452,AL39452
AN207907,AN207907
EM41462,EM41462
DA103537,DA103537
AK83115,AK83115
CW1133025,CW1133025
BL239586,EL22479
CW1022851,CW1022851
BY571823,BY571823
CA93368,CA93368
BN138007,BN138007
DH55614,DH55614
EM32591,EM32591
DH45605,DH45605
DP3822,DP3822
EF102827,EF102827
EH963238,EH963238
AG56398,AG56398
BN392281,BN392281
EH803461,EH803461
AP69088,DN114579
AA150536,AA150536
DM34024,DM34024
BH140178,BH140178
EF152794,EF152794
DT128585,DT128585
BE64879,BE64879
BC50808,BC50808
DN131505,DN131505
BY554946,BY554946
CW929013,CW990202
BN208308,BN208308
BY416665,BY416665
EH1004931,EH1004931
CW103980,CW343529
AA108035,CW266772
DL144671,CC69830
CW707318,CW707318
DW74941,DW74941
BZ6832,BZ6832
BR46024,BR46024
EH469445,EH469445
AL35335,AL35335
EH706326,EH706326
CW251224,CW251224
BY537338,BY537338
BE379078,BE379078
BN471309,BN471309
CC72244,CC72244
CW951712,CW951712
DS5575,DS5575
BY478582,BY478582
DX55069,DX55069
AL98206,AL98206
CZ87000,CA31599
CG148248,CG148248
BF18661,BF32370
DB195311,DB195311
AG48721,AG48721
AX64935,AX64935
AX76837,AX76837
DC4232,EF23181
EH1261329,EH1261329
DR56774,DR56774
CP17561,EH166809
BR142084,BR142084
EF17437,EF17437
DB188471,DB188471
AL351511,AL351511
DL269386,DL269386
BC59573,BC59573
BR48347,BR48347
BP52312,BP52312
CC41565,CC41565
DB35272,DB35272
DL213761,DL213761
DR98686,DR98686
DB293993,DB293993
EH901219,EH247553
BL331452,BL331452
BY636990,BY636990
EH616941,EH616941
CW770486,CW770486
CW681164,CW681164
CH51781,CH51781
DG39023,DG39023
DB112371,DB70059
CW542475,CW542475
CW1112917,CW1112917
AK32547,AK32547
CW860782,CW860782
CT25108,CT25108
AK66739,AK109153
EH183835,EH183835
BY515391,BY439834
CW502597,BH133019
EH124882,EH191439
BY33305,BY117890
BM22321,BM22321
AW68423,AW68423
CW1294754,CW1294754
EH282887,BC22319
DE265908,DE265908
AL220272,AL220272
CW874301,CW155476
CW499036,CW499036
EH464427,EH464427
BD21675,BD21675
BM29889,BM29889
CW157826,CW120371
AN190572,AN190572
CW113617,CW113617
BR187525,BR187525
CW233643,CW218882
EH598150,EH598150
CW782256,CW782256
CD25962,CD25962
AB35313,AB35313
EH789425,EH789425
BY631751,BY631751
BR171041,BR171041
DX5116,DX5116
CW753842,CW753842
AK165416,AK165416
CA50488,BL523678
BG50316,BG50316
AW182102,AW182102
EH357465,EH357465
DT142249,DT142249
CW772418,CW772418
EM23090,DK32204
EL97699,EL97699
DG34457,DG34457
BB48622,BB48622
AP7291,AP7291
BL365074,BL365074
DA112761,DA112761
BE370945,BE370945
CG127188,CG127188
DK32009,BZ33062
AL298300,AL298300
BN460944,BN460944
AT25707,AT25707
CA122669,CA122669
BR118914,BR118914
EH660943,EH660943
DB267058,DB267058
EP82032,EP82032
CA59781,CA59781
BY197112,BY197112
BZ10077,BB19487
EH686201,EH779843
EL80464,EL80464
CW647270,CW916975
EJ3514,EJ3514
EF34579,EF34579
DG56080,DG56080
BZ58841,BZ58841
BH51655,BH51655
CG87636,CG87636
CL45942,CL45942
DW75966,DW75966
CA139513,BE315684
EH611958,EH611958
EH809631,EH809631
DS54750,DS54750
BY467184,BY467184
EH769965,EH769965
DL174218,DL208726
DB214014,DB214014
DA107439,DA107439
DB319105,DB319105
CA91769,CA91769
CJ68390,CJ68390
CW682212,CW467202
EH81598,EH81598
AP65658,AP65658
DW55860,DW55860
DE226634,DE226634
BY360683,BY360683
CW968944,CW968944
CW438952,CW438952
AL307849,AL307849
BF25036,BF25036
DP40523,DP40523
BN105660,BN138552
EM98926,EM98926
EF51056,EF48529
EN46847,EN46847
EF210600,CW381204
CW814466,CW814466
BN506799,BN506799
AL77675,AL77675
CH50928,CH50928
EF13571,EF13571
BY570603,BY570603
CJ147508,CJ147508
CW1290413,CW764053
CW969010,CW180765
BY606133,BY606133
DA59205,DA59205
EJ23951,DP42763
EH549536,EH549536
BL472756,BL472756
DR127972,DR127972
AJ46410,AJ46410
EH1057798,EH1057798
ED28064,ED28064
CC63929,CC63929
EH388884,EH388884
BY288237,BY288237
EH1205571,EH1205571
BZ13929,BZ13929
CW526581,CG129762
CW839574,CW839574
AW130617,AW130617
AP8405,AP8405
BG23989,BG23989
AK111493,AK111493
AS62623,AS62623
EH964685,EH964685
DL209790,DL209790
BH120509,DN133290
BN361006,BN361006
CW208583,CW517623
CD7440,CD7440
AY11479,AY11479
DE210054,DE210054
CW1065901,CW1065901
BL479461,BL479461
CJ85017,CJ85017
CW820091,CW820091
EH491013,EH60515
EH919495,EH919495
AG50468,AG50468
CW489062,CW489062
BP21782,BZ50527
BR171079,BR171079
EH1139470,EH1139470
CW347825,CW135006
CC98515,CC98515
AP69740,AP69740
CW551984,CW551984
DL206636,DL206636
DR95366,BE421190
BL14446,BL14446
BE269259,BE269259
AW49569,AW49569
CW691419,CW691419
BY549788,BY549788
CW1238587,CW1238587
CW293624,DT100576
BB72857,BB72857
EF34639,EF34639
CW1253750,BR172210
EK21844,EK21844
DB151521,DB151521
CG24611,CG24611
EH975216,EH975216
AN9563,AN9563
DB223915,DB223915
BH103199,BH103199
CJ147227,CJ147227
BH30069,BH30069
AM88629,AM88629
EF52920,EF52920
DB245289,DB245289
AS87476,AS87476
DT105422,DT105422
DK10251,DK10251
AL189657,AL189657
CW650354,CW716459
CW674234,CW674234
DD126936,DD126936
DD59294,DD59294
DL273912,DL273912
BE341130,BE341130
AK102562,AK102562
CW921594,CW921594
EH473204,EH473204
CM56549,CM56549
EH1200788,EH1200788
EH1317318,EH1317318
DD163964,DD191352
DD70685,DD70685
BY506115,BY506115
EH509702,EH509702
CW676681,CW676681
EH1130313,EH1130313
AP86751,AP86751
BR63034,BR63034
CW307449,CW307449
AR12010,AR12010
DL128412,DL128412
EH414043,EH414043
CW826328,CW826328
BY488693,BY488693
BD50860,BD50860
EN10471,AW155497
EH1127763,EH1127763
EH368614,DX17936
CW451962,CW451962
CJ161290,CJ161290
BL421665,BL421665
CW905692,CW905692
CW128453,CW27432
BG44439,BG44439
CY28711,CY28711
CN77176,CN77176
AK98013,AK98013
DB207380,DB207380
CW298441,CW324123
DD84263,DD84263
BN496583,BN496583
CW210766,CW548107
EM53776,EM81625
AN39343,AN39343
EF209846,EF209846
EH176385,EH242463
AW123746,AW123746
BC66622,BC66622
DL81089,BB12786
DB219474,DB219474
DD50183,DD50183
BY503853,BY503853
CL40349,CL40349
DB214287,DB214287
BE281314,BE281314
DR38556,DR38556
AL237347,AL237347
AL248775,AL338615
BR158376,BR158376
BZ66285,BZ66285
CW815019,AK65933
CT49882,AW150537
BY118451,BY23718
EM83455,EM83455
CZ29079,CZ29079
BL421195,BL421195
DB271945,DB271945
AL236264,AL236264
BL435080,BL435080
DB148960,DB148960
DK22890,DK22890
CW504270,CW967356
DT76787,DT76787
EH1235072,EH1235072
DL169551,DL169551
CW59531,CW407436
DS57330,DS57330
EH958334,EH958334
CW656291,CW656291
BE336405,BE336405
BR121610,BR121610
DP34976,DP34976
CW929750,CW929750
EL74751,AW158039
EL4860,EL4860
DP42649,DP42649
DP39428,EH896285
BL65486,BL65486
BY282821,BY282821
EH569286,EH569286
CW668485,CW668485
EH974226,EH974226
BE45301,BE248109
BL498410,BL498410
CZ24833,BN159677
CW154948,CW154948
DE175509,DE175509
BE39006,BE39006
CW660844,CW931047
EL79731,EL79731
BR172151,BR172151
DR93313,DR93313
EH745603,EH745603
EH948693,EH948693
BL458746,BL458746
BN512978,BN512978
DB233476,DB233476
CW643363,CW643363
CW218712,BL161844
EH920131,EH920131
CM51023,CM51023
DE310910,EH927410
BM67362,BM67362
EH574357,AY29429
CW466981,CW421589
BY483826,CD26640
EG20830,EG20830
AD17849,AD17849
EF37798,EF37798
CW1167443,CW1167443
AG26331,AG26331
AW179130,AW179130
CW666325,CW666325
BP51970,BP51970
BZ33341,BZ33341
AW165381,AW165381
DD184586,DD184586
CA105502,CA105502
BL388605,BL388605
EH1031832,EH1031832
CB48668,CB48668
EN9403,EN9403
CM54025,CM54025
BY269249,BY269249
BY689894,BY689894
EH510394,EH510394
CJ148078,CJ148078
CW162116,CW421589
BY464258,BY80755
AL138265,AL138265
EH1143776,EH1143776
CW189914,CW132290
DD185601,DD185601
CW734441,CW734441
BN443420,BN443420
CH45915,CH45915
DB212948,DB212948
AW168546,AW168546
CW1140326,EF200151
DE210224,DE210224
CW1007874,CW1007874
DY13201,DY13201
CJ135627,CJ135627
BC27673,BC27673
CW504270,CW854308
CJ20966,CJ5732
DB94585,DB97383
CG76010,EH1315553
EH540141,EH540141
AN195468,AN195468
CW1045957,CW1045957
BH151938,BH151938
CW997559,CW997559
DW81473,DW81473
BW56855,BW56855
BN419220,BN419220
BN119493,BN85772
BY416569,BY416569
EH805776,EH805776
AN104908,DA115247
CJ155446,CJ155446
CW5571,CW5571
AL97778,AL97778
CC129472,CC129472
AK24930,AK24930
BL502372,BL502372
EH979958,EH979958
EH983225,EH983225
AN19878,AN19878
DW49936,DW49936
CW693568,CW1199571
CA117091,CA117091
BY347336,BY435189
AB7331,AB7331
CW89197,CW488778
BN462928,BN177074
DN95807,DN95807
CB48049,CB48049
AL80256,AL80256
CJ17480,CJ17480
EH944548,EH944548
AA198852,AA198852
CB83620,CB83620
DL221232,DL221232
EH654166,EH654166
BN424528,BN424528
AL185829,AL185829
CW218882,CW218882
DE332313,DE332313
AL264701,AL264701
DZ63791,DZ63791
CG141845,CG141845
CA65173,CA65173
DR14096,DR14096
AX22729,AX22729
EL80377,EL80377
CW953633,CW953633
BG38232,BG38232
CW934501,CW934501
BE358070,BE358070
BJ8688,BJ8688
DE319504,DE319504
DB207311,DB207311
CW956818,CW956818
AS12397,BM26019
ER36748,ER36748
DE269466,DE269466
BY655537,BY655537
DD155555,DD155555
BN466916,BN466916
DB223310,DB223310
EH970213,EH970213
DX37442,DX37442
EH860350,EH860350
EH990313,EH990313
BJ23339,BJ23339
BR115606,BR115606
EB59087,EB59087
AX66584,AX66584
AE7167,BL476476
CW805435,CW805435
AW210547,AW210547
BJ23318,BJ23318
EN71470,EN71470
AB34697,AB34697
BR47681,BR47681
BC63485,BC63485
AM65919,BN311056
CW145651,CW166027
EH472398,EH424410
BN396148,BN396148
BM61180,BM61180
DD146120,DD146120
BH160610,BH160610
BE341439,BE341439
CW206156,CW555821
BE340995,BE340995
EH666701,BE245843
CW115102,CW115102
CW835618,CW835618
CW1062518,CW1062518
AY7093,AY7093
AB10834,AB10834
CW1002780,CW1002780
DE242625,EH955482
DL231596,DL231596
BX21178,BX21178
CW520319,CW291805
EH1005220,EH1005220
CW1109873,CW1109873
CW876308,CW876308
AW25270,AW25270
EH1154213,EH1154213
CT50873,CT50873
BC66583,BC66583
CW155476,CW155476
DE274672,DE274672
DB149771,DB169978
CN78022,CN78022
CE31323,CE31323
CN98682,CN98682
CW1176107,CW1176107
AL119535,AL87291
CW1258811,CW467725
CW450284,CW58988
BH28653,BH28653
BY335869,BY565219
DZ75310,DZ75310
EH694232,EL21583
EH637971,EH637971
DE311707,DE311707
EL23028,CB52532
EH272340,EH272340
BR94177,BR94177
BB95698,BB95698
BL471077,BL471077
AL60702,AL60702
CW958322,CW501481
CW1026698,CW1026698
BD88943,BD88943
AG41496,AG41496
BJ35687,BJ35687
CW980262,CW980262
CW1252681,CW581381
EH990812,EH990812
EH438230,EH438230
BL406265,BL406265
EH593681,EH593681
AA108035,EF100296
CZ98730,CZ98730
AP66948,AP66948
CL23383,CL23383
BL163380,BL163380
DS66429,DS66429
EH951627,EH951627
CW1243468,CW1243468
AK98747,AK98747
CW704327,BN364105
EH62497,CJ27858
AS59214,AS59214
CZ75491,DZ10472
EH321861,EH423288
DT96032,DT96032
BN211468,BN211468
BZ16986,BZ4942
CW845894,CW845894
CG140830,CG140830
CW92175,CW59498
BL407395,BL407395
CW138384,CW138384
BZ45369,BZ45369
EM33338,EM33338
EH1131326,EH1131326
DX13014,CX17061
EH874774,EH874774
CW72702,CW72702
CJ135591,CJ135591
BN192437,BN192437
DB244465,DB268342
CW616547,CW616547
EF26246,EF26246
BL144640,BL199212
AL32958,AL32958
CJ153184,CJ153184
DE300148,DE300148
DS102387,EH424990
EA22769,EA22769
EH112939,EH112939
EB66969,EB66969
EH836807,EH836807
DN119870,DN119870
BK45997,BK45997
CW1086292,CW889176
EH1033842,EH1033842
BL418577,BL418577
AJ37696,DB101583
CW644486,CW644486
ED48916,ED48916
EM104516,AL311555
EH313770,EH313770
DD65015,BL182975
AP60160,BK33235
BN352965,BN352965
DE123147,DE123147
CX10774,CX10774
CW803186,CW600313
AL111317,AL111317
BY587561,BY587561
CW70906,CW72206
BH119063,BH119063
EH636173,EH636173
AP62840,AP62840
CN88818,CN88818
DL173912,DL173912
AF24870,AF24870
DE117832,DE117832
AD17849,AN98814
BE443769,BE443769
BZ8032,BZ8276
CW555921,CW555921
CP45497,CP45497
AL51675,AL51675
DE311823,DE311823
DB294730,DB294730
AJ38293,AJ38293
CW426103,CW426103
AA176552,AA176552
EH1008164,EH1008164
EN36969,EN36969
BE284986,BE284986
BL315711,CW701555
DB196637,DB196637
CJ144032,CJ144032
EH432428,EH533862
DC19548,DC19548
CJ149747,CJ149747
DL236328,DL236328
CW210199,CW210199
CB74430,BA4731
DL265538,DL265538
CW58080,CW58080
EH827897,EH827897
EH298550,BL184472
CG73177,CG73177
CN58853,CN58853
AK121180,AK121180
BB93639,BB93639
DB233869,BY351804
BN306685,DM14518
BB25088,BB25088
BR89440,DB212843
DX9420,DX9420
EH677425,EH677425
EL93973,EL93973
DE292031,DE292031
CW905884,CW905884
CW99104,CW99104
CN88415,CN88415
DB193821,DB193821
AL101744,AL101744
BY582279,BY582279
DX23799,DX23799
EH1005422,EH1005422
CA105086,CA105086
BN367091,BN367091
EH562884,EH562884
CW805787,CW805787
AX38965,AX38965
EF124351,DH41192
BR34647,BR34647
CW1069135,CW1069135
DL256119,DL256119
BN389357,BN389357
DL237742,DL237742
CW646827,CW916755
CZ46422,CZ11537
CA35710,CA35710
EH1061401,EH668419
CC46469,CC46469
CW1110012,CW430951
BL361158,BL361158
CN72117,CN72117
EH134318,EH134318
DR55603,DR83488
DR96859,DR93007
AG63515,AG63515
EH623852,EH623852
CW961078,CW961078
CE46142,CE46142
BR184874,BR184874
BE137881,CB84333
AM87508,CB31258
CD29477,CD29477
BN187890,BN187890
CW783515,CW783515
BL504619,BL504619
EF13847,EF13847
AL188094,AL188094
BE286190,BE304692
CW560860,CW560860
DD167229,DD167229
BY400442,BY400442
BL317080,BB59237
AL8678,AL8678
DB235739,DB235739
BE174026,BE174026
CW772958,CW772958
CW105342,CW105342
CW478098,CW478098
AE34120,AE34120
AL119948,AL119948
BD87906,BD87906
EH1241074,EH1241074
AA159369,DN133290
DD184830,DD184830
ER30357,EH568865
EF79690,EF79690
BN324825,BN324825
DR37710,DR37710
DJ5516,DJ5516
AR5839,AR5839
EL85567,EL85567
CW1158633,CW1158633
EH1318623,EH1318623
DL190315,DL190315
AN228269,AN228269
BN90400,BN90400
DD172681,DD28373
BY542202,BY542202
CW650570,CW287954
EL6179,EL6179
CW321110,CW739134
BE122770,BE122770
BY28656,BY85032
CW95155,CW95155
EH1055196,EH1055196
DT142240,DT142240
EH1110202,EH1110202
DB41628,DB13562
EM52744,EM52744
DR98517,DR98517
EH817831,EH817831
CW980612,CW980612
CW736905,CW1212223
AY38753,DA63515
AA191791,AA191791
EB34098,AC16498
BB74053,BB74053
EH796033,EH796033
BS10330,BS10330
DH46852,DH46852
DN106577,DN106577
CW385847,CW385847
CJ62722,CJ62722
EF133366,EF133366
AL4819,AL4819
DR87595,DR87595
EH1204577,EH1204577
AP39258,AP39258
AM44062,AM58190
DR134353,DR134353
EF107271,EF107271
CG100392,CG100392
EF130503,EF130503
CW448665,CW448665
AA158588,AA158588
DE249812,DE249812
CW158749,CW553458
AH16981,AH16981
AP80227,AP80227
CN54600,CN54600
BR153533,BR153533
DP17347,DP17347
BL347725,BL347725
CN57387,EF100296
BE391440,BE391440
BH80565,BH80565
BH54931,AL193354
BH45600,CG63409
CW138868,CW138868
CW1237160,CW1237160
CP43862,CP43862
DD190605,DD190605
EH628180,EH628180
BK28517,BK28517
BY555623,BY555623
BR149505,BR149505
EL92702,EL92702
DR96528,DR96528
BN156211,BN156211
AM37693,AM37693
EH582373,EH582373
EK21402,EK21402
BN90028,BN90028
AX68481,AX68481
CA96289,CA96289
EH326691,EH326691
EH209535,EH209535
CM65500,CM65500
DA111494,DA111494
AG47634,AG47634
CN57347,CN57347
DN138679,DN138679
BH175158,BH175158
CW1255402,CW830473
BY422997,BY422997
EG58435,EG58435
BH4449,BH4449
DT160348,DT160348
DS56960,DS56960
BB86753,BB86753
BL365529,BL365529
CW659779,CW659779
DR60486,DR60486
DY11167,DY11167
AL290419,AL290419
EJ23624,EJ23624
DB168155,DL173944
DR104487,DR104487
CW176848,CW425686
EF106871,EF106871
EF172914,EF172914
DD164160,DD164160
EL57306,CG96618
CC16373,CC16373
BE388039,BE388039
CC94603,CC94603
AW74235,AW74235
CA80070,BL272582
DS101207,DS101207
AL195350,AL195350
CW1159129,CW1159129
EH155472,EH155472
CW784766,CW784766
CZ26987,CZ26987
BR161851,BR161851
CL55565,CL55565
CW560071,CW560071
DG46302,DG46302
EH1081083,EH1081083
CW1266361,CW1266361
CN37370,BB38703
CA126580,CA126580
CW702602,CW1211839
CW962054,CW962054
EH955223,EH955223
AL11968,AL11968
CW110251,CW110251
BR111612,BR111612
DW51369,DW51369
CW1193432,CW1193432
EH295692,EB71495
BL375405,BL375405
EH737352,EH737352
AE22806,AE22806
DT57142,DT57142
CW61625,CW6170
BC58554,CN80083
AW32644,AW32644
DA110433,DA110433
AL170073,BN411940
CW55705,CW55705
BD25543,BD25543
BZ11239,BZ11239
AN33947,AN33947
CW772530,CW772530
BC36337,BC36337
EM133489,EM133489
BJ12917,BJ12917
BZ14467,BZ14467
EH937009,EH937009
CJ166648,CJ166648
DN67657,BL237576
BM67095,BM67095
BE358362,BE358362
EF162932,EF162932
AL271160,AL271160
CW493783,BY549105
CM42892,CM42892
AC6004,AC6004
BY51429,BY101788
EH455259,EH429064
DL209836,DL209836
BY418243,BY418243
DR33386,DR33386
BY501061,BY501061
CW912240,CW19447
DE291894,DE291894
DL214138,DL214138
AE19000,AE19000
CW1134596,CW1134596
CN78562,CN78562
BE315642,BE95643
BE22482,BE22482
AL89349,AL89349
DS91049,DS91049
DB200456,DB200456
EH851772,EH851772
CA102941,CA102941
AL297533,AL297533
BL459665,BL459665
EN67390,EN67390
AW172820,AW172820
CZ93735,CZ93735
EE3398,EE3398
AY27425,AY27425
BH8526,BH8526
DT29550,BM26019
CW66657,CW66657
DE243999,DE243999
AN140436,AN140436
BL85913,CW95058
EH1132358,EH1132358
AK129494,AK129494
CW969665,CW969665
DB4452,DB4452
AN177579,AN177579
CJ5228,CJ5228
DR125028,DR125028
BR192583,AL325889
BZ64219,BZ64219
BE432411,BE432411
CL51889,CL51889
BY483702,BY302996
BR217292,BR217292
CW240664,CW240664
EB45787,EB45787
CW901716,CW901716
AN196555,AN196555
CW197099,CW445108
CW685480,CW685480
BE84736,BE84736
DB10355,DB10355
DE274443,DE274443
CW16509,CW711352
AL274008,AL144323
DB219526,DB219526
EH600607,EH600607
AP18277,AL4385
EH831439,EH831439
CW577153,CW577153
AW140121,AW140121
DR102218,DR102218
EH1011875,EH693984
EH563322,EH563322
CD27597,CD27597
BN334372,BN334372
BN413073,BN413073
BR204674,BR204674
EH629832,EH1205146
BE249160,BE249160
EH927888,EH927888
AJ36550,AJ36550
BY657444,BY657444
AT23023,AT23023
AX51290,AX51290
CW143899,CW143899
EF230642,EF230642
CW71852,CW71852
EM95773,EM95773
EH1206464,EH1206464
CW1037068,CW1037068
CC2943,CC2943
CW630912,CW630912
CW300181,CW300181
CW935433,CW935433
BG24936,BG24936
BY731105,BY731105
BY210315,BY210988
BL378544,BL378544
BY372804,BY372804
AN129029,AN129029
DN152889,DN152889
CG49431,CG10597
AL324160,AL324160
EH1003446,EH1003446
DD159773,DD159773
DL164464,DL164464
EH1178328,EH1178328
CW823848,CW823848
DX51910,DX51910
AH23370,AH23370
AL155077,AL155077
CB78598,CB78598
EH677434,EH677434
BE461588,BE461588
EP98642,EP98642
AL208153,AL208153
AL288843,AL288843
CW880889,CW880889
CW670212,CW670212
EH1006003,EH1006003
CC139738,CC139738
EA45333,EA45333
AL83880,AL83880
EH475583,EH475583
ES25779,ES25779
CN64563,EF88924
EH257615,EH692041
BY460800,BY344273
DD208827,DD208827
EH631172,EH631172
EG59154,EG59154
BE209713,BE209713
CW790190,CW790190
EH934944,EH934944
AW209284,AW209284
CW215056,CW215056
AT25313,AT25313
BM58992,BM58992
EH673799,CA73956
BW52290,BW52290
EH289131,EH567772
CW583073,CW583073
BE296130,BE296130
DA28924,DA28924
AF21838,AF21838
BG2794,BG2794
CW692727,CW703466
EH860123,EH860123
CW1194079,CW1194079
BL394330,BL394330
DR132053,DR132053
BN28532,BN28532
EH427864,EH427864
BY549904,BY510746
CW22191,CW22191
AW56642,EL71345
CE10441,CE10441
BE417950,BE417950
BN416156,BN416156
EH955271,EH955271
AG5005,AG5005
EH1029565,EH1029565
EH151765,CW973104
BN393853,BN393853
CW924563,CW924563
AL184998,AL184998
EH1129922,EH1129922
EH251256,EH251256
BL316048,BL316048
AA143858,AA143858
CW57075,CW57075
BE294984,BE294984
CE59233,CE59233
BN68043,BN17645
EH1162280,EH1106357
EB6853,CN21857
CW534411,CW534411
CW175187,CW175187
BN464648,BN464648
BY556927,BY556927
EH414943,EH414943
AN44586,CM36856
CC128766,CC128766
CW39998,CW138413
CT39078,CT39078
CZ87541,CZ87541
CC118085,CC118085
BY628304,BY628304
AN101574,AN101574
EH730900,EH730900
BH161965,BH161965
EH1031141,EH1031141
DN128596,BA17539
BE18983,BE18983
EN15761,EN15761
DL266777,DL266777
CW841030,CW841030
CW833375,CW301889
CY25323,EF144821
CW99877,CW99877
AP37363,AP37363
BH74056,BH74056
CW961843,AK81006
EH816209,BE311781
EH1203368,EH1203368
BY519265,BN543907
DK39191,DK39191
BH60849,BH60849
BY46586,BY105199
EM99662,EM99662
CW700461,EH746892
BC28109,BC28109
EH617899,EH617899
EH689756,EH689756
EH999879,DK44040
AL315530,AL315530
AM17723,AM17723
BN405670,BN405670
CW758653,CW758653
BY165844,BY165844
DP22146,DP22146
EH804311,EH804311
DL133410,DL133410
BP48038,BP48038
CW324306,CW859664
CM65989,CM65989
BN349061,BN349061
EH585139,EH585139
BR141195,BR141195
CW768051,CW768051
EH809819,EH809819
AX58586,AX58586
EH289014,EH542520
EH556422,EH556422
BE346032,BE346032
BR27735,BR27735
DE189949,DE189949
EC6771,EC6771
BE89976,BE89976
CW1065879,CW1065879
DB232713,DB244339
AK121308,AK121308
BN383235,BN383235
BL343278,BL343278
DN126468,DN126468
BY495296,BY541119
DN154520,DN154520
BN84694,BN72243
BE78204,BE43063
BR199493,BR199493
DB310928,DB310928
CW459120,CW459120
DB198511,EH831439
AW136619,AW136619
AL135079,AL135079
AL20268,AL20268
EH592760,EH494705
CH16361,EA51565
BE238379,BE238379
EH976211,EH976211
DB165846,DB165846
CN14944,BZ20287
CW643333,CW1207974
CW476397,CW175871
CM71591,CM71591
EH818008,EH818008
BY601711,BY601711
DP33766,DP33766
BR221922,BR221922
CJ142466,CJ142466
CW59074,CW59074
AP12105,AP12105
ED51264,ED51264
CW229564,CW229564
BE399797,BE399797
DE299942,DE299942
CW1100152,CW1100152
DE293352,DE83244
AM13164,AM13164
DB44354,DB44354
CW500423,CW1071747
EH514385,EH514385
DB291992,DB291992
EH878266,EH878266
EF111939,EF111939
CP2394,CP2394
CW325005,BL182975
CE24179,CE24179
BY154229,DL102132
EH851699,EH851699
EF31364,EF157946
CW572556,CW582792
EH873748,EH873748
BE270056,BE270056
AA25184,AA25184
ED54635,ED54635
EM104387,EM104387
DR39902,DR3253
BR146881,BN378471
DL254308,DL254308
AL16506,AL16506
EP46239,EP46239
AL307477,AL307477
BR177070,BR177070
EH719414,EH719414
EF57456,EF147548
CW1193199,CW373221
BM41873,BM41873
CW1081756,CW1081756
DH37729,DH37729
EH1196897,EH1196897
AY22247,AY22247
CW985949,CW985949
EH1129859,EH1129859
DD166956,DD166956
EB76724,BG55016
AW81069,AW81069
EH504219,EH504219
EH887280,EH655850
EF123729,EF123729
DP23822,CT23876
BH152272,BH152272
DT159322,DT159322
AA166090,AA166090
EH1203410,EH1203410
DH54508,DH54508
BE329507,BE26988
CW852034,CW852034
CW498346,CW186401
CW128453,CW128453
EH1126978,EH1126978
DB176418,DB176418
AL136331,AL136331
EH699624,EP69767
EH790488,EH808583
DS104626,DS104626
CW476789,CW476789
DE287213,DE287213
CJ89590,CJ89590
DS69824,DS69824
CW1325801,CW1325801
AP44962,AP44962
EH38160,EH38160
AY29680,AY29680
CW980876,CW1013135
BN453994,BN453994
CJ41493,CJ58329
CS31818,CS31818
DT137346,AP62840
BN435052,BN435052
BM3207,BM3207
EP61343,AP62840
EF32427,EF32427
AE32352,AE32352
BC46451,BC46451
CW986637,CW986637
BE356117,BE356117
EH689322,EH689322
AL191021,AL191021
CW893281,CW510062
DE279085,DE279085
CS31512,CS31512
EH943559,EH943559
CW492440,CW492440
BL201542,BL201542
CW734171,CW734171
AW108755,AW108755
BZ28425,BZ28425
BE214290,BE214290
DP23707,DP23707
EG54096,EG54096
BZ50346,BZ50346
CL43684,CL43684
EF165447,EF165447
AN143731,AN143731
CM37702,CM37702
CW814824,CW814824
EH1201189,EH1201189
CW159366,CW110855
CW202666,CW202666
AD30827,AD30827
DL210866,DL210866
BR49518,AW168082
CW847569,CW847569
AP65833,BY391943
BL261971,CN64563
DZ54660,DL182769
BL393837,BL393837
EG20708,EH1156902
BE233850,BE233850
BJ14304,BJ14304
EH353867,EH353867
EH1200804,EH1200804
BB52278,BB52278
BN101691,BN144525
AP81766,AP81766
EL14718,EL14718
CW570882,CW570882
DL189803,DZ54124
CW843504,CW90863
EH323668,BZ34427
CW720900,CW720900
BR60988,BR60988
EH597454,EH597454
EH875325,EH875325
DK35397,DK35397
DZ42618,DZ42618
CW961843,CW961843
DR72338,DR72338
CJ125165,CJ125165
BZ32639,BZ32639
CW698550,CW1327819
CM46094,CM46094
EH967385,EH967385
BR127996,BH13000
BE375481,BE375481
BY282853,BY282853
AA187547,AA187547
DD106023,DD106023
BL258277,BL258277
BN496124,BN496124
EM97727,EM97727
EF134106,EF134106
EH796483,EH796483
BN390832,BN390832
BC47809,BC47809
AW147362,AW147362
AL251466,AL251466
BE209415,BE209415
DE257450,DE257450
CM55013,EF135929
DX28506,DX28506
DB221873,DB221873
DE254819,DE254819
DE199735,DE199735
CW185462,CW362698
BD108635,BD108635
DB294167,DB294167
CW1229718,CW1229718
EH965656,EH965656
CW884353,CW734695
EM137020,EM137020
DB27037,DB27037
EF37993,EF37993
AM44655,AM44655
CW959768,CW1125406
AK97282,CZ39741
BR19978,BR19978
CG118618,CG118618
AK100318,AK100318
EP84293,EP84293
BN375226,BH143694
AL51950,AL51950
BR8507,BR8507
BN400632,BN400632
BH89008,BH89008
CW321910,CW321910
BH139715,BH139715
DP17556,DP17556
BW38333,BW38333
EH223828,EH223828
CW533228,CW119601
CZ24833,CZ24833
DS2337,DS2337
EH463465,EH463465
ER38028,ER38028
BE209036,BE209036
EH576095,BK44092
CW812412,CW812412
BY359640,BY359640
BY399690,BY399690
DZ66646,BB80368
CJ5296,CJ5296
EH619838,EH611657
EH1129708,EH1129708
BH131666,BH131666
DL187334,DL187334
EH759794,EH759794
AM52814,AM52814
EH522521,EH522521
AL351452,AL351452
DL147940,DL147940
AL13586,AL13586
CW870552,CW881349
DT167399,DT167399
CW653097,CW653097
BB36566,BB36566
EH352101,EH352101
AX36048,AX36048
CW864325,CW742384
BE95755,BE95755
CW1252784,CW962713
BD95852,BD95852
BL408291,BL408291
AM2208,AM2208
BE359046,BE298891
CW201939,CW673453
EH1048493,BY201342
EH738950,EH738950
CB59255,BY754555
DP17629,DP17629
CW245537,CW1063161
CW582792,CD21109
EH1274725,EH1274725
BR76249,BR76249
CW999217,CW999217
BE116310,BE116310
CW40524,CW143256
CW848529,CW848529
CW625256,CW625256
EF133947,EF125467
DT137269,CS30949
BY514246,BY514246
EH1118031,EH1118031
CC68834,CC68834
EH1110299,EH1110299
CW1049612,CW1049612
CW353958,CW1013380
CH41683,CH41683
BY598910,BY442913
AS62439,AS62439
DL220630,DL220630
CS28905,CS28905
CZ44781,CZ44781
CE41930,CE41930
BL283207,BL283207
BN281031,BN281031
BL398085,BL398085
DG41639,DG41639
BP51731,BP51731
DR101163,DR101163
BH101572,BH101572
DE228380,DE228380
EH1166823,EH1166823
BD92590,BD92590
CW498418,CW698027
AA114475,CZ74846
CC65538,CC65538
CC127648,CC127648
EF144365,EF144365
EH818336,EH818336
EL72712,EL72712
EH776284,EH776284
CZ53948,CZ13667
DH47090,DH47090
AL123905,AL123905
AW181482,AW181004
AL49286,AL49286
AN39709,DZ20554
DD29047,AL80148
DR143749,DR143749
EH784108,EH784108
BZ27589,BZ27589
AG50136,BY603368
DL240683,DL240683
CW507690,CW507690
CW95650,CW95650
EM41524,EM41524
CW127895,CW127895
BL352585,BL352585
EP90651,EP90651
DB310194,DB310194
EH1149210,EH1149210
AW51929,AW51929
DL210764,DL210764
EH1315553,EH1315553
CW808495,CW808495
BR129410,BR129410
BN263589,BN263589
CX20524,CX20524
CW888575,AS78561
AN98025,AN98025
CW650354,CW434206
DB280907,DB280907
BZ30058,BZ30058
DE44328,DE44328
CC64646,CC64646
EH1026795,EH1026795
CW646446,CW646446
AA85103,AA85103
BL261735,BL261735
EN79097,EN79097
DB81604,DB81604
AX66609,AX66609
DR54114,DR54114
BH77937,BH77937
EP58530,EP58530
DY35978,DY35978
AA173603,AA173603
CW544591,CW544591
AN155515,AN155515
BY549975,BY549975
BG47450,BG47450
CW322572,CW381497
BR161076,BR161076
CW367616,EF123729
CC112806,CC112806
BY85828,BY85828
CW797529,CW797529
EH1142278,EH155316
DS76905,DS76905
CW772825,CW772825
DE254102,DE254102
EH677949,EH677949
BY338728,BY338728
BL389229,BL389229
DE295077,DE295664
DX14207,DX14207
CW301239,CW352247
DX56360,DX56360
CW431406,CW1031939
CA32233,CA91524
DB92063,DB71773
DB309262,DB309262
DL206353,DL206353
DB139622,DB139622
EH145988,AX17558
EH770974,EH770974
CW1066986,CW1066986
BJ40461,BJ40461
EH56483,EH56483
BY610340,BY672966
CW438446,CW838567
DE252817,DE252817
BL454207,DP37847
CW616110,CW347111
CW36390,CW36390
EM78004,EM78004
BL59351,CW182993
AG44369,AG44369
CA25061,CA25061
EH94010,EH94010
DR50902,DR50902
BR150348,DL194723
CW726288,CW714074
AX34493,AX34493
BR182717,BR182717
DX65477,DX65477
DR36399,DR36399
DE214513,DE214513
CW857190,CW857190
AM57387,AM57387
BD28468,BD28468
BE450721,BE304454
BN373990,EH927410
CW1087867,CW1087867
CW769819,CW769819
AK19019,AK19019
EG14003,EG14003
BH123451,BH123451
BY561051,BY561051
BR193930,BR193930
AL156637,AL156637
BR119527,BR119527
BY359785,BY359785
BL422058,BL422058
BL402836,BL402836
BT12353,BT12353
BE232234,BE232234
CG102003,EF95445
AL259317,AL259317
DS107356,CW1064993
CG156572,CG156572
DN125660,DN125660
BL121241,BL78635
DB64056,DB64056
CW239132,CW617307
CW779859,CW841776
EF101125,EF101125
DE296824,DE296824
EF211362,EF211362
DL196067,DL196067
DR33236,DR62614
AN44586,AN44586
AS86604,AS86604
EH1136979,EH1136979
BN177702,BN177702
CW812835,CW812835
CW488778,CW488778
EH1146647,EH1146647
BJ40432,BJ40432
DS99434,DS99434
BL405491,BL125083
EH1129966,EH1129966
DN125756,DN125756
CJ130271,CJ130271
CP46642,AX35759
CZ41201,BB12681
AH19602,AH19602
EH1247783,EH1247783
EH456314,EH456314
CW918186,CW918186
DB229057,DB229057
BY64111,BY64111
BL368179,BL320559
BE407246,BE407246
CJ38772,CJ38772
EH1055067,EH1055067
EH963125,EH963125
AB23711,AB23711
CS14808,CS14808
EM125844,EM125844
EH482203,EH482203
BN426313,BN426313
EH948542,EH948542
AL168763,AL168763
EH878942,EH878942
EG34144,EG34144
CY31866,CY31866
BN280732,BN280732
DT146754,EL96926
DL165803,DL165803
BR177647,BR177647
DP44534,DP44534
BB80239,BB80239
EP42454,EP42454
AL214210,AL214210
BN319722,CK5851
DB292974,DB292974
BM55084,BM55084
EH830135,EH830135
BK48029,DX34771
DE213710,DE213710
CW466981,CW469837
BH142649,EH668419
EH815527,EH392472
EH782898,EH782898
AW46234,AW46234
EG40722,EG40722
DB5173,DB5173
CW223289,CW1372055
CJ78038,CJ78038
BC43679,BC43679
BE334380,BE334380
CW532834,CW532834
EH887702,EH887702
BP26339,BP26339
CG84475,CG84475
EH630762,EH630762
BY266916,BY266916
DB275198,DB275198
CW884353,AN154371
EB71160,EB71160
EH209450,BL122659
BR193001,EJ23951
BN471355,BN471355
CW825817,CW535150
DB293993,DB191618
EH920303,EH920303
EB54098,EB54098
CW1252938,CW129650
BY580009,BY580009
BL434954,BL434954
BL433463,BL433463
AW139853,AW139853
EH254113,EH254113
EH1145556,EH1145556
CW600583,CW600583
CW1130534,CW860391
EH910805,EH910805
CW113694,CW113694
CT48831,CT48831
DE258539,DE258539
BH125671,BH125671
DR70792,DR70792
CB83133,CB83133
EM126699,EM126699
BR142087,BR142087
BR7522,BR7523
BE236744,BE236744
BL439582,BL439582
CL62577,CL62577
BN264291,BN264291
AM89287,AM89287
AX63426,AX63426
CJ11208,CJ11208
EH729907,EH729907
BY615452,BY615452
BW17755,BW17755
BD136562,BD136562
BR124411,BR124411
CW590109,CW590109
CW173025,CW173025
DB112371,DB112371
BY148428,BY148210
BY405431,BY405431
BN9703,BN46577
AB38354,AB38354
DN128056,DN128056
EH461553,CC122038
BE318721,BE318721
BL418481,BL418481
CT7231,CT3177
EB63648,EB63648
BE359464,BE359464
BL18521,BL18521
BY730268,BY730268
CW601800,CW601800
BY89920,BY214720
AL229910,DH41256
BE360537,BE360537
CM40256,CP38120
AL342769,AL342769
ED43868,ED43868
BP14395,BP14395
CZ58230,CZ58230
BL418961,BN435873
CJ196994,BL503708
BE92337,BE92337
EH299527,EH299527
CW110264,CW110264
BL313584,CJ142703
CE49311,CE49311
BP29977,BP29977
DP39942,DP39942
AX41245,AX41245
DP26995,DP26995
CJ127324,EH157902
EJ6752,EJ6752
BE25219,BE25219
CJ135820,CJ135820
EH1018524,EH1018524
CJ136421,CJ136421
AW167765,AW167765
AN217810,AN217810
EH1127772,EH1127772
EH1123635,EH1123635
BY588139,BY588139
DD26485,CP25593
AW72256,AW72256
EF193008,EF193008
BE239497,BE239497
BZ51330,BZ51330
CW674611,CW674611
BY549904,BY549904
DR82477,DR82477
DF21129,DF21129
AN82889,EH118361
DR63631,DR63631
CW781834,CW781834
CA39540,CA39540
AJ14754,DN110340
DL196578,DL196578
CN70327,CN70327
CW550321,CW639901
AS23791,AS23791
EM13583,EM13583
DL220833,DL220833
DB251406,DB212770
CM30379,CM37267
EH838616,EH838616
BN383433,BN383433
EH672391,EH672391
CJ125255,CJ125255
BD100409,AP8405
DD107234,DD107234
BG3044,BG3044
CW710849,CW710849
EH958662,EH958662
BL365233,BL365233
CJ135756,CJ135756
AC8838,AC8838
DB270833,DB270833
BE245843,EH719414
BY365786,BY344273
BE308374,BE308374
AM92500,AM92500
CW9824,CW9824
BL159322,EH777400
AW166711,AW166711
CC80857,CC80857
CW41993,CW41993
EH614606,EH528673
DS115316,DS115316
CW689891,CW689891
AL129643,AL129643
CW14442,CW14442
DX15946,DX15946
BN348299,BN348299
CW1201120,CW1201120
DZ9488,DZ9488
BE424658,BE424658
BH180244,BH180244
EF25797,EF25797
AK57263,AK57263
CW22619,CW310216
BE235327,BE8548
CC49316,BL230192
BW14066,BW14066
EH825385,EH825385
BE378582,BE378582
BH163790,BH163790
BE405671,BE405671
AP7063,AP7063
CN14944,CN14944
BE335602,BE335602
BL380857,BL380857
EH903898,EH903898
BZ37787,BZ37787
BN186742,BN186742
CW664198,CW251659
BY351330,BY351330
CM56629,CM56629
EL44950,EL44950
CW566920,CW566920
CW1275369,CW1275369
CW646342,CW646342
CH47236,CH47236
AP84598,AP84598
CW1171964,CW1171964
AN159226,AN159226
AH2037,AH2037
DR3758,DR104579
EA41167,EA41167
EF202092,EF202092
BY610472,BY610472
CW857633,CW857633
EH270317,EH270317
DE311673,DE311673
CW650570,CW266772
CW609540,CW615746
DR109746,DR109746
AL311013,AL311013
BR106889,BR106889
EL99745,EL99745
BE216089,BE216089
DR91585,DR91585
AG45928,AG45928
AK46609,AK46609
CW810831,CW810831
EH1056804,EH1056804
DN109815,AL357081
CW419479,CW124750
BY517505,BY517505
CW1268237,CW1268237
AG27139,AG27139
CR24459,CR24459
AP69114,AP69114
CM70620,CM70620
AL74302,AL74302
BE411694,BE411694
DB70007,DB70007
CW801239,CW801239
DN138425,DN138425
CW3104,CW3104
ES5897,ES5897
DY29199,DR23230
BN429024,BN429024
DA93173,DA93173
AA125831,AA125831
BH112034,BH112034
CW744260,CW744260
CP2519,CP2519
EF106657,EF106657
CW906301,CW906301
DZ20071,DZ20071
CJ47467,CJ98278
DM26036,DM26036
EH333414,DL128178
DW56737,DW56737
CT37224,CT37224
BL449068,BL449068
EH1000889,AW78487
CW218712,CW166345
DA26442,DN58302
BE207398,BE207398
EH1247104,EH1247104
AN56697,AN56697
AK45994,AK45994
BN66039,BN66039
CJ6802,CJ6802
AW200465,AW200465
BY196105,BY196105
CW479996,CW859082
CG3941,CG3941
EL92906,EL92906
BD110833,BD110833
CW502597,CW502597
EH551727,EH551727
BM64816,BM64816
BL510199,BL510199
BS4535,BS4535
CW332737,CW166027
AB29353,CL36440
DG18995,DG18995
EH1021088,EH1021088
BY709353,BY709353
BL261633,BL261633
BN519568,BN205495
BZ21163,BZ21163
CW302473,CW189360
CG156681,CG156681
AL54021,AL358020
CW895604,CW895604
EH457990,EH457990
EA32964,EA32964
EH745808,EH745808
DJ7919,DJ7919
CW438551,CW438551
CW966006,CW966006
BH92535,BH92535
CW595151,CW1058961
CX21223,CX21223
CW218665,CW1328943
CZ69294,CZ69294
EH918029,EH918029
CW382551,CW382551
BY228960,BY228960
CW610780,AW76987
DK38297,DK38297
CC103135,CC103135
BL118218,BL61282
BL423654,BL423654
AK28418,AK28418
CW200866,CW293109
DB300353,DB300353
EH475047,EH475047
CG155376,CG155376
BL450214,DA32992
BY664122,DL168499
AN64139,AN64139
BB96426,BB96426
DB260509,DH63381
AW208285,AW208285
DB185491,DB185491
CA53056,CA53056
BN342175,BN342175
CW165243,CW165243
DB189034,DB313477
BY465613,BY306153
CW735711,CW735711
CC78890,CC78890
CM15828,CM15828
EH828522,EL75979
CD23418,CD23418
CW477852,CW684169
CT30303,CT30303
AK134612,AK134612
DL214156,DL214156
BW24662,DL168499
BN496003,BN496003
DE189551,DE189551
DA14602,DA14602
CW1032337,BE190626
EF149279,EF149279
BN78204,BN78204
CW1264738,CW1264738
EL66831,DS91147
DW76023,DW76023
EM106330,EM106330
DA42368,DA42368
BL295787,BL295787
BN340496,BN340496
BZ49329,BZ49329
EH1222748,EH1222748
BJ31818,BJ31818
DL239791,DL239791
ER39795,ER39795
EH706776,EH706776
EF26532,EF26532
EP57952,EP57952
CW1032555,CW1032555
CA102222,CA102222
BN108726,BN108726
BC45381,BC45381
BL367063,BL367063
EF73631,EF73631
DB160971,DB47954
CJ123866,CJ123866
DD105996,DD105996
CW946990,CW1010645
DE78618,DE105468
DX47816,DX47816
CW616519,CW616519
BY742845,BY742845
CW894539,CW139269
EH697033,EH697033
CG148375,DL214825
AN176424,AN176424
BY565270,BY565270
CW964158,CW186401
DE304947,DE304947
AA180830,AP68630
CL54595,CL54595
DL129294,DL129294
DR50759,DR50759
EH1088435,EH1088435
EF100920,EF100920
CW1043436,CW37792
EC17389,EC17389
CW574899,CW186401
BR156050,BR156050
CH39440,CH39440
EF200326,DW72711
DL195337,DL195337
DC3603,DC3603
EN36526,EN36526
EH1051851,EH1051851
EP79475,EP79475
BJ15429,BJ15429
DX40926,DX40926
BN273650,BN273650
EB64892,EB64892
BZ3405,BZ3405
BL408870,BL408870
BR209604,BR209604
DN68596,DN68596
BH184648,BH184648
AW164629,AW164629
BW57527,BW57527
DD172741,DD172741
CW1050849,CW223164
CW687948,CW398832
CW834387,CW834387
BN98630,BN98630
BE253477,BE253477
EH673799,EH424990
EH573028,EH573028
CW360000,CW360000
EH1272783,EH1272783
BR138495,BR138495
DD65015,EH423288
CW468840,CW468840
BN427292,BN427292
CW92898,CW92898
AW103203,CX21781
CW857634,CW857634
EH1131139,EH1266337
CW133729,CW133729
EF168455,EF168455
BY151744,DX30230
EH970808,EH970808
AR13825,AR13825
BY337291,BY337291
EH809262,EH809262
BY463838,BY463838
EH738816,EH738816
BY489818,BY489818
BD70307,BD70307
BH93643,BH93643
DT133408,DT133408
BL423649,BL423649
EH6616,EH6616
CM38371,CS8785
EH622210,EH622210
EH672144,EH995975
EM115762,EM115762
BR191141,BR191141
EH571845,EH571845
BY422519,BY422519
DN128878,DN128878
BL405571,BL34739
DB198185,DB198185
CW450284,CW450284
CT41712,CT41712
DS110401,DS110401
AE26032,AE26032
CW481241,BY252445
BL493700,BL493700
CJ78444,BP29977
EL64696,EL64696
BE283059,BE283059
CW307188,CW410272
EM112499,EM112499
CC127612,CC127612
AN164436,AN164436
DJ14025,DJ14025
CN60779,CN60779
AW17422,AW17422
BM59246,BM59246
BL192747,BL192747
CW825882,CW825882
CG180280,BY753098
CC122780,CC122780
AM30429,AM30429
AA187964,AA187964
EH272182,EH272182
CW241655,CW241655
EH573069,EH573059
BE433624,BE433624
DB250109,DB250109
EH621611,EH621611
EH830035,EH830035
ES14809,ES14809
DH28348,DH28348
BB63464,BB63464
BR217292,DH42751
EH225229,EH225229
DN130385,DN130385
CN55059,CN55059
DB189161,DB189161
BP71300,BP71300
CJ172008,CJ172008
AX29263,AX29263
BG26909,AA195042
BL345499,BL345499
EF158622,EF158622
AN125353,AN125353
AN136229,AN136229
DT25593,DT149720
DN99171,DN99171
CS23131,CS23131
EF6473,EF6473
DE235850,DE235850
AL127513,AL127513
AN64886,AN64886
CW70187,CW70187
BY77062,BY57964
DX58672,DX58672
BJ10499,BJ10499
CW429472,CW722721
AX8760,AX8760
CW851651,CW333889
CW1231602,CW1040265
EH565355,EH637241
BY592497,BY592497
EH989105,EH989105
CC96576,CC96576
DD99896,DD99896
CW913000,CW913000
DY9798,DY9798
EP62510,AA167530
AZ15146,EA37018
CW941095,CW941095
DL139617,DL139617
CG15696,CG15696
BY610222,BY610222
CW511584,CW305511
AW134195,AW158746
BE235100,BE235100
DX19964,DX19964
CL7661,CL7661
EL82376,EL82376
DB239878,AK128553
DB235712,DB43785
DB235183,DB235183
CW749117,CW749117
EF195768,EF195768
CW585125,CW585125
CG73247,CG73247
DY13146,DY13146
BN302777,BN302777
AD8913,AD8913
CA4724,CA4724
CA66987,CB33199
BZ60374,BZ60374
EJ24301,EJ24301
CW625506,CW1005818
EH280681,EH280681
CW356388,CW401016
DL34454,DL89216
CE38619,CE38619
EH439456,EH439456
BL483843,BL483843
DE126362,DE126362
BE289090,BE289090
CJ83342,CJ83342
AL270521,AL270521
EM43474,DM30323
DR51423,DR51423
DE286608,DE286608
DY32756,DY32756
DD104131,DD104131
CW670215,CW670215
BN386625,BN386625
CW408738,CW408738
DH49789,DH49789
AN26374,AN26374
DB243468,DB243468
DD99449,DD99449
BY622016,BY622016
AK5336,AK5336
DP8761,DP8761
CW769188,CW769188
AX29320,AX29320
BY608085,BY608085
BE402042,BE402042
AA196773,AA196773
BD68217,BD68217
AW178215,AW178215
DR120766,DR120766
ER34316,ER34316
CP49813,CP49813
CS21276,CS21276
AW88886,EF100296
EH889319,EH889319
BW12628,BW12628
EH1082909,EH1082909
ES23778,ES23778
DN81568,DN81568
AM10475,AM10475
CG155296,CG155296
DA71941,DA71941
AN119775,AN119775
BL69287,BL294900
CJ7202,CJ7202
EH1077355,EH1077355
EH1317633,EH1317633
BE309932,BE309932
EH1154518,EH1154518
AL235139,AL235139
CW78982,CW78982
BN404508,BN404508
BN105009,BN105009
BY714088,BY714088
AP74672,AP74672
CL32822,CL32822
EH452021,EH452021
AX48896,AX48896
ED15503,ED15503
AD15623,AD15623
CS31689,CS31689
CW277511,CW58080
AN118978,AN118978
EF18358,EF18358
DE297231,DE297231
AL261141,AL187979
AL90315,DX15549
DK36909,EM78620
DD118212,DD118212
CG108986,CG108986
CT33878,CT33878
CW1139262,CW1139262
DP29916,DT88286
DW4706,DW4706
AW94554,AW94554
DB143317,DB129431
AL176175,AL176175
BN466000,BN466000
AX79381,DE25116
CG85734,CG85734
BE17417,BE80437
BE170161,BE170161
BE347561,BE309136
DA86949,DA86949
CL8605,CL8605
DL254391,DL254391
EH877532,DE270483
DX64744,DX64744
EH1202939,EH1202939
CG130726,CG130726
ER46428,ER46428
DB206373,DB206373
DT24093,DT24093
BR54896,BR54896
AP25832,AP25832
AL187355,AL187355
EH674375,EH979504
CW679854,CW679854
EH932444,EH919676
EP62266,DK31005
CM67045,CM67045
AG59701,AG59701
DL197255,DL197255
DL255375,DL255375
BN522648,BN522648
BM2095,BM2095
EH893273,EH893273
BH136322,BH136322
DD11512,DD11512
BN489008,BN489008
CW969649,CW394533
CW144884,CW144884
AL212025,AL212025
DR86554,DR86554
BY668775,BY668775
CW139310,CW196885
BY105214,BY105214
CW524448,CW524448
CW429383,CW346397
CJ185567,CJ185567
DE239336,DE239336
CW1141715,CW1141715
CL50422,CL50422
EH871633,EH871633
DL249692,DL249692
DT35308,DT35308
BL140219,BL140219
EH432190,EH483937
CT33076,CT33076
DR42340,CW324123
AL73965,AL73965
DE276753,DE276753
BL59351,BL61282
BL414098,BL414098
EJ20418,EJ20418
CW627781,CW627781
EH476772,EH476772
BX23503,BX23503
EH835359,EH835359
EH1196638,EH266309
CW852912,CW413431
AA82218,AA82218
CW191938,CW803355
EF84935,EF84935
BY514457,BY701401
CW1064962,CW1064962
AL340370,AL340370
DL277456,DL277456
ES19254,ES19254
CW998536,CW998536
CM51450,CM51450
BL254548,BL254548
CN66063,CN66063
CW846716,CW846716
EH1121513,EH1121513
BD127399,BD127399
DD102799,DD102799
CJ190531,CJ190531
AK116870,AK116870
DE313042,DE313042
DX26975,DX26975
AK152069,AK152069
DL188371,DL188371
AW182982,AW182982
EH960841,EH960841
AL90315,CC54185
EH82210,EH118361
AN120173,AN120173
CJ195958,CJ195958
AN100629,EB38966
DB273654,DB273654
BN51466,BN143532
DD165619,DD165619
EH593890,EH593890
DX28040,DX28040
CW293009,CW984831
CE50407,CE50407
EH451121,EH298182
CW965304,CW965304
EH1201082,EH1201082
BY443903,BY443903
AX8450,AX8450
CB74660,CB38130
CW678105,DD116885
EH893080,EH566194
DB12257,DB96416
DL261968,DL261968
DH26528,DH26528
CG125734,CG125734
BN173732,BN336884
AP49839,AP49839
BH85013,BH85013
BY597572,BY597572
BB106888,BB106888
EH795080,EH795080
BW64618,BW64618
DA25903,AL78655
CW121344,CW121344
CW322824,CW251972
AW129397,AW129397
BE357440,BE357440
BY654179,BY654179
BP57164,BP57164
DA33013,DA33013
CW135517,CW135517
BE290293,BE326933
CJ28387,CJ28387
DD186767,DD186767
AN167761,AN167761
CN60036,CN60036
DK19049,DK19049
EL77782,EL77782
BR90692,AW142372
EH708218,EH708218
EH244381,EH244381
CW776864,CW776864
BY140484,BY461086
BW56474,BW56474
BL289201,BL289201
DP53871,DP53871
EL63862,EL63862
CC70702,CC70702
CW305020,CW305020
EH1074993,EH1074993
DN70134,DN70134
BZ53370,BZ53370
BY559697,BY559697
CW744397,CW1104648
AP76512,AP76512
BH15774,BH15774
DN150699,DN150699
AP93248,AP93248
CL45330,CL45330
BN472209,BN472209
CW994367,CW994367
DD95130,DD95130
EH792412,EH792412
CW891846,CW891846
DE240281,EH918513
CA117847,CA117847
AL90453,AL90453
BA6246,BA6246
DL254818,DL254818
BL384636,EH436021
EG13500,EG13500
BE33290,BE33290
EA48920,EA48920
DL179337,DL179337
BK46173,BK46173
CN81585,CN81585
BY578429,BY578429
CP17781,CP17781
EH647072,EH647072
CE44655,CE44655
CW580942,DX16309
AG44255,AG44255
CS8463,CS8463
AM92357,AM92357
DW2567,DW2567
CW924163,CW169058
BE162664,BE162664
AL312903,AL312903
AH6509,AH6509
EP61343,EP61343
BL361873,BL361873
BN150293,BN480292
CW703700,CW693492
CC50612,CC50612
DW68025,DW68025
DB180594,DB180594
BN397760,BN397760
CW905843,CW905843
BZ57096,BZ57096
BR185086,BR185086
DE292775,DE292775
EH1129067,EH1129067
CW999210,CW999210
DR50423,DR50423
EP97392,EP97392
CM53751,CM53751
BT5114,EH173778
BW39862,BW39862
EH940663,EH940663
BL314843,BL314843
EL3889,EL3889
DB150186,DB150186
BR151658,BR151658
CW1239275,CW1239275
CW875536,CW502597
BR39215,BR54694
BJ45113,BJ45113
CL60905,CL53023
AL100749,AL100749
AM71190,AM71190
BE424139,BE424139
EH1227916,EH1227916
EH823847,EH823847
BR192547,CJ95979
AN107144,AN107144
BH156812,BH156812
CW466921,CW466921
BE340997,BE80143
BR213226,BR213226
CW388855,CW326531
CW1046433,CW1046433
AN199986,AN199986
EH451154,EH451154
DB154677,DB154677
CE41999,CE41999
DX49582,DX49582
EH944704,EH944704
AL276069,AL276069
CN70278,CN70278
DD80134,DD80134
AL245661,AL243968
DT56102,DT56102
BN551540,EH1131226
EG61287,CL41408
EF15234,EF15234
BZ21651,BZ21651
DN143491,DN143491
CN11102,EH1301318
BN492169,BN492169
DL229012,DL229012
CW1110358,BN433976
EF139522,EF139522
BL510271,BL510271
DZ4735,DZ4735
AN158112,AN158112
DW61804,DW61804
EH943343,EH1118408
BN287550,BN287550
AS71365,AS71365
BN203079,BN203079
CC105004,CC105004
DB213144,DB249019
CW576170,CW576170
EH1131758,EH1131758
CM47114,CM47114
DN111718,DN111718
DT159322,DT137339
BY665395,BY665395
BE237754,BE366452
BN176126,BN176126
BP61799,BP61799
BB47056,DX24533
EH541969,EH541969
BL282470,BL282470
AN156561,AS26623
DS102387,DA19872
DD97463,DD97463
EF241308,EF241308
BN396090,BN396090
EH905492,EH905492
BF7485,BF7485
EM81905,EM81905
CW687547,CW934356
EH834175,EH834175
CZ108016,CZ108016
CM64712,CM64712
CE20439,CE20439
AP56366,AP56366
BL281242,AW104861
AL289876,AL289876
CW973104,CW973104
BL251990,BL251990
CW994425,CW489201
DW51775,DW51775
AG23353,AG23353
EG16721,EG16721
DR112030,DR112030
EN50080,EN50080
BY662802,BY662802
DD42554,DD42554
CW13093,CW13093
BP41474,BP41474
AW164926,AW164926
DD58768,DD58768
CW1086680,CW1081637
BY534647,BY534647
CW806102,CW806102
AL255898,AL255898
CW869383,CW869383
BR157679,BR157679
BE293467,BE293467
BY603686,BY603686
CW380081,CW380081
DW59971,DW59971
BN353873,BN353873
AN45025,AN45025
DS107065,CW902554
BE428516,BE428516
EH127607,EH127607
EH921187,EH921187
EH976404,EH976404
AW114871,AW114871
BR21528,BR21528
EP16820,EP16820
CW600583,CW1080726
AT26687,AT26687
CG122916,CG122916
DT116155,DT116155
AW153017,AW153017
CW668971,CW611634
EH180992,EH180992
EH1161845,EH867906
DD151619,DD151619
CN89975,CN89975
EH920935,EH920935
BL317233,BL472831
BH15900,BH15900
CW992165,CW992165
CE19466,CE19466
DN112473,DN112473
AD32018,AD32018
BY524537,BY524537
EH975323,EH975323
EH938446,EH938446
BZ7878,BZ7878
BY508701,BY508701
BL351450,BL351450
CW1142999,CW1142999
AT19013,AT19013
DR25938,DR25938
BL423289,BL423289
DR19866,DR19866
CL52234,CL52234
EF102446,EF102446
EH80639,EH80639
BY558806,BY558806
DE169295,DE169295
CK7458,CK7458
DE197124,DD22186
CJ81437,CJ81437
DT14451,DT14451
BH28338,BH25805
EG42738,EG42738
EF174673,EF174673
BR85092,BR85092
DX35455,DX35455
AW96921,AW96921
DT142215,DT142215
DL162038,DL162038
BN466132,BN466132
EH459637,EH459637
CW493783,CW695636
BM66768,BM66768
CP31058,CP31058
CW553798,CW553798
EG42247,EG42247
CW279566,CW1020731
BH152365,BH152365
DT147684,DT147684
CW1079137,CW1079137
CW931724,CW723281
CW470919,CW402143
DB315616,DB315616
EH697217,EH697217
AS81952,AS81952
BN352206,BN352206
CA130666,CA130666
BN464761,BN464761
ES22933,ES22933
BL317153,BL317153
EH974401,EH974401
DE289698,DE289698
EH142927,EH142927
AN96323,AN96323
AN12195,AN12195
CW676062,CW676062
BD129071,BD129071
CW187482,CW187482
BE47258,BE47258
BR170515,BR170515
EN37096,EN37096
CX19258,CX19258
BR125361,BR125361
BY39673,BY326816
AN95364,AN95364
CA78854,CA78854
EF19562,EF19562
CW377952,CW377952
CE38929,CE38929
AW70815,AW69618
EH774618,EH774618
CW565589,CW565589
BH157272,BH157272
BE57447,BE57447
CW71570,CW71570
DN11562,DN11562
DS71960,AT4706
CA3526,CA3526
BE382628,BE382628
EH1106808,EH1106808
BN530485,BN530485
CW356359,CW82326
BN78511,BN17841
BY436267,BY436267
DE287815,DE287815
BN405064,BN405064
AA7673,AA7673
EH870754,EH870754
AL199976,AL199976
CW703249,CW934140
EH1199248,EH1199248
AK52334,AK52334
DL194655,DL194655
CW590566,CW590566
AL340240,AL340240
AX8782,EN26644
EH786294,EH786294
EF205731,EF205731
CW633972,CW633972
EH584306,EH584306
BR67622,BR67622
DK38425,DK38425
CW1153017,CW1120699
EH773894,EH773894
DT138072,DT138072
CW3582,CW3582
AN162980,AN162980
BE421190,BE421190
EM93816,EM93816
BE219077,BE219077
CW1301526,EF200151
CZ85510,CZ85510
AL40149,AL40149
EM41683,EM41683
AM26241,AM26241
BD93837,BD93837
DD124840,DD124840
EL2657,EL5367
AL10689,AL10689
DK36523,DK36523
AH2191,AH2191
EM93748,EM93748
DB94354,DB94354
CW742384,CW864325
EH1190683,EH1190683
CE44499,CE44499
BE326707,BE326707
DR99579,DR99579
EH18759,EH18759
CW731374,CW745839
BE4243,BE4243
EH849369,EH849369
AL182946,AL182946
DD9326,DD9326
CJ9029,CJ9029
BZ39509,BZ39509
CJ126596,CJ126596
CW504185,CW504185
EH385193,EH745808
AM109151,AM109151
BY476697,BY476697
DZ45070,DZ45070
CW917983,CW917983
CW882313,CW1364499
DE255879,DE255879
CW885541,CW1340340
CZ40871,CZ40871
DW62780,DW62780
DE149238,DE154787
AK97670,AK97670
BL498643,BL498643
EH1089161,EH1089161
DL33829,BK57184
CW293624,BL361873
BY468986,BY468986
BZ3401,BZ3401
DL129280,BE156268
BN328680,BN328680
EL84034,EL84034
BY714183,BY714183
AF21754,AF21754
CW396483,CW566541
BE333289,BE333289
BY603834,BY603834
BH158599,BH158599
BL432917,BL432917
CA92406,CA92406
BZ7473,BZ7473
DZ3052,DZ3052
CJ8115,CJ8115
CW887565,CW807933
BY390903,BY390903
CW1065762,CW1065762
DE217323,DE217323
CW815982,CW815982
CW1061809,CW1061809
AN175764,AN175764
EH1002398,EH1002398
CW936854,CW936854
EG18761,EG18761
DR126931,DR126931
CW940563,CW995611
DE292450,DE292450
EH1204101,EH1204101
BN404498,BN404498
AN130998,EP64728
DN140859,DN140859
DL226681,DL226681
CW157193,CW157193
BS5055,BS5055
CW834490,CW792887
CM30379,CM30379
BE380190,BE380190
BR121420,BR121420
DZ44849,DZ44849
BY293195,BY293195
DX6978,DX6978
DN81264,DN81264
EH1077128,EH1077128
BY50644,BY50644
EH785082,EH785082
DB122012,DB124601
BN424618,BN424618
CJ41543,CJ41543
CW554828,CW321110
EF10776,EH8835
CA93122,CA93122
BL414216,BL414216
BR192583,AW104861
CW847245,CW847245
CW714887,CW832915
BN374434,BN395193
ED9033,ED9033
CW84798,CW318611
CW1104422,CW1104422
EH984260,DZ64710
AL26720,BG11024
EH1053106,EH1053106
BC55138,BC55138
BZ38927,BZ38927
CW139301,CW139301
AW190557,AW190557
BP55167,BP55167
EH1205146,EH1205146
EH578211,EH578211
DR90943,DR90943
DL188597,DL188597
EH463633,EH463633
AW177224,AW177224
CW105276,CW105276
AL47699,AL47699
CW917202,BY575226
CW106463,CW106463
CW113617,CW1336006
DD37933,DD37933
DA77123,EF95445
CB34928,CB34928
AZ13960,AZ13960
EH89147,EH89147
CW198851,CW617307
EH1070922,EH1070922
BZ13863,BZ13863
DB163626,DB163626
CK11129,CK11129
CW37942,CW15949
EF102190,EF102190
EH792902,BP39837
AG37296,AG37296
EH1034778,EH1034778
AL239368,AL239368
EH783584,EH783584
CW504833,CW276423
CW497726,CW957324
DY37929,DY37929
DK34654,DK34654
BR187259,BR187259
BR121028,BR121028
EH769913,EH769913
DE82932,CC82395
CW1032337,CW1050766
CW1242064,CW1242064
BE283865,BE283865
BE229972,BE229972
AW188570,AW188570
CW360783,CW360783
BL358132,BL358132
EH672144,BY471085
EH155773,EH401455
AK56723,AK56723
EH760957,EH760957
AE7274,AE7274
BL374846,BL374846
CJ105739,CJ105739
BB26396,BB26396
DX22042,DX22042
EH975952,EH975952
DL186759,DL136500
CW696645,CW696645
BY709721,BY709721
AL270068,AL270068
EH1007321,EH1007321
EH628019,EH628019
BN469440,BN469440
BR130951,BR130951
AL237577,AL237577
CG96618,AL173589
EF178700,EF178700
CR15712,CR15712
EL78874,EL78874
BE348918,BE298891
DT159541,BE174193
EH684555,EH684555
DN93180,BH145656
DE255656,DE255656
BY359114,BY359114
DP11302,DP26427
AG43854,AG43854
EH118361,BL8174
EH549224,EH549224
CN56667,CN56667
AN175581,AN175581
EH592895,EH592895
BN115249,BN61031
BY164424,BY164424
BR125481,BR125481
BZ48755,BZ48755
DD108047,DD108047
CW693187,CW1078855
DB178276,DB178276
AA129825,AA129825
DE287689,DE287689
BD105767,BD105767
CW13854,CW13854
EH170800,EH170800
BL365966,BL365966
CW510917,CW510917
BG40505,BG40505
BC54442,BC54442
BY549542,BY549542
CW806491,CW806491
CW372218,EF120086
CG139466,CG139466
DP31492,DP31492
CW443091,CW443091
BR48515,BR48515
BY671576,BC17339
BN477173,BN477173
BN323000,BN323000
EG39524,EG39524
BY293195,BY503779
CF8700,CF8700
AL96714,AL96714
BG39206,BG39206
BY694058,BY694058
BN404564,BN404564
CW626710,CW693611
CW190875,CW190875
CA18609,CA18609
DB42138,DB42138
BK38623,BK38623
CW708412,CW708412
AL109570,BL105450
BG52192,BY660092
CC98777,CC98777
CW137676,CW137676
CW267326,CW425068
BD105767,BD48945
ES9596,CC13387
DX53833,DX53833
EH1229535,EH1229535
EH629832,EH535597
CC95357,BY458246
AK75213,AK75213
BL454605,BL454605
DD149061,DD197664
CA47201,CA47201
AN152735,AN152735
BM20042,BM20042
CW927299,CW927299
CW49213,CW49213
CW202580,CW329810
BH186221,BH186221
BE38309,BE38309
CA19584,CA19584
BG40537,BG40537
BN224189,BN224189
CW951423,CW951423
DB17789,DB17789
BE312337,BE312337
CC139555,EH128532
CC134200,CC134200
EF4513,EF4513
BF14617,BF14617
CW302773,CW493553
CW625506,CW989185
DN118468,DN118468
DD24189,DD24189
AL312275,AL312275
EH822126,EH822126
EH462165,EH308441
BL445282,BL445282
CB44698,CB44698
BW56101,BW56101
BL240608,BL240608
BY336613,BY336613
EH873828,EH873828
DB231015,DB231015
BN493388,BN493388
AN14670,AN14670
CC120187,CC120187
BY573077,BY573077
CL63322,CL63322
EH1204999,EH1204999
AW186418,AW186418
BR40626,BR40626
DB132212,EH694714
CJ106607,CJ106607
DX5612,DX5612
EH1095164,EH1095164
DC25447,DC25447
BE257219,BE257219
ER20800,CJ162055
CW929041,CW929041
BN287863,BN287863
CW412987,CW412987
DR9312,DR69918
EH1230294,EH1230294
AL159611,AL159611
EH990146,EH374256
BY634619,BY634619
BD110424,BD110424
AK128103,AK128103
CW690925,CW188644
DX30588,DX30588
EH905541,EH905541
BE197897,BE298891
CG146477,CG146477
EH1102799,EH1102799
BN345882,BN345882
EH471387,EH471387
DD122838,DD122838
CW172601,CW172601
AL87707,AL87707
EH486970,EH486970
EB63809,EB63809
EH467972,EH467972
EM89938,EM112499
BB87393,BB87393
DB253507,DB253507
BH108190,BH108190
CW917187,CW917187
DX45461,DX45461
AK108477,AK108477
EF143314,EF143314
AP89721,AP89721
EG53162,EG53162
CW95650,CW121117
AL162419,AL162419
BB34733,CX17061
BE451468,BE451468
CW672174,CW672174
AP53646,CC13514
DG28127,DG28127
BP63311,BP63311
CN65045,CN65045
EP59166,EP59166
AN151205,AN151205
AP38980,CW609509
CW970595,CW970595
CW625149,CW625149
DA83989,DA83989
CG94432,CG94432
EH550936,EH571393
CW102382,CW102382
CW550426,CW770486
EH544545,EH544545
AA100490,DT100576
DX13014,BR157341
BL53768,AP2775
BL320867,BL320867
BE244332,BE244332
DB107949,DB107949
DN138434,DN138434
CW593947,CW593947
BH172289,BH172289
EH1097765,EH1097765
BN182583,BN182583
CW701269,CW701269
CW660310,CW660310
DL212552,DL212552
AL132849,AL132849
EH1005751,EH1005751
BL496954,BL496954
CW1052149,CW1052149
BE14019,BE14019
DE251452,DE253865
CW41488,CW170495
AM99262,AM99262
CD17779,CD17779
CW1317729,CW1317729
AW214792,AW214792
CW1158587,CW191082
AL274421,AL274421
AN122035,AN122035
CW114375,CW114375
AW161049,AW161049
AD13174,AD13174
BL384690,BL384690
CW339480,CW339480
EH749334,EH749334
AN116677,AN116677
AM107561,AM107561
CW404836,CW404836
DB137726,DB137726
DM32490,DM32490
EF19042,EF19042
BY549559,BY549559
CW522649,BL525888
BL409041,BL409041
BR126750,BR126750
BN444515,BN444515
BX20244,BX20244
EH976254,EH976254
DL173523,DL14815
BN500841,EH155303
EH1017349,EH1017349
EH730765,EH730765
BY572107,BY572107
CW145815,CW145815
DY13753,DY13753
DD125837,DD129129
EM10251,EM10251
CE27412,CE27412
DT135394,DT135394
CM76942,CM76942
AA156214,EH173590
CW980585,CW980585
EH135415,EH135415
BB77833,BB77833
BZ58790,BZ58790
CW688876,CW688876
DB128546,DB198571
CW259946,CW259946
CW233558,CW233558
EH646761,EH646761
BR153119,BR153119
CW728392,CW728392
CW959305,CW959305
BE337337,BE337337
BN225502,BN225502
CZ84264,CZ84264
BY583202,BY583202
BD129561,BD129561
BL440511,BL440511
EF150608,EF150608
BE366642,BE366642
CW790100,CW790100
DE238500,DE81835
CN59865,CN59865
AF7217,AF7217
EH1318829,EH1318829
BS10415,BS10415
CX17243,CX17243
EM96107,EM96107
CW861164,CW710109
EF156067,EF156067
DT133401,DT133401
AW162590,AW162590
CW192423,CW192423
AN121620,AN121620
AM55290,AM55290
AS80103,AS80103
CG128248,CG128248
BN415384,BN415384
BL338080,BL338080
DK23130,DK23130
EM19706,EM19706
AL231180,AL231180
CW707318,AN56295
DL194281,DL194281
BL294730,BL294730
AL181857,AL181857
BL459804,BL459804
EB22197,EB22197
DL236630,BL55001
AS53874,AS53874
BY650756,BY650756
CW1154002,CW1154002
EF123154,EF123154
BY657932,BY657932
EH637084,EH637084
CC49249,CC49249
DN67207,DN67207
BN265232,BN265232
CW704113,CW704113
AW45769,AW45769
DP24134,DP24134
CN78264,CN78264
DB220288,DB220288
CW583555,CW583555
BN439688,BN439688
EH1002036,AN108688
AL291342,AL291342
BE278610,BE278610
CW728739,CW614794
AK37505,DX12446
AY32419,AY32419
EF63463,EF63463
CW1105894,CW1105894
BD66572,EP24293
AP23421,AP23421
EH872235,EH872235
BY359759,BY359759
AL160099,AL160099
CP43031,CP43031
DL274358,DL274358
AK121425,AK121425
BN515775,BN515775
BD58123,BD58123
CW672869,CW672869
CJ148143,CJ148143
BL292013,BL292013
EP89950,EP89950
AK151121,AK151121
DS62176,DS62176
DN136120,DN136120
AN82929,AN82929
EL9403,EL9403
DM13008,DM13008
CW1325378,CW1325378
EH775327,EH775327
CJ143991,CJ143991
CW1273035,CW1273035
BM40772,BM40772
AB37531,AL326808
CW861063,CW861063
CW42098,CW718655
EH1178372,EH1178372
CW803355,CW803355
ER30060,ER30060
DS64056,DS64056
DW74786,DW74786
BM66686,BM66686
BL413983,BL413983
AL315954,AL315954
AA146838,AA146838
EH240290,EH240290
EH921809,EH921809
EM80788,EM80788
CJ180032,CJ180032
AL83773,AL83773
AD29329,AD29329
BN395455,BN395455
DB113951,DB113951
BL379155,BL379155
CM70519,CM70519
EH1023704,EH1023704
EF158467,EF158467
CB85467,CB85467
AS78450,AS78450
DB209901,DB209901
DE189274,DE189274
CW1183195,CW508586
EH342243,EH342243
CZ92444,CZ92444
CB60044,CB60044
AA149795,DB255364
CW1206815,CW1206815
AA199750,AA199750
DZ3052,DB13136
DE238741,DE238741
CW514435,CW44413
BY573677,DC24667
BB93181,BB93181
BZ10183,BZ10183
BL84746,BL84746
EH1074362,EH1074362
AA193727,AA193727
EF195694,EF195694
AL209065,AL123191
CR26430,CR26430
CW982014,CW982014
DL239548,DL239548
CJ23750,CJ23750
CW292892,CW292892
BL413419,BL413419
AN126055,AN126055
BY185692,BY185692
EG9029,EG9029
CW200228,CW121344
AW178039,AW178039
AL67069,DZ58640
CW769008,CW769008
AP69088,BN377845
CZ89714,CZ89714
BE305187,EH772456
CL60142,CL60142
DT153914,DT153914
EH1247202,EH1247202
CW197099,CW537258
EH1239378,EH1239378
CW498271,CW498271
CW925338,CW925338
BZ27289,BZ27289
EH882839,EH624604
EH944714,EH944714
BJ41957,BJ41957
DD114465,DD114465
DB114566,DB114566
BN37285,BN37285
CW728326,CW728326
CW891312,CW255161
CW898163,CW898163
BL412839,BL412839
DR2859,DR2859
DN118128,DN118128
EH1097950,EH1097950
EM123193,EM123193
DG40185,DG40185
CW892121,CW892121
AL341079,AL341079
DR75954,DR92849
CW887801,CW887801
CT17386,CT17386
DL217262,DL217262
EL51926,EL51926
BH139867,BH139867
EF21737,EF21737
BN170301,BN37262
CW874502,CW874502
DB255253,DB255253
CZ47834,CZ47834
AL149644,AL143692
CH26727,CH26727
CW53420,CW53420
AW71879,AW71879
CJ17697,CJ17697
DB221507,DB221507
BE198582,BE198582
EH766986,EH766986
EH1250777,EH1250777
AN164779,AN164779
AL272363,AL272363
BL447965,BL447965
ED18854,CB23662
EH816813,EH816813
DR9960,DR9960
BE142587,BE142587
CW859082,CW859082
AL258752,AL258752
BJ39615,BJ39615
CW800133,DL130739
CW1317025,CW1317025
CW1123572,CW1123572
AL31300,AL31300
BY442127,BY353476
CL51529,CL51529
AX50415,DX67653
CW68447,CW109809
CW868761,CW868761
CW1301526,CW1173415
CW554828,CW739134
AL135279,AL135279
EF216975,EF216975
DE223118,DE223118
DA116033,DA116033
DD100573,DD100573
CW382152,CW181469
CA99497,CA99497
DG47000,DG47000
ER33208,ER33208
CW533319,CW1264313
CR25307,CR25307
EH827052,EH827052
BZ20393,CW673114
BL470332,BL470332
DE276780,DE276780
BH129598,BH129598
CW901411,CW901411
CA25081,CA25081
EM104516,EM104516
DH59346,DH59346
BW35326,BW35326
BE409224,BE409224
BH121565,BH121565
CW698027,CW586194
EM46329,EM46329
AW58384,AW58384
CE28172,CE28172
CB55611,BR145810
BM54613,BM54613
AL236862,AL236862
AN35901,AN35901
DZ52641,DZ52641
EH846821,EH846821
CW1294762,CW881349
CC85993,CC85993
CW799778,CW767536
CW29306,CW1349199
CY21718,CY21718
DB160978,DB160978
AA172275,AA172275
DL203598,DL203598
DL215117,DL215117
CW765740,CW765740
BM6593,BM6593
EH438274,EH438274
EH56378,EH56378
BZ35327,BZ35327
AD30812,AD30812
CW598314,CW598314
BY419247,BY419247
DT169061,DT169061
EH1124557,EH1124557
EH818462,EH687773
EH1205003,EH1205003
DZ32098,DZ32098
EH950912,EH868352
CC102257,CC102257
DR110342,DR110342
EH783528,EH783528
DG34011,DG34011
BE361159,BE361159
CW139536,CW218882
BE169999,BE169999
BL354174,BL354174
EH268412,EH268412
CW891640,CW891640
DS89278,DS89278
DE54963,DE162576
EH472020,EH472020
BL306915,EH845311
CH40611,CH40611
AB44209,AB44209
CN46738,BN12655
EM111417,EM88935
CW499405,CW339650
CG163221,BX12624
BY360103,BY390281
CB84931,CB84931
EJ12102,EJ12102
BD78790,BD78790
CW513037,CW513037
AL12109,AL12109
EH284218,EH284218
EL90556,EL90556
BY391376,BY391376
EH1248870,EH1248870
CA6921,CA6921
BE266085,BE266085
AN31903,AN31903
EH444603,EH444603
CW537831,CW537831
EH603758,EH603758
CW120696,CW1272482
EH625137,EH625137
DN120081,DN120081
AH5864,AH5864
CG39649,CG39649
DR58642,DR58642
BZ18482,BZ18482
CW967356,CW564407
AL235426,AL235426
CC48340,CC48340
AL91077,AL91077
BJ25609,BJ25609
DB197194,DB197194
CW166748,CW166748
DE308251,DE308251
DL171651,DL171651
AM62502,CN79629
DR74493,DR74493
DW47150,DW47150
BD16943,BD16943
ER39429,ER39429
DB74599,DB74599
CW940438,CW1205318
CA2193,CA2193
BL417279,BL417279
DR102522,DR102522
AN210631,AN210631
EH1212303,EH1212303
AA23916,AA23916
EH464245,EH464245
EP98268,EP98268
CW640036,CW640036
CW770137,CW770137
CW764258,CW764258
BP48769,BP48769
BC54474,BC54474
CW787306,CW787306
BR223949,BR223949
EM26481,EM26481
BJ33189,BJ33189
EH1075521,EH1075521
BE446221,BE446221
EJ15384,AA187226
BL427874,BL427874
DS56178,DS56178
DB243317,DB243317
EH583971,EH557660
DL133101,DL133101
EH895673,EH895673
DB189161,DB206373
CN57387,BR122736
CW803097,CW803097
DL247743,DL247743
AL245561,AL245561
DB134119,DB134119
BD96475,BD96475
DF16086,DF16086
EH1054729,EH1054729
AG35571,AG35571
CX13766,CX13766
DW9870,AK163225
CK13327,CK13327
CW274234,CW241655
DD152570,DD152570
AL146580,AL146580
BN40295,BN198277
CW989241,CW989241
AL234194,AL234194
AB29353,AB29353
EH916139,EH916139
EH1203342,EH1203342
BP50015,BP50015
CW321110,CW539837
CM52116,CM10202
AW175488,AW175488
BL449210,BL449210
DL189909,DL189909
CZ98389,CZ98389
EH826851,EH826851
AA24825,AA105173
CA20258,CA20258
BL369883,BL369883
CW1035801,CA117091
EH540393,EH540393
DT11000,DT11000
EM96304,EM96304
BN406175,BN406175
DD130331,DD130331
EH1121041,EH1121041
ED46032,ED46032
DD211550,DR38704
BY601454,BY601454
BB2386,BB2386
DN113163,DP42294
DB299056,DB299056
BY739280,BY739280
CY31807,CY31807
BR97291,BR97291
BN417068,BN417068
CW179667,CW120696
CW615020,CW615020
AA63867,AA63867
AS60394,AS60394
DX26963,DX26963
EM113267,EM113267
BL377608,BL377608
CW941352,CW941352
AN98282,AN98282
DA118285,DA118285
CW1046466,CW218873
CW70302,CW70302
AN187860,AN187860
BE14258,BE14258
CG96618,DE288714
EH940510,EH789410
CW1060867,CW1060867
AW117879,AW117879
BB67558,BB67558
BN422396,BN422396
CW927077,CW927077
CW734328,CW486815
CM71761,CM71761
EH769447,EH769447
CT54032,CT54032
CJ131151,CJ131151
BN257043,BN257043
CW924564,CW924564
AA160030,AA160030
BE267348,BE267348
CW1053338,CW1053338
EH697413,EH697413
DD145581,CW1173415
EH1200727,EH1200727
AX36681,AX36681
CW211146,CW516330
AK80048,AK80048
CW110264,CW149541
BE190626,BE190626
EF152452,AW65944
BE342996,BE342996
CW264584,CW266247
BE367945,BE367945
EH325311,BY719837
BL330121,BL213777
AS25357,AS25357
DN106804,DN106804
AL293977,AL293977
DT128918,DT132103
EH894317,BG48744
CN78334,CN78334
BR177051,BR177051
AN46311,AN46311
BR196653,BR196653
DB248834,DB248834
BE108724,BE121793
EH470465,EH470465
ER36319,ER36319
EH1023385,EH1023385
EH1058690,EH1058690
BL113198,BL113198
CZ81313,CZ81313
CW1065762,CW498346
EK17275,EK17275
BG55365,BG55365
BP55227,BP55227
DB263907,DB255364
CA124912,DT62982
BL374487,BL374487
CW609569,CW609569
DN100329,DN100329
CH39279,CH39279
DF14541,DF14541
CW373805,CW438848
EH248677,EH218906
DB205418,DB205418
DS122369,DS122369
AL222134,AL222134
DD159180,DD159180
DP39712,DP39712
AB30417,AB30417
BY672966,BY672966
DE40722,DE6613
BL434954,DP41930
EH887272,EH887272
EG23316,EG23316
AW120883,AW120883
CW526770,CW526770
DT166698,DT166698
CJ115825,CJ115825
EH831843,EH831843
DR35985,DR35985
EL67663,EL67663
BL301591,BL301591
EH905227,EH905227
CN66166,CN66166
BM50257,BM50257
EH755518,EH755518
DL257349,DL257349
DZ65358,AS78733
AA130238,AA197072
DB12116,DB12116
EH1204689,EH1204689
EH878143,DE254102
BC49008,BC49008
EH1012248,EH1012248
BE289372,BE80437
AN132758,AN132758
CW786535,CW786535
EH981678,EH981678
ED21799,ED21799
AT20417,BY210988
AL21556,AL21556
CP45066,CP45066
AZ16394,AZ16394
AL22485,AL22485
BH137229,BH137229
CW955524,CW359718
CW872988,CW872988
AN85314,AN214341
AK4734,AK4734
BE208635,BE4187
BE231185,BE231185
AL303170,AL303170
CW1279585,CW1279585
EH828885,EH828885
DT106331,DT106331
CP39084,CP39084
EH913278,EH913278
DD124528,DD124528
BC28013,BC28013
CW382551,AN130384
EF142300,EF142300
BN466680,BN466680
CW647971,CW647971
CW1002291,CW1002291
CH46855,CH46855
DA111398,EH1091989
AG40217,AG40217
CW1194516,CW1194516
BY594637,BY594637
EH657658,EH657658
EH666659,EH666659
BE94515,BE94515
CW608300,CW608300
AW97330,AW97330
BN488906,BN488906
CW1066928,CW1066928
CW1061591,CW1061591
BE424024,BE424024
CW336388,CW336388
CW955018,CW955018
EH1205251,EH1205251
EP83947,EP83947
DK39602,DK39602
BE187931,BE307040
BY629049,BY629049
DL213238,DL213238
BR132731,BR132731
BE242805,BD111082
AL84694,AL84694
EF114901,EF114901
BW47435,BW47435
DL223468,DL57250
DZ8672,DZ8672
EH318389,EH571393
DB271875,DB271875
BE355828,BE355828
BL326326,BL326326
DX23376,DX23376
BN425055,BH163532
EK21037,EK21037
CD21528,CD21528
CM68557,CM68557
CW715702,CW715702
EH602501,EH602501
AW83084,AW83084
AA178284,AA178284
DW58091,DW58091
AA207501,EA37018
BE288797,BE288797
BE370948,BE370948
AK64220,AK64220
AY27993,BL342084
BN153859,BN153859
CG12765,CG12765
BL229462,BL229462
BL358796,BL358796
BE453839,BE453839
AP73912,AP73912
CW252040,CW231806
BY730946,BY730946
EH19436,BL27952
AB17607,AB17607
CW1140326,CW1301526
EH1271446,EH1271446
AW81049,AW81049
BE315682,BE315682
CG111160,CG111160
AA124376,AA124376
BC66587,BC66587
CW1274608,CW1274608
BN423092,BN423092
BC56826,BC56826
AH18260,AH18260
CW1138640,CW1138640
BL317096,BL317096
CW102115,CW151254
BY620105,BY620105
EH741121,EH1205146
DE310141,DE310141
EH326625,EH326625
AW172606,AW172606
DB163119,DB163119
EH580217,EH580217
AN49938,AN49938
AH18033,AH18033
EA13555,EA13555
BH79396,BH79396
BE334193,BE333041
EH640609,EH640609
DT137453,DT137453
DZ55752,EH827821
EH533627,EH533627
EH1013034,EH1013034
DT111526,DT111526
AA85510,AA60045
BR168956,BR168956
BR139816,BR139816
DB248050,DB206231
EH681434,EH681434
AM89332,DD201553
EH1056091,EH1056091
DP36515,DP36515
CW955524,CW955524
AW87017,AW87017
DA104899,DA104899
EH701294,EH701294
BE274456,BE274456
EH1008757,EH1008757
EH650894,EH650894
AF26402,AF26402
CM67277,CM67277
BL402703,BL402703
DG39960,DG39960
DN99249,DN99249
BH107320,BH107320
AL166383,EH911500
AL278949,CA73956
DX47734,DX47734
AS65040,AS65040
AL289239,AL289239
EH859195,EH859195
EF34334,EF34334
AS51711,AS51711
EH771812,EH771812
DB66444,DB66444
CW757816,CW641039
EB62140,EB62140
BT4012,BT4012
BL439267,BL439267
CW347825,CW83972
EH1021093,EH1021093
CW650275,CW623571
EF2863,EF2863
BE336405,BL416577
EH706506,DE230560
CJ163090,CJ163090
EH387120,EH487011
DH46940,DH46940
EH1055993,EH1055993
DA31794,DA31794
BE212141,BE212141
EH773789,EH773789
AL249025,AL209818
EN35764,EN35764
CW854308,CW967356
CB60131,CB60131
DR25313,DR25313
EH636840,EH636840
BY355774,BY355774
CW618471,CW658230
EH223245,EH252403
AN18697,AN18697
DR101303,DP41742
DB235482,DB235482
CM16226,CM16226
CS15011,CS15011
EH970467,EH970467
BL328052,BL407533
AX24393,AX24393
BY545789,BY545789
DE241259,DE244411
CW845499,CW845499
CT38635,CT38635
CW756354,CW756354
CW597463,CW597463
BG3268,BG3268
CW756039,CW756039
EL95169,EL95169
CW491034,CW1248159
DT6481,DT6481
CY28739,CY28739
CC93176,CC93176
DL227853,DL227853
BY543875,BY514246
BE454848,BE454848
BR138573,BR138573
CW438446,CW84798
AR2202,AR2202
DB176418,DB218497
BY325841,BY325841
CW72602,CW72602
DD28884,DD28884
CW120696,CW120696
CN72866,CN72866
CC85181,CC85181
CW208368,CW208368
CG3109,CG3109
CN89942,CN89942
CW642340,CW642340
DB256213,DB145336
CW897964,CW897964
EH109604,EH109604
BE94541,BE94541
AW181987,AW181987
BZ23179,BZ23179
AN171970,AN171970
EH1218131,EH1218131
CW370361,CW882004
BR186348,BR186348
AA206315,AA206315
DX59428,DX59428
AL167943,AL167943
CW134973,CW134973
CW954387,CW954387
CW471541,CW471541
EH818141,EH818141
CW182270,CW182270
EH577238,EH577238
EH1238995,EH1238995
AA168958,AA168958
EH1251752,EH1251752
BR134325,BR134325
CW128861,CW63905
CT43347,CT43347
EH537176,EH537176
BY40368,BY174548
CW518470,CW499362
CW303663,CW961227
CW794847,CW794847
DB35550,DB47852
DG21307,DG21307
CW619004,CW619004
DR114254,DR114254
AL102152,AL102152
CC94771,CC94771
EH815527,EH815527
BY149786,BY149786
CW639626,CW173656
BP66967,BP66967
BE253814,BE253814
BL384403,BL384403
CA93483,CA93483
EH525872,EH525872
AR15319,AR15319
BN390229,BN390229
BL269986,BL269986
CW77554,CW141175
BY537852,BY537852
EH906916,EH906916
EH42424,EL20347
BE324513,BE324513
CA108540,CA108540
CW290677,CW1017319
CW873611,CW873611
AK62929,AK62929
BR160900,BR160900
DA101614,DA101614
CW1196378,CW1196378
CA123739,CA123739
DB225078,DB225078
BM13339,BM13339
CM30312,CM30312
CZ99035,CZ100866
CW933706,CW933706
CW180744,CW1328943
CW826683,CW834472
DL214825,DL214825
CL53467,CL53467
DN19874,DN24868
CJ87254,CJ87254
CW313962,CW455472
EF158895,EF158895
AG34632,AG34632
BL354827,BL354827
AG46111,AG46111
BN349276,BN349276
BN441738,BN441738
DD167018,DD167018
EH395762,EN28794
CW478601,AN130574
CC18659,CC26841
DB210301,DB210301
CW172348,CW172348
BZ31885,BZ31885
BN5359,BN15627
CY31930,CY31930
BR55993,BR55993
BY371350,BY445177
CW629458,CW629458
EH574357,CH33580
EH968689,EH968689
EF168660,EF168660
BY187154,BN216283
BY344273,BY365786
BE314767,BE314767
DR92419,DR92419
DN98339,DN98339
EH785539,EH785539
AL189245,AL189245
CW38003,EF148690
AN174042,AN174042
EH917322,EH917322
DX50551,DX50551
EH826811,EH95175
BE432184,BE432184
EH592393,EH759330
EH1248358,EH1248358
CY21792,CY21792
BN400984,BN400984
BN70714,BN70714
DT72028,DT72028
BE143895,BE2933
CW1196594,CW1196594
AA167561,AA167561
EM131803,EM131803
BY560602,BY560602
AL19107,AL19107
CW103980,CW103980
BG9679,BG9679
EH78606,EH78606
BH21706,BH21706
AA122847,CA92228
CW940438,CW1359143
EH368015,EH368015
CW381011,CW381011
BY429713,BY429713
EH636350,EH219480
BL475477,BL475477
AJ9940,AJ9940
EH1123792,EH1123792
BR145810,BR145810
BL396277,BL396277
BE349020,BE349020
BZ27905,BZ27905
EM11039,EM11039
CW398377,CW168880
DD214188,DD214188
CW990278,CW990278
EP23672,EH542520
BL418823,BL418823
EF143445,EF143445
CW498346,CW964158
EF60488,EF60488
BN433976,DW66064
CA133888,CA133888
DL170936,DL170936
EH606867,EH606867
EM18530,EM18530
CW984393,CW984393
BY8278,CN93113
EH923944,EH923944
EG58941,EG58941
EH520221,EH520221
DE299140,DE299140
EH1315801,EH1315801
DB265332,DB102119
EH973021,EH653858
CW861551,CW861551
AM76698,AM76698
CW1245950,CW1245950
DX56922,DX56922
DE186891,DA19872
CC147049,CC147049
DR6341,DR6341
BE442065,BE445019
CW596989,CW581974
BN213493,BN213493
CW908715,CW908715
BL408602,BL408602
AL314408,AL239159
BN316291,BN248382
BN473179,BN51456
CW887927,CW887927
BB91640,BB91640
DA93886,DA93886
CW484699,CW484699
BL407533,BL407533
AA142603,AA142603
BY648847,BY648847
DB33498,DB9200
EH901219,EH377055
BN196095,BN196095
EH463956,EH463956
AL350345,CW1003810
AK97154,AK97154
DE270333,DE310141
CW611059,CW611059
DE278215,DE278215
BN236918,BN236918
AL75600,AL75600
DD192134,DD192134
DZ44174,DZ44174
CJ176244,CJ168447
DR61776,DR61776
CN65312,CN65312
CM15283,CM15283
EH667466,EH667466
AN187721,AN187721
CW894539,CW61943
EH1317302,EH1317302
EM79350,CJ113844
BH152282,BH152282
BL356057,BL356057
BE390591,BE390591
CD30433,CD30433
EH595255,DE282257
CB79537,CB79537
BE348649,BE348649
CW60741,CW171911
EF111174,EM80522
AT5677,AT5677
DX58317,DX58317
DE283463,DE283463
CM43677,CM43677
CW655735,CW655735
BL367126,BL367126
CW1309486,CW1309486
EL3166,EL3166
DT44981,DT44981
CW531371,CW531371
DX36487,DX36487
AN143105,AN143105
EF191710,EF191710
CW1146730,AN134973
EH447852,EH447852
CW854308,CW564407
BE355548,BE355548
CW678785,CW836518
EH600117,EH351652
BL282743,BL282743
EM134866,EM134866
AW161956,AW161956
EH1145495,EH1145495
BY372455,BY372455
AG41910,AG41910
DA106484,DA106484
AW204396,AW204396
AM53014,BL259596
DB245085,DB245085
AL343307,AL343307
EH541057,EH541057
DP37278,DP37278
EH1146060,EH1146060
DL15823,DL53121
CR2776,CR2776
CW1019962,CW469837
BH84257,BH84257
BR164091,BR164091
DB289867,DB289867
CM67439,CM67439
BM13466,BM13466
CW1256549,CW1256549
BH166284,BH166284
BC38173,BC38173
CW1064993,CW1064993
EH1089142,EH1089142
CW602946,CW602946
BH111789,BH7887
AN151912,AN151912
CW1189818,CW1189818
DE122428,DL134548
CG80220,CG80220
BN401165,BN401165
EG18761,EG53601
BE336181,BE336181
AX59002,AX59002
CW29649,CW29649
CA18460,CA18460
CM59266,CM59266
BY417965,BY417965
DT56091,DT56091
EH1031756,EH1031756
CW1019452,CW1110498
DZ60033,DZ60033
CW470795,CW597388
BN334056,BN334056
AE9134,AE9134
EH1070005,EH1070005
CW221417,CW221417
ED37829,ED37829
DB220670,DB220670
DB221061,DB221061
DB173999,DB173999
CW842498,CW842498
EH535597,EH535597
BE245843,CW690720
EH385454,EH385454
BN9703,BN9731
EF220460,EF220460
BM47474,BM47474
AP66226,AP66226
DL211397,DL211397
DL200299,DL200299
BY558125,BY558125
DT33479,DT33479
BN429126,BN429126
BH6940,BH6940
BE306911,BE306911
EH525116,EH525116
BY525772,BY525772
AA60261,DE127114
AW70815,DE62670
DB24253,DB24253
BP57000,BP57000
BY491340,BY491340
CW751145,CW751145
DC3906,DC3906
BL473799,BL473799
EH864254,BA14628
CW1014596,CW1014596
CT2205,CT2205
BY542046,BY542046
BG31785,BG31785
BR185329,BR185329
CJ155039,CJ155039
DX58995,BD119725
EH1007713,EH1007713
EH671137,EH671137
DA48356,DA48356
DL175572,DL175572
DE270333,DW69128
BN393858,BN393858
DB252339,DB41535
DZ58075,DZ58075
DB178276,CW682191
EF210204,EF210204
AL170140,AL94788
BB62026,BB62026
BB46555,AL211008
AL323842,AL323842
DZ31302,DZ31302
EB61356,EB61356
DD199478,DD199478
DE279056,DE279056
DB14870,DB14870
DE201984,DE201984
DH50085,DH50085
CW765768,CW765768
AX40335,AX40335
DW61772,DW61772
CZ45818,DL149326
EF129422,EF129422
AL209065,AL188352
CW498607,CW1054305
CW1294495,CW1294495
BL156672,BL156672
EF34675,EF34675
CW1329149,CW1329149
AB13429,AB13429
EH972513,EH972513
AM96633,AM96633
AL257110,AL257110
CW1091965,CW1008596
EL9121,EL9121
EH667776,EH667776
BL316255,BL316255
DE299530,DE299530
BY398893,BY398893
CW898679,CW898679
AM89725,AM89725
AL122717,AL122717
BK33255,BK33255
CZ66462,CZ66462
BR193169,BR193169
CW103454,CW103454
CG96986,EP64728
BL187349,BL187349
CW1237502,CW1237502
CW932636,CW932636
BN251947,BY140695
DR69423,DR69423
CW908541,EH746892
BE333883,BE333883
BN481334,BN481334
DN116478,DN116478
BR163448,BR163448
CW695636,BY549105
EJ23951,DN134266
BY617647,BY617647
CW956644,CW551054
BR193001,DD90591
BC38722,EH868352
EH1128173,EH1128173
AL112630,DH51487
BY335780,BY335780
DR12238,DR12238
DE239037,DE246590
CW210990,CW210990
EC8174,EC8174
EM83691,EM83691
DN125071,DN125071
CW1094344,CW1040764
BE350152,BE350152
AN45339,AN45339
CW812001,CW812001
AW46886,AW46886
BE302593,BE302593
DW30915,DW55215
DH33464,DH33464
DT107472,DT107472
EH1095536,EH1095536
CW462834,CW462834
CW718565,CW718565
AN182425,DH42751
AL65338,AL65338
AB36132,AB36132
BL339219,BL339219
DH40921,DH40921
AN163133,AN163133
CJ132485,CJ132485
CW766415,CW766415
CW459482,CW459482
BL348092,BL348092
BD44032,BD44032
AS89500,AS89500
BL243284,BL243284
CJ139338,AK57613
DZ42299,DZ42299
BY555317,BY555317
DE290120,DE290120
EP10003,EP10003
DE219870,AA176552
EF98137,EF98137
EH860065,EH264858
EH823980,EH823980
EP28625,EP28625
CW1113810,CW1113810
CW701555,CW701555
BL379293,BL379293
EM83860,DB321153
BD114826,BD114826
BY581373,BY581373
AM26918,AM26918
CW268975,CW268975
DL254160,DL254160
BN308262,BN308262
EF230371,EF230371
EH1298996,EH1298996
EF181073,EF181073
CW785445,CW785445
CA140576,CA140576
CW800628,CW800628
EH701371,EH701371
CW857414,CW857414
EJ14660,EJ26116
BK4411,BK4411
DB323211,DB323211
EB14833,EB14833
DK3969,DK3969
CW1068426,CW1068426
AE34563,AE34563
BL479043,BL479043
EH461553,EB63892
EH1030978,EH1030978
BM28753,BM28753
DE256749,CL57158
EN47357,EN47357
DR116616,DR116616
EN57534,EN57534
DA110093,DA110093
EH621634,EH621634
AN158923,AN158923
DE289348,DE289348
EH955921,EH955921
BY578998,BY578998
DH47841,DH47841
CW1293976,CW1110498
CW132284,CW132284
CW376273,CW1071747
EP47116,BR122736
CW814320,CW814320
DT64203,DT64203
EM46448,EM46448
EH1279233,EH1279233
EH103270,EH103270
CW511230,CW72702
BE288248,BE288248
EM107933,EM107933
CW1010645,CW1010645
BR164078,EL31580
DS76422,BL135359
DB203923,DB203923
DX49389,DX49389
AA165130,AA165130
CW828450,CW998496
CW86414,CW551581
BM56706,BM56706
BE299453,BE299453
CW799295,CW799295
CW902869,CW902869
CN25295,CN25295
BW60168,BW60168
CW511357,CW511357
EF175947,EF175947
EH921072,EH921072
AL219729,AL219729
BL397538,BL397538
CJ47597,CJ47597
ER31732,ER31732
EH706887,EH706887
DR97276,DR97276
DB272473,DB206004
DH58307,BL182975
DW45345,DM33506
CW1039585,CW469464
EH67791,BK35687
BZ14693,BZ14693
DE327629,DE327629
AJ42533,AJ42533
BL369102,BL369102
DR106049,DR106049
BH125366,BH125366
AP61290,AP61290
DX41405,DX41405
BL240837,BL240837
CW694334,CW694334
AL144940,AL144940
EB71611,EB71611
AG20175,AG20175
CG97595,CG63733
CW601868,CW601868
CW1120041,CW1120041
BH148183,BH148183
AB7040,AB7040
BY545414,BY379130
EH820936,EH820936
BR45751,BR45751
BC8515,AN16109
AG48139,AG48139
EM89795,EM112499
AM13487,AM13487
BY577509,BY577509
CW921186,CW921186
DB217320,DB217320
DX38494,DX38494
BY359640,BY442965
AX6256,AX6256
BN456154,BN456154
EH405553,EH405553
EH824912,EH824912
BN489152,BN489152
CW863110,CW863110
CW801559,CW801559
CW44232,CW41435
CW201939,CW340220
CB52333,CB52333
BN11628,BN62895
BE232182,BE232182
CN67169,CN67169
AJ41125,AJ41857
BL435580,BL435580
AL20377,AL20377
BR119537,BR141123
DB220828,DB220828
EB79450,EB79450
CW1015875,CW1015875
CR23724,CR23724
BD132156,BD132156
EF28215,EF28215
AE15651,AE15651
BN135163,CL33042
AK119558,AK119558
DL109942,DL109942
AL193127,AL193127
EH593653,EH593653
CW1059593,CW1059593
CW1322215,CW1322215
DE291098,DE291098
BN410335,BN410335
AN30348,AN30348
DE274205,BK39505
BG12556,BG12556
AN17936,AN17936
AL314408,BY532055
CW836063,CW836063
BL262611,BL484612
DT156955,DT156955
CW543117,DE149402
CW59862,CW59862
BH106649,BH106649
BR185197,EH935462
DA107572,DA107572
BY362636,BY308204
EM86184,EH834120
DT51379,DT51379
AZ17718,AZ17718
BE316044,BE316044
BR134333,BR134333
DD156654,DD156654
BY201004,BY201004
CM22732,CM22732
DL179565,DL179565
CW233208,CW272965
EH571601,EH571601
CW349582,CW349582
BM12375,BM12375
CJ142240,CJ142240
EN3408,EN3408
BL403945,BL403945
CW968950,CW968950
CW1211839,CW1211839
EH568597,EH295438
BL374100,BL374100
BL452570,BL452570
CW187691,CW187691
BE46713,BE46713
CH60476,CH60476
DR108851,DR108851
BL456896,BL456896
EF176854,EF176854
AP81632,AP81632
EH1222223,EH1222223
DN129124,DN129124
EH1217280,EH1217280
BR123369,BR123369
DA84773,DA84773
EH984260,EH984260
BY167586,BY167586
BY618651,BY618651
DL77575,BY146139
BN412444,BN412444
BL255511,BL255511
CW863404,CW863404
AL156525,AL156525
AL199227,AL199227
CA7407,CA7407
AG29617,AG29617
BN353084,BN353084
DR17467,DR17467
BL319243,BL319243
BY745273,BY745273
EH612827,EH612827
EH611360,EH611360
CJ103894,CJ103894
BY526187,BY526187
EF190587,EF190587
DS100780,DS100780
BL441188,BL441188
BL404601,BN474709
BL398778,BL398778
CW484249,CW484249
DH10636,DH10636
BH11736,BH11736
DA85191,DE254102
AW40204,DB278300
ED5164,ED5164
EH475065,EH475065
EM47108,EM47108
BN355707,BN355707
BR123230,BR123230
BE351963,BE351963
DY38585,DY38585
ER25097,ER25097
CW750434,CW717772
EF24027,EF24027
BN447998,BN447998
AC4178,DA54952
BE30755,BE30755
EH112399,EH112399
CW631423,CW631423
AA173335,AA173335
DK29423,DK29423
CW79224,CW71178
EH753133,EH753133
BY401045,BY449442
EA31158,EA31158
BL294017,BL294017
AW146568,AW146568
AL84567,AL84567
CW870055,CW870055
CW207412,CW1210527
DB208515,DB208515
CG172888,CG172888
EH146517,EH146517
EH1178298,EH1178298
DT106904,EF126293
BL401294,BL401294
BN440370,BN440370
BN376514,BN376514
BE285052,BE285052
CG105044,CG105044
BY549081,BY78292
EP24514,EP24514
BD100142,BD100142
EH160170,EH160170
DR55623,DR55623
BR3981,BR3981
AM44629,AM44629
DN123794,DN123794
CZ87000,EN55841
CA135770,CA135770
BY520349,BY541395
AW66077,AW66077
CW438446,CW897541
AL189903,AL189903
DB177250,DB289026
CL15194,CL15194
CZ33165,CZ33165
DA46429,DA46429
DB199069,DB199069
EH805342,EH805342
CG110192,CG110192
BY379089,BY291144
AL58064,AL58064
AN50942,AN50942
AN113170,AN130370
CW1110358,EF165447
CW944580,CW944580
DB324857,DB324857
CC90456,DB221071
CW1031471,CW1207388
BH110165,BH110165
CW931483,CW931483
DT18340,DT18340
CA99367,CA99367
AW178188,AW178188
BN181119,BN181119
EH112975,EH100173
AX54478,AX54478
EA46121,EA46121
BB3009,BB3009
BN407417,BN407417
BL458457,BL458457
EH893365,EH893365
CS17706,CS17706
EN64954,EN64954
CW1299686,CW1299686
CN40817,CN40817
BL511637,BL511637
CJ143952,CJ143952
DR63631,AS62609
DL214825,EH878942
BY729362,BY729362
DL217800,CS30949
BR37177,BR37177
DK30094,DK30094
EF193369,EF193369
BB101917,BB101917
EF241970,EF241970
DD40454,DD40454
BE303618,BE303618
BN35633,BN35633
EP33385,EP33385
CW338366,CW268888
CL47271,CL47271
DE201540,DE201540
DR9187,DR9187
AN144873,AN144873
CA124726,CA124726
CW1039910,CW1039910
EH485559,EH485559
AJ34374,AJ34374
DR137732,DR137732
CC141129,CC141129
CG46814,CG46814
CW884055,CW884055
CW765773,CW765773
EH769221,EH769221
BL359205,BL359205
DB209959,DB209959
AL245572,AL245572
EH1127186,EH1127186
EH652561,EH652561
EH863924,EH863924
AL309095,AL309095
AG34540,AG34540
DD184370,DD184370
BE198995,BE198995
CW770509,CW770509
BL400785,BL400785
BC55274,BC55274
BB88998,BB88998
EH805751,EH805751
CR20714,CR20714
CS29313,CS29313
BD134158,BD92079
DK30575,DK30575
CW1064027,CW1064027
DG42283,DG42283
BR149251,BR149251
BY85378,BY276493
CM54054,CM54054
CC43127,CC43127
AA106582,DA52637
EH1121476,EH1121476
AD30539,AD30539
EH1206242,EH1206242
CW40527,CW40527
CW675124,CW675124
DL195862,DL195862
AS90674,AS90674
BE222886,BE222886
EH1054911,BY626514
AN159237,AN106361
EF199460,EF199460
BR38006,BR38006
BL397815,BL397815
AM92376,AM92376
BL266929,BL266929
EH1058050,BK37293
AW59010,AW79702
BE276062,BE276062
CW1035316,CW1035316
DP37142,DP37142
EH1056658,EH1056658
EA15353,EA15353
BR161040,BR161040
BY470950,BY470950
DR118244,DR118244
EH143005,EH143005
DK38231,DK38231
EH683813,EH696973
BP24606,BP47910
CW619393,CW619393
CW563906,CW563906
DB268170,DB268170
BR212602,BR212602
CW381722,CW381722
EM31406,EM31406
CZ90484,CZ90484
ES9081,ES9081
CW378392,CW378392
EJ16039,EJ16039
CW592373,CW592373
CJ141580,CJ141580
BZ13610,BZ13610
EF117979,EF117979
EF172359,EF172359
EH870745,EH870745
AF27087,AF27087
CM74499,CM74499
EH323389,EH323389
DL257700,DL257700
AX56059,AX56059
EH697247,EH1181483
CN57869,CN57869
EL90287,EL90287
CJ36208,CJ36208
BR66669,BR66669
DE271227,DE271227
AN139393,AN139393
EB56232,EB56232
AB4248,AB4248
AN99574,AN99574
EM130162,EM130162
CA66987,CW324123
CW746382,CW746382
BY720192,BY541119
EH927551,EH927551
DE193666,DE193666
CW44312,CW44312
BY664693,BY620891
BL344081,BL344081
CW162146,CW162146
BY7822,BY7822
CW299888,CW299888
BN507031,BN507031
DD133675,DD133675
AW187019,AW187019
DH41558,DH41558
BN428809,BN428809
DD185247,DD185247
CC16646,CC16646
EG55601,EG55601
AW158873,AW158873
CW811752,CW811752
EH664004,DE107115
CN89498,CN89498
CW898215,CW898215
EH166148,EH166148
DY11960,DY11960
CW1297949,CW1297949
BN441676,BN441676
CW940521,CW940521
BN435336,BN435336
DL242150,DL242150
CW95298,CW304074
BY401522,BY401522
AD29350,AD29350
AW135792,AW135792
DB153881,DB153881
AL119079,AL49780
AG49462,AG49462
BE227115,BE227115
DB279341,DB279341
BL377604,BL377604
EH997750,EH997750
CW740280,CW740280
BL302785,BL302785
DS114658,DS114658
BD112668,BD112668
BZ11725,BZ11725
EN2543,EN2543
BN377000,BN389188
DL233309,DL233309
BE437458,BE437458
CJ159765,CJ159765
CW1238791,CW1238791
BY263907,BY451626
CW858144,CW858144
CJ122089,CJ122089
AG51189,CS30949
DY30381,DY30381
BG33535,BG33535
CC87271,CC87271
CP38028,CW661633
EH511406,EH511406
CW652536,CW652536
DL208201,DL208201
DB244639,DB244639
AW208848,AW208848
AY43407,AY43407
DZ2349,DZ2349
CW189914,CW407436
DK44304,DK44304
DL169551,BY550764
BN279444,BN279444
BN488351,BN488351
AK75961,AK75961
BR19684,BR59933
EH973978,EH973978
DL13515,DL13515
BY707491,BY707491
BH32941,BH32941
DD197664,DD197664
DL259000,DL259000
EL74254,EL74254
EH909473,EH909473
DR101283,DR101283
DL236630,CT34088
CW574899,CW964158
BN376424,BN376424
EM64285,EM64285
DE327639,DE327639
EH239501,EH239501
CJ80581,CJ80581
BH116071,BH116071
DE245666,DE245666
EH1182487,EH1182487
AE7553,AE7553
CW427036,CW204374
EF154010,EF154010
CM17888,CM17888
CE20632,CE20632
CW533974,AW78487
CW899153,CW899153
EF162165,EF162165
DE217697,DE217697
DE239787,DE237696
DR104030,DR104030
DY30258,DY30258
BY233740,BY233740
BY716225,BY673786
BZ22849,BZ22849
CN59152,CN59152
DT106935,DT106935
BY714679,BY714679
BL247328,BL247328
AA165338,AA165338
BE31125,BE31125
DX23422,DX23422
CG179376,CG179376
BL264561,BL142193
CW372218,CW372218
BD117994,BD117994
AN201200,AN201200
CW164065,CW699273
CW723533,CW723533
CZ74616,CZ74616
BN444108,BN444108
BL261971,EF88924
DK9864,DK9864
DR7309,DR7309
CG70199,CG70199
DB66482,DB306491
BN376156,BN376156
AL246905,AL246905
DT52097,DT52097
AH26375,AG61897
AG43981,EH1323935
BP22175,BP22175
BY553498,BY553498
EH705861,EH705861
CW623302,CE35351
DN130621,DN130621
CW275899,CW255161
CW212082,CW212082
BN373485,BN373485
DZ20071,CP33012
CW1057529,CW742513
CW141173,CW193212
AW126466,AW126466
CJ201840,CJ201840
CW856509,CW856509
CW92002,CW92002
BY198613,DN73651
CW61964,CW102540
BY261928,BY261928
AL184930,AL184930
BN329253,EA13055
AN138418,CT48183
CW967644,CW1199415
BW25266,BY252445
CW655936,CW651444
BX21236,BX21236
CJ190693,CJ190693
BL304572,BL304572
CW802330,CW802330
CW615558,CW982373
EL2708,EL2708
EH665804,EH665804
CW997238,CW495460
AL224293,AL224293
AL271673,AL271673
DB235049,DB235049
EH938956,EH938956
CW517999,CW939193
BZ27775,BZ27775
BY626420,BY626420
BN398796,BN398796
EH556380,EH556380
DR15851,DR15851
DE142883,DE143512
EH948388,EH948388
DH58307,BL440511
CA139513,CA139513
EH1204594,EH1204594
BY15746,AL112630
BN484000,DL174741
CM66027,CM66027
BL513454,BL513454
CW773569,CW773569
EH1034811,EH1034811
BY568681,BY568681
EH762361,EH762361
CW970882,CW970882
CW73976,CW73976
EH921049,EH921049
DE269491,DE269491
DY23878,DY23878
CW1064566,CW1064566
AE34653,AE34653
EH865246,EH865246
CG68473,CG68473
DL83724,DL83724
BN455235,BN455235
EH1206500,EH1206500
EH898225,EH898225
CW644220,CW644220
BE196291,BE196291
CW673222,CW673222
AL232074,AL201009
EH1319020,EH1319020
BH114238,BH131746
DY7686,DY7686
EH850671,EH850671
CW851467,CW851467
EH874977,EH874977
BL255005,BL255005
BY28656,BY28656
BE87634,DN15630
DX18057,CH20387
BE72021,BE72021
AW43535,AW43535
BL300501,BL300501
DN137134,DN137134
EH1037423,EH1037423
DR54646,DR54646
EH319390,EH319390
BL287092,BL287092
BR142051,BR142051
AB31973,AB31973
DE220032,DE220032
EH912598,EH912598
BY524124,BY524124
AB34975,AB34975
CW914906,CW914906
BM15337,BM23950
EH546069,EG35557
CJ158376,CJ158376
BP25945,BP25945
EH946603,EH946603
CG183175,CG107198
DW16417,DW16417
CJ113532,CJ113532
AL79210,AL79210
BE45738,BE45738
DX9817,DX9817
CW769227,CW769227
DX39215,DX39215
DH21740,DH21740
EL68672,EL68672
EH886171,DE81034
DX51205,DX51205
EH820158,EH820158
EH952083,EH952083
CL38476,CL38476
CW982014,CW819839
BN373268,BN373268
DL259014,DL259014
CW1207673,CW1207673
AG36469,AG36469
CW19096,CW19096
CW661633,CW740280
BY211798,BY211798
EH861002,EH861002
CW879921,CW881349
CW838575,CW838575
BK27519,BK27519
EF103469,EF103469
AL273208,AL273208
AA60261,CW172263
DF19206,DF19206
AL109594,AL109594
DH19081,DH19081
BE212437,BE83066
CW304063,CW155157
DS86488,DS86488
BH181966,BH181966
CW724389,CW724389
CJ140749,CJ140749
CW734459,CW734459
BN426380,BN426380
AL259553,AL259553
BR219864,BR219864
CW320150,CW320150
AL299676,AL299676
AN127800,AN127800
EH665753,EH665753
BH172695,BH172695
BF4206,BF4206
BY517008,BY517008
DN145819,DN145819
BE354576,BE354576
DB167137,DB167137
DC7204,DC7204
AW191806,AW191806
BN400179,BN400179
BR161881,BR161881
BG13788,BG13788
CW1040265,CW1040265
BY402543,BY402543
CJ176909,CJ176909
CW177142,CW207023
EG51445,EG51445
CA72409,CA72409
AL193186,AL193186
BN260535,BN260535
EH182021,EH925885
BY395453,BY255798
BG31553,BG31553
DL223820,DL223820
DT72599,DT72599
EM72506,EM72506
DJ7994,DJ7994
CT44196,CT44196
EH486091,EH486091
DE304759,DE304759
AL307989,AL307989
BW52374,CL43684
EH471819,EH471819
DT139958,DT139958
EH556450,EP67624
AS59331,AS59331
BE231403,BE231403
DL227239,DL227239
BN411974,BN361054
CW856883,CW856883
BJ42534,BJ42534
CA91524,CA91524
BY472571,BY472571
AT9677,AT9677
CE5717,CE5717
DN44559,DN44559
BE151459,BE151459
BL507391,BL507391
AK101974,AK101974
AJ40202,AJ40202
CW973392,CW973392
DE42198,DE42198
CW1317427,CW1317427
AW61214,AW61214
EN56063,EN56063
BR144570,BR144570
AY34052,AY34052
DR45436,DR45436
EH791448,EH791448
BD98250,BD98250
AX46273,AX46273
DE290122,DE290122
DX61606,DX61606
EH561429,EH637241
CE59882,CE59882
BE336136,BE336136
AD27461,AD27461
CW1020439,CW1020439
BL500024,CW692727
EH1065655,EH1065655
BY547225,BY547225
CA122045,CA122045
CW179667,CW179667
CW451104,CW83752
DA117904,DA117904
CW803909,EF223212
DD71502,DD210184
EP74701,EP74701
EB41584,EB41584
CW322654,CW142358
EN65267,EN65267
AW218026,AW218026
DE194012,DE194012
BM18542,BM18542
BL266052,BL266052
BY757095,BY608711
CF2829,CF2829
CW1120041,CW1341413
DF17475,DF17475
BE158428,BE158428
BH149545,BH149545
AL303911,AL303911
BY417689,BY417689
BL445511,BL445511
CW871765,CW871765
CW707328,CW833620
AA100490,BL182975
EH1200807,EH1200807
AL251373,BR122736
DR9389,DR9389
CW805360,CW805360
CW1044505,CW1044505
CM67300,CM67300
AK46862,AK157748
CJ147031,CJ147031
BL447338,BL447338
CW690234,CW690234
EH156299,EH457990
CW17643,CW37591
CW1010645,AL325889
EB40115,EB40115
CL64991,CL64991
BA18420,BA18420
EL17569,EL17569
EP66233,EP66233
CA66987,AN51713
DP24254,DP24254
CJ104272,BN94207
BW31723,BW31723
EH1167591,EH1167591
DS103190,DS103190
EF59250,BC49283
CG94947,CG20259
DW71609,DW71609
EA13950,EA13950
CW348167,CW348167
CW873505,CW873505
CG74939,DL105063
EH803510,EH803510
BE389961,BE389961
BP52517,BP52517
CB38130,CB38130
BN386351,BN406392
BN370522,BN417349
EH1027870,EH1027870
BR170461,DX43175
CW277084,CW998903
BC57310,BC57310
DR63288,DR63288
EF37079,EF37079
CA94511,CA94511
CW646317,CW646317
EH990146,EH990146
CW1124524,CW1124524
EG51339,EG51339
BL378072,BL378072
AL251373,EF100296
DE213991,DE213991
AT22739,AT22739
CW169923,CW169923
DG27830,DG27830
BR141956,BR141956
DE272055,DE272055
CA118812,CA118812
CW574058,CW574058
EH1011454,EH1011454
AW174059,AW174059
BD115350,BD115350
EH1021541,EH1021541
DX30876,DX30876
EH625722,EH625722
EH963681,EH963681
DX25759,DX25759
EM76453,EM76453
CJ144590,CJ144590
AN163165,AN163165
DL230947,DL230947
DD172681,DD172681
BY225227,BY225227
EF179917,EF179917
BN232483,BN232483
AN27766,AN27766
DZ9688,DZ9688
DD2533,DD2533
DR19466,DR19466
AB36291,AB36291
AG29076,AG29076
EH405860,EH405860
CW442508,CW442508
DZ54074,DZ54074
EH32523,EH32523
CT20594,CT5624
BL424804,BL424804
EH560636,EH560636
EJ23951,EA37018
AN120376,AN120376
CW765780,CW925849
CW963176,CW820834
BZ54360,BZ54360
BE43177,BE43177
DE57092,DE57092
AS56999,AS56999
CW639814,CW639814
DE196021,DE196021
DA15892,DA15892
BL301596,BL301596
BN75006,BN75006
CW725336,CW957517
BE45852,BE45852
BY671340,BY671340
DT120255,DT120255
CM50400,DL166170
BB106091,BB106091
BH177296,BH177296
AL177361,AL177361
CW1222657,CW95823
AX56908,AX56908
DB136128,DB136128
BN178396,BN178396
BN456919,BN456919
CW321110,CW451844
CW90024,CW90024
BN377170,BN377170
EH766120,EH766120
CJ172692,CJ172692
CW563284,CW563284
DB255625,DB255625
BL350533,BL350533
EH688941,EH688941
CW582902,BR98484
CA92930,CA92930
EH1024233,EH1024233
AS85760,AH14831
BR64495,BR64495
EH884902,EH884902
AZ15365,AZ15365
BN312539,BN312539
CX23373,CX23373
BL506658,BL506658
AL41638,AL41638
EN40716,EN40716
EH735724,AP64158
EJ3014,EJ3014
DD184335,DD184335
DE179044,DE134275
CZ81331,CZ81331
AA149795,AA149795
EN65717,EN65717
DZ56094,DZ56094
DL53075,DL53075
BH120326,BH120326
AL75464,AL75464
AW209651,AW209651
EH1089416,EH1089416
BZ48924,BZ48924
DA96134,DA96134
CW883917,CW883917
DT55299,EN10162
BD13735,BD13735
CW411208,CW411208
DR53989,DR53989
CW37214,CW37214
EH864254,EH864254
BL434297,BL434297
EH949554,EH949554
EH956708,EH956708
EH417653,EH572664
BS15435,BS15435
BH100274,BH100274
DT71967,DT71967
EF120690,EF120690
CW706971,CW706971
AA196318,AA196318
CW711019,CW711019
CW793632,CW793632
CJ144103,CJ144103
AL253031,AL253031
AW137425,AW137425
CW883502,CW962463
BK49557,BK49557
CW1062318,CW1062318
DN134266,AK169767
AA146875,AA44853
AG61860,AG61860
DA125454,DA125454
BL428148,BL428148
CW964237,CW951245
DA37941,DA37941
DP40847,DP40847
CW797116,CW797116
DP47848,DP47848
BY237558,BY237558
CW799692,CW799692
EP101253,EP101253
BY690042,BY690042
BR176956,BR176956
EH719414,AA151758
BN124155,BN168405
DB224903,DB224903
EM20833,EM20833
EH925347,BF33349
BZ59031,BZ59031
BN442798,BN442798
AN211089,AN211089
DT143766,DT143766
BL509986,BL509986
BR127529,BR127529
CA82969,CA82969
CW781665,CW781665
AM56781,AM56781
EM95874,EM95874
AL54021,DA32927
EP92606,EP92606
BL143824,AF13274
AS80314,AS80314
CW189914,CW59531
DL129280,EH321357
AL191510,AL191510
EP95892,EP95892
AJ38390,AJ38390
EA38803,EA40951
AL102457,AL102457
CY27375,CY27375
EF168179,EF168179
AA79054,AA79054
BE189275,BE189275
EL60478,EL60478
CZ90223,CZ90223
EH761555,EH761555
BY303933,BY303933
EH1127837,EH1127837
DW63371,DW63371
BC7705,BC7705
CW1020425,CW1020425
EH449531,EH449531
DL171397,DL171397
CZ21106,CZ21106
BY106808,BY441616
CW52052,CW52052
BN86510,BN114205
AX65797,AX65797
CG138968,CG138968
CW888196,CW371907
BL430454,BL430454
DB267685,DB267685
EH1193485,EH1193485
BH42675,BH42675
EH456116,EH456116
BY257722,BY257722
EH1223638,EH1223638
BN308262,BP29977
BN183139,BN183139
CG159610,CG159610
AN175420,AN175420
CW937393,CW937393
CW1333603,CW1333603
BH74526,BH74526
AE27171,AE27171
EH53100,EH53100
BE367230,BE367230
DD65042,DD65042
DB211380,DB211380
CW151669,CW218238
AL135622,AL135622
AM60747,AM60747
EH1318460,EH1318460
DB200226,DB200226
DG57089,DG57089
DZ52101,DZ52101
BL293854,BL293854
DT29765,DT29765
BN165828,BN165828
BB27260,BB27260
DE292144,DE292144
BE320122,BE320122
DT146193,DT146193
EH1159449,EH1159449
CP42011,CP42011
BN411940,BN411940
CW103301,CW103301
AL92108,AL92108
BY576629,BY576629
AL185333,AL185333
BN467997,EH199707
EH766792,EH766792
AL142617,AL142617
AP64105,AP64105
BJ42085,BJ42085
BY239115,DW27050
EF28589,EF28589
DE313432,DE313432
CW878213,CW878213
DB14338,DB14338
BB92127,BB92127
EF7253,EF7253
CW894539,CW368501
CJ135756,AL222925
DB232759,DB232759
AE25021,EN39415
EH1271763,EH1271763
BL202187,BL186106
CW857181,CW857181
AN184073,AN184073
CJ133323,CJ133323
CA104223,AG47729
CW836105,CW836105
BE344485,BE344485
EH712912,EH712912
BE330377,BE330377
CW837742,CW837742
CY27527,CY27527
AN112124,AN112124
EB66740,EB66740
BL372966,BL372966
BH172435,BH172435
BE238784,BE238784
AL161804,AL161804
CW70140,CW70140
AL135881,AL146030
BY681192,BS11732
AN13282,AN13282
AP70733,AP70733
BE229347,BE229347
AN89194,AN89194
EN63690,EN63690
CW691419,CW1326535
CW648281,CW648281
CW53710,DW52199
CN25121,CN25121
BL320953,BL320953
CJ62571,CJ62571
CW980078,CW980078
CW478194,CW478194
BN30806,BN30806
AG46854,AG46854
CW969405,CW969405
BK15621,BK15621
EF78228,DX40819
EH1054436,EH1054436
AN136043,DL134548
EH965516,EH965516
EH1048198,EH1048198
CW995285,CW995285
AL95565,EH145733
EH769774,EH769774
CW679697,CW679697
BL364234,BL364234
DR148118,DR148118
CJ28968,CJ28968
CW855760,CW855760
DZ64817,DZ64817
BN74368,BN74368
BY89920,BY89920
EN55191,EN55191
EL71797,EL71797
CW673785,CW673785
CH34186,CH34186
AW69784,AW69784
EH392606,EH392606
BL466799,BL466799
EF115729,AA105162
EM5629,EM5629
AN59874,AN59874
AS97055,AS97055
AL316678,AL316678
BR134626,BR134626
EJ28544,EJ28544
EM91478,EM91478
CS36314,CS36314
AP15210,AP15210
AL216184,AL216184
EH651064,EH651064
CG176911,CG176911
CW712130,CW712130
CW211749,CW211749
AK129669,AK129669
AK115506,AK115506
BL402139,BL402139
BY564555,DE295664
CW613579,CW613579
CL44787,CL44787
DL254903,DL254903
CW258696,CW258696
BY695505,BY695505
AL171447,AL171447
AY36887,AY36887
AA166059,AA166059
BN392145,BN392145
DR54313,DR26731
CW851632,CW851632
BE278032,BE278032
DL233368,DL233368
AW98010,AW98010
EH609440,EH609440
CW173216,CW173216
CW323878,CW800133
EH1047952,EH1047952
AW133766,AW133766
DZ65358,BR185935
DP42763,EA37018
DL211935,BE252839
BE254284,BE254284
BY587561,BY554789
EH682756,EH682756
CW529964,CW860990
CW1063795,CW1063795
CW1255069,CW1255069
CW857118,CW857118
DR48945,DR48945
EH521631,EH522614
DT33315,DT33315
CW790952,CW790952
AN36174,AN36174
BY236264,BY236264
CW1022996,CW1022996
AL180253,AL180253
DW38541,DW38541
AL322454,AL322454
CW232797,CW339066
DB195326,DB86365
CW984343,CW984343
CW302473,CW706295
CW368960,CW330768
CW997238,CW287954
BE135410,BE135410
BH60803,BH60803
DD123028,DD123028
DR107637,DD12044
CW1066935,CW1066935
BE266372,BE266372
CW1053960,CW1053960
EH1130678,EH1130678
BL383113,BL383113
AH21506,AH21506
AL40161,AL40161
ER40861,ER40861
DE89895,DE89895
DN99064,DN99064
CW931472,CW931472
EH619252,EH619252
DD55908,BE269259
EH961344,EH961344
DE260057,DE260057
AL27718,AL27718
EH1026784,EH1026784
EH1002600,EH1002600
BR168358,BR168358
BZ13529,BZ13529
CB61490,CB61490
DT12112,DT94412
EH592393,EH1149074
CC144837,CC144837
DE129105,DE103358
EH1127387,EH1127387
EH793036,EH1207919
BY323927,BY376590
AN124614,AN124614
DA119930,DA119930
BY286797,BY584585
EH970236,EH970236
CM46565,CM46565
CW103394,CW103394
CW124250,CW124250
DE290296,DE290296
DS81208,DS81208
CW1106210,CW1106210
BL405470,BL405470
BE124554,BE33434
AA171456,AA171456
DR133370,DR133370
EH1045775,EH1045775
AS79229,AS79229
EP4826,EP4826
BH136356,BH136356
EH710083,EH710083
CW36229,CW36229
BC63752,BC63752
DY27265,DY27265
BF27785,BF27785
BL377482,BL377482
EH928849,EH928849
EH830492,EH830492
EH381837,EH381837
DR28951,DR28951
BE250057,BE346487
BL401377,BL401377
BL483175,BL483175
AG26331,AG12096
EL53472,EL53472
EH521359,EH411497
BE282559,BE282559
EH813024,EH813024
CW105106,CW105106
BZ16986,BZ16986
CW405413,CW405413
AN83192,AN83192
CA119815,CA119815
BN429301,DS64825
BN99153,BN99153
CW1088752,CW902554
CW1322702,CW1322702
AL277717,AL277717
BH174963,BH174963
AL314336,AL314336
AP77400,AP90791
CW835804,CW835804
BE134369,BE134369
DE224388,DE224388
CW307831,CW688390
CW186954,CW186954
CW322886,CW322886
AL268774,AL268774
CW551134,CW551134
AG20161,AG20161
AK12999,AK13000
DR55276,DR55276
BN371050,BN371050
BH146944,BH146944
CW964492,CW964492
CW932095,CW932095
DT166782,DT166782
DW58397,DW58397
DB293238,DB244639
CW1140007,CW1140007
AB14406,AB14406
CW484249,CW99090
EH1035959,EH1035959
EF153661,EF153661
BE150335,BE150335
DT40013,DT40013
BP2764,BP2764
CW1225981,CW1225981
DR42641,DR42641
EH1094974,EH1094974
EH983921,EH983921
BE352742,BE352742
DR3253,DR3253
CW945237,CW945237
EH803109,EH803109
EM70906,EM70906
BN145690,BN145690
CW787204,EH1208813
AN2290,AN12339
EH867620,EH867620
AN140666,AN140666
DR10248,DR10248
DL194458,DL194458
CG84657,DB221071
BZ48614,BZ48614
CW798804,CW798804
BH161354,BH161354
DR101216,DR101216
CW231317,CW231317
BN37033,BN37033
DB259230,DB259230
CW990500,CW990500
DZ34952,DZ34952
CW865598,CW548290
DG48958,DG48958
CW142878,CW142878
AP20521,AP20521
EH206666,EH562884
CW799778,CW799778
BY527396,BY542602
DE256619,DE256619
AN87392,DA81853
EH765769,EH295494
DE244970,DE244970
CW998253,CW998253
AL78389,AL78389
CW691389,EF207768
BE429473,BE429473
BE53023,BE53023
DW50649,DW50649
DR101429,DR101429
CW791114,CW791114
EH844103,EH844103
EH1093908,EH1093908
CC81169,CC112806
BN282680,DE44717
AL235218,AL235218
EM111253,EM111253
BN293023,BN293023
AA142344,AA142344
BD87667,BD87667
CW949045,CW949045
AD28545,AD28545
BE236744,BE111512
BL406438,BL406438
CW499405,CW499405
EH774163,EH774163
CW230601,CW230601
CW647894,CW859082
EH1155426,AL326808
EH371304,EH371304
BL196557,BL196557
DB160572,DB160572
CY25082,CY25082
EH845759,EH845759
CW720258,CW720258
DB156224,DB98161
BY122059,BY262299
DE192390,DE192390
EC2070,EC2070
EH968103,EH968103
CT39096,CT39096
DN6987,DN6987
DT87075,DT87075
CS12245,CS12245
EH1073972,EH1073972
BL359411,BL359411
AK168496,AK168496
CE48048,CE48048
CM61290,CM61290
AL57361,AL57361
DD84456,DD84456
BH12495,BH12495
EH1080865,EH1080865
EH1076045,EH1076045
BE234556,BE234556
BY384369,BY384369
CA133078,CA133078
EB43934,EB43934
EH713614,EH713614
AY18622,AY18622
EH104629,EH311850
CK11098,CK11098
CW103213,CW103213
CW915292,CW998972
DE159494,DE106414
CW823848,CW741711
EM21788,EM21788
AL315239,AL315239
DT72491,DT72491
EH296535,EH296535
CW987079,CW987079
EP29266,EP29266
CW779084,CW779084
DE164514,CT29776
BY73292,BY73292
CW773475,CW464509
BE372218,BE372218
EH131860,EH401455
BY519534,BY519534
BN119624,BN119624
BN390821,BN390821
EF60047,EF60047
DB151855,DB151855
BR76566,BR76566
BY231022,BY542952
BY524371,BY524371
CW59531,CW132290
EH181969,EH123021
AW84214,AW56234
CW672900,CW672900
DH58307,DX40819
EH335005,EH335005
AH21641,AH21641
EF17296,EF17296
EF127005,EF127005
BH128427,BH128427
DZ43987,DZ43987
AL268392,AL268392
EF21289,EF21289
CA118109,CA118109
BW40945,BW40945
CC137067,CC137067
AA114475,AZ16394
AN38169,AN58494
DJ5765,DJ5765
AA151758,AA151758
EH814377,EH814377
CW220229,CW220229
EF38872,EF38872
BE346982,BE346982
AL271941,AL271941
CW1171239,EH731772
CW1044987,CW1044987
DZ66824,DZ66824
BL362280,BL362280
BL406014,BL406014
DA111915,DA110612
ES6096,ES6096
CA102058,CA102058
CZ113832,CZ113832
DB233032,DB233032
AL113837,AL113837
DH30451,DH30451
DL261079,DL261079
BD67892,BD67892
BC55987,BC55987
AB2784,AB2784
CW792024,CW1004260
BE37144,BE37144
EH331609,EH331609
EF152226,EF152226
AK20736,AK20736
EH563371,EH563371
CW1280428,CW1280428
BY721133,BY711999
BR155252,BR155252
EH961051,EH961051
EH741121,EH203722
DS86463,BH34089
DB219761,DB219761
DD197484,DD197484
CC77658,CC77658
AA157097,AA157097
BE389691,BE389691
AL221993,AL221993
BM13192,BM13192
BR148688,BR148688
CZ95393,CW735711
DB153750,DB153750
EH775620,EH775620
CW1232556,CW994080
EH390315,EH390315
BF18734,BF18734
EH554580,EH554580
BE252183,BE252183
EH383975,EH383975
BW34363,BW34363
CJ12007,CJ12007
CW116003,CW116003
EH1205447,EH1205447
DB243408,DB243408
CW47409,CW47409
DE278481,DE278481
CW44950,CW44950
AK133476,AK133476
DA59048,DA59048
EH377836,EH26782
AN49648,AN49648
EH603736,EH603736
EF87845,EF87845
CW495460,BR122736
CW418591,BH104780
AL181938,AL204163
AH18733,AH18733
BM37400,BM37400
BR180031,BR180031
DG46140,DG46140
DT2891,DT2891
CW49993,CW49993
BR138490,BR138490
CW1098130,CW1098130
AL240612,AL240612
AC6560,AC6560
BT10006,BT10006
CL38918,CL38918
CG110195,CG110195
BH121565,BH111677
BE24579,BE130942
DT87035,EH420225
DL9919,DF17317
EB44964,CW162116
BY31414,BY31414
EH294190,EH509927
EJ25249,BN374083
EF85452,EF85452
AN153203,AN153203
EH816209,EH816209
BH53645,BH53645
CG144610,CG144610
DB287895,DB287895
CW1301526,CW1301526
EH971942,EH971942
AP37605,CW623399
EL82537,EB77984
EH1126679,EH1126679
EP101078,EP101078
DE256026,DE256026
BY416665,BN220192
EH195143,EH195143
CW808235,CW808235
DN134266,DD90591
BP58213,BP58213
CW720217,CW720217
DL171181,DL171181
CG29509,CG29509
AK93518,AK93518
DT110423,DT129417
CW909602,CW912829
BY276863,BY621927
AN130525,AN130525
EH914269,EH464453
CW369207,CW229395
CL64610,CL64610
CW1019962,CW162116
BR164867,BR164867
BN376351,BN376351
DB220775,DB220775
BE86759,BE86759
BZ52203,BZ39306
BL345088,BL345088
AB16816,AB16816
BE357595,BE357595
BL429874,EH665837
BY666263,BY655151
AW228393,AW228393
BD62963,AS32905
DK40034,DK40034
EH832350,EH1101133
CW97958,CW97958
EL93727,EL93727
BL393201,BL393201
BL481781,BL481781
CW700324,CW700324
EH792775,EH792775
BF17932,BF17932
CW862992,CW862992
BR153676,BR153676
DD104968,DD104968
AW103205,AW103205
DD123069,DD123069
DB180753,CW987098
BN427138,BN457609
EH121163,EH121163
BC46659,BC46659
BZ51147,BZ51147
CW862385,AN154371
BE176319,BE176319
BY426601,DK20408
CZ102973,CZ102973
BY530060,BN12655
DG35990,DG35990
EF124351,EF124351
CW381275,CW700014
CA91288,CA91288
AL13225,AL13225
EH878923,EH878923
BR127586,BR127586
BB91776,BB91776
BF25959,BF25959
CW778355,CW510214
CN84041,CN84041
CW852549,CW852549
AW187500,AW187500
DX11595,DX23042
EH831588,EH831588
DN12856,DN12856
CW287669,CW287669
AT20126,AT20126
DH58082,DH58082
DR69681,DR69681
EH959373,EH959373
BR224897,BR224897
EL73451,EL73451
CS6959,CS6959
BR196611,BR196611
BL359145,BL359145
DL188171,DL188171
AW91248,AW91248
BG44546,BG44546
DD121909,DD121909
EH701567,EH701567
AG55863,AG55863
DB255131,DB255131
EH1055516,EH1129178
BF4909,BF4909
DY36696,DY36696
CW813828,CW813828
CW55068,CW239570
BL378767,BL378767
BR146558,BR146558
CG70746,CG70746
BD147344,BD147344
DD118348,DD118348
AN5963,CP5519
AL5494,AL5494
BE336662,BE336662
CW392886,CW829879
AY22112,BB80368
DT101454,DT101454
DD151139,DD151139
EH404584,EH404584
AL156637,CX21781
AL270132,AL270132
DB100689,DB100689
EH855811,CE42218
AW189988,AW189988
DA86283,DA86283
AM85701,AA73652
BY303231,BY303231
CN51776,CN51776
BD111196,BD111196
CW1301526,EL77093
BY30405,BN216283
CW730391,CW730391
CH45349,CH45349
CW203419,CW203419
CW706220,CW706220
CW438167,CW438167
CT54684,CT54684
CW470795,CW550898
BH84740,BH84740
CW918563,CW918563
BY559697,BY274763
AL304353,AL304353
EA42227,EA42227
CW994390,CW994390
CW799239,CW799239
BY584583,BY584583
BE80208,BE80208
DT47444,DT47444
CW1061272,CW1061272
BR150029,EL59856
DB253821,DB256931
AS74632,AS74632
EL93761,EL93761
DN76031,DN76031
BP71898,BP71898
DR33101,DR33101
EH1151731,EH1151731
BN148238,BN148238
CW244255,CW244255
AL84869,AL84869
BJ32740,BJ32740
EM95463,EM95463
DA95620,DA95620
BE321874,BE321874
CW886238,CW886238
BY374512,BY374512
CR2207,CR2207
DS58396,DS58396
CW1005703,CW1005703
BN368492,BN368492
CW210359,CW517623
DS84862,DS84862
EM107933,BY670910
DL208862,DL208862
AP78395,AP78395
DZ56707,DZ56707
CW613267,CW613267
DF19269,DF19269
AL266268,AL266268
BN389587,BN389587
DP35222,DP35222
EH699877,EH609335
CW138868,CW433751
EH1318623,EH871633
EH605575,EH605575
CW347825,CW204374
AS85824,AS85824
EH821546,EH821546
BN252778,BN306685
AN89198,AN89198
DW59279,DW59279
DM5475,CT35493
EH1193531,EH1193531
CW650570,CW495460
EH827720,EH827720
DW53940,DW53940
BZ58576,BZ58576
BY537612,BY681084
AN79439,AN79439
BD87669,BD87669
DH31251,DH31251
DL224611,DL224611
CW172601,CW431767
CW313152,CW318611
CB63879,CB63879
BW38709,BW38709
AL204423,AL204423
CD6710,CD6710
AG58298,AG58298
DL220914,DL220914
BZ40003,BZ40003
EH908210,EH908210
BL449599,BL351741
CN64563,CJ98621
BL339859,EH717617
EH138702,EH138702
DZ65713,DZ65713
DK44074,DK44074
EH247270,BL188884
CW142482,CW1126700
EH1131226,EH1131226
BD138734,BD138734
DA27867,DA27867
BM27250,BM27250
CJ127550,CJ127550
DE261703,EH943679
AL277927,AL277927
CW1134615,CW895604
CA71075,CA71075
EH1231582,EH1231582
CW1107180,CW1107180
DP28769,DP28769
BR116598,DT151821
AL207349,AL338254
CW447082,CW447082
EH338353,EH338353
AA114349,AL201009
CW641039,CW641039
DE265873,DE265873
BL425635,BL425635
EF151414,EF151414
BD116065,BD116065
ES7989,ES7989
BE445464,BE445464
BE49745,BE49745
EL77669,EL77669
EF59118,EF59118
DL223598,DL223598
CW239902,CW239902
CW662552,CW344867
BL261304,BL261304
EP90527,EP90527
EN16092,EN16092
BK32870,BK32870
CW1070809,CW1070809
DH45422,DH45422
CJ113717,AA122339
EH1085470,DL272353
BY642331,BY642331
BC34518,BC34518
CW1301526,DA98283
EL30060,EL30060
BE444695,BE444695
BL406088,BL406088
BL303170,BL303170
CG169770,CG169770
BY527777,BY392149
EH493272,EH493272
CW1120162,CW454894
BN321187,BN321187
BL442555,BL442555
AL57499,AJ15825
DT40414,DT40414
EL73289,EL73289
CW112948,CW112948
BN468141,BN468141
EH839097,EH839097
BY417827,BY417827
EH937156,EH937156
BN200361,BL217365
CW221554,CW164039
CW609679,CW609679
EH759369,EH759369
DB293238,DB293238
DT170839,DT170839
BL48355,BL48355
CW1263952,CW1263952
CW941472,CW941472
AL303521,AL303521
ES13817,ES13817
BN399318,BN399318
CW368075,CW368075
CC34284,CC34284
DB35550,DB35550
BH155326,BH155326
CM57423,BZ47834
AW93354,AW74484
AA179139,AA179139
BH115791,BH115791
EH824547,EH824547
AN197170,AN197170
BR84048,BR84048
EH1097895,EH1097895
CM58186,CM58186
CW933734,CW933734
AK151116,AK151116
DR113248,DR113248
DB94207,DB94207
BH93456,BH94768
DB276465,DB276465
AB33495,AB33495
BM22740,BM22740
BE385979,DX35455
AX48379,AX48379
DB98065,DB98065
DE306110,DE306110
CM14422,BN448161
AW91334,AW91334
EP62496,EP62496
CW438679,CW145293
DB242158,DB242158
BE264803,BE264803
AT26981,AT26981
EH385193,AM10475
CW601805,CW553458
CW208372,CW208372
EF123316,EF123316
DR70843,DR70843
EH342205,EH342205
CW851905,CW593842
CT33075,CT33075
BF5864,BF5864
DG60963,DG60963
DR134538,DR134538
AW214748,AW214748
AW128684,AW128684
BL466856,BL466856
AN167452,AN167452
BN204249,BN539996
EB62730,EB62730
CJ174881,CJ174881
BY543711,BY489959
CW72342,CW72342
CW396831,CW396831
EH813028,EH813028
EH1085470,EH998655
EH85789,EH591821
BE339388,BE339388
BL440689,BL440689
CW1135490,CW1135490
DD188792,DD188792
DL108917,DL108917
AN8758,AN8758
CW517485,CW517485
BN9703,BN10006
CW53348,CW53348
AL68260,AL68260
CW792090,CW792090
BR111197,BR111197
CG76010,ES22933
CG66410,CG66410
CW1248312,CW1257128
CW988326,CW988326
AX48533,AX48533
DP42763,DN134266
CG184993,CG184993
BA7357,EH487725
CC56779,CC56779
DR83527,DR83527
DL210568,DL210568
EH834065,EH834065
BZ3863,BZ3863
BY458498,BY458498
BN479548,BN479548
BL388875,BL388875
AW48432,AW48432
BY36290,BY10579
CJ131586,CJ131586
CW32816,CW169375
EA4539,EA4539
CW807932,CW807932
CW1006268,CW1006268
DZ48967,DZ48967
DT164228,DT164228
DB177831,DB177831
CW175002,CW175002
EH1269565,EH1269565
DA39080,DA39080
BY432205,BY432205
CW159048,CW159048
AW153120,AW153120
BL292013,BN144525
EA49774,EA49774
BR169419,BR169419
DX52164,DX52164
EH267029,BL147317
DY2726,DY34376
DE55771,DE137352
EH1271450,EH1271450
DD164420,DD90591
BH86929,BH86929
BY419232,BY276073
EH1131140,EH1131140
BL366153,BL366153
BR99686,BR99686
EH920131,EH1319792
CW1329711,CW1329711
CD6047,BL73291
CW1248978,CW1248978
EH1006370,EH1006370
BY621342,BY621342
EH594399,EH594399
AG23235,EH833138
BY421153,BY421153
DB6674,DB12569
DT69236,DT69236
CJ103200,CJ103200
BR126625,BR121179
BR131210,BR131210
CG184935,CG184935
BE258370,BE258370
CW313855,CW313855
CW1257145,CW1257145
CE10080,CE10080
EH773771,EH773771
BL212855,BL212855
BW6425,BW6425
BL261971,BL337576
EH778198,EH778198
DE265324,DE164654
AL137945,AL44536
AN189060,AN189060
BL364972,BL364972
AD26207,AD26207
DT123047,DT123047
EH199491,EH202043
CW185276,CW185276
EH1089664,EH1089664
CW682212,CW531154
DB252545,DB252545
EM41387,EM41387
DL116906,DL116906
EH2259,EH2259
BY458652,BY458652
DE42710,DB189999
AL102565,AL102565
CT28669,BL55001
CW172746,CW489062
AN125048,AN125048
DN129502,DN129502
CW1219010,CW1219010
DT114423,DT114423
CG132481,CG132481
BE354674,BE354674
EM88480,EM88480
BY675123,EF100296
DD97943,DD97943
BZ28921,BZ28921
CL23582,CL23582
BL160180,BL105450
AA150797,AA150797
DA34459,BN222751
EL67961,EL67961
BM32343,BM32343
EH571393,BY525580
BL160848,BL160848
CW971025,CW1067367
AB10495,BR12527
DR50395,DR50395
CW882004,CW1273018
AB44223,AB44223
BY404548,BY565219
CW1291558,CW1291558
CW322824,EF157507
EH455581,EH455581
CF7486,CF7486
CW259760,CW110855
BW2836,BW2836
EH604971,CX17061
EH610987,EH610987
DR24907,DR24907
DA7339,DA7339
AJ14754,AM51356
CD2711,CD2711
CW136767,CW84798
DX47678,DX47678
BY582715,BY582715
AM6453,AM6453
EH635623,EH635623
BY540130,BY601711
BD115569,BD115569
BL429712,BL429712
BR210251,BR210251
CR20808,CR20808
DL229750,DL229750
AK56910,AK56910
EH664004,BL346557
EH1155426,CW802880
CW710678,CW710678
BY536190,BY536190
BE409054,DE289831
EH1316347,EH1316347
CN89228,CN89228
BL402723,BL402723
CM41892,CM41892
BL531791,BL531791
EH56235,EH90306
DN36827,BN88689
DA73458,AL222925
EK16773,EK16773
EH1107127,EH1107127
DE312467,DE312467
CW690720,CW734441
AN32202,AN32202
CW207370,CW207370
EL75776,EL75776
DA81491,DA81491
BX25041,AH14399
DB220961,DB220961
BL336725,BL336725
CW594036,CW513735
BL378282,BL378282
BR183371,BR183371
DH23928,DH23928
CW1052880,CW1052880
CD23670,CD23670
CW3949,CW3949
BE407034,BE407034
EH438645,EH105384
AW69753,DH41597
DB216790,DB216790
BR217816,BR217816
EH699877,EH304960
CM20670,CM20670
CW571604,CW571604
CW968944,CW203419
EH595061,EH595061
BL335274,BL335274
DT8556,DT8556
DE279102,DE279102
CZ30819,CZ30819
EH105593,EH105593
CW717836,CW717836
CM57207,CM57207
BL343291,BL343291
EH987284,EH987284
DB197894,BN134785
DE56712,DE56712
EH1122314,EH1122314
CW153216,CW153216
BL303802,BL303802
BY423135,BY423135
CW81335,CW931047
DJ7931,DJ7931
BM14163,BM14163
CW105423,CW82326
BY633805,BY633805
ER5213,ER5213
CW566524,CW566524
BM19845,BM19845
CW1200219,CW1200219
CW597109,CW597109
CG118000,CG118000
BN463124,BN463124
EH129428,EH129428
CW442326,CW535150
EH1129094,EH1129094
EH38461,EH38461
CW190825,CW190825
CW1073431,CW1073431
EH1151311,EH994978
BH93456,BH93456
CW1056552,CW1056552
EH813265,EH813265
EF49596,EF49596
DR129068,DR129068
DE290192,DE290192
EH1115520,EH1115520
EH402309,EH84838
AL235274,AL235274
EH254449,CP50046
EF197271,DX15549
BR176040,BD124217
AN112084,AN112084
EF145103,EF145103
AL287945,AL287945
AL264555,AL264555
DA117580,DA117580
EM101416,EM101416
AF22465,EL30156
EH1132627,EH1132627
CW828695,CW828695
EH657139,EH657139
EH435746,EH420225
EH1075711,EH1075711
CW707492,CW44556
BL522471,BL522471
CW47459,CW47459
BN444973,BN444973
EH897160,EH897160
CS22968,DX70019
CE47458,CE47458
AK133987,AK147395
AS68392,AS68392
EL86065,EL86065
DL234338,DL234338
CN68331,CN68331
CB59459,CB59459
DZ54322,DZ54322
CW1307737,CW1307737
BY210300,BY210988
DK15728,AP64158
AL199233,AL199233
AN116677,CW72211
BW13667,BW13667
CL12429,CL12429
AM5220,AM5220
CW1144252,CW1144252
EH960043,EH960043
AN183765,AN183765
BL347246,BL347246
BR216168,BR216168
CJ19402,CJ19402
EH821817,EH821817
BE334896,BE334896
BZ4219,DR9046
BY481514,BY302996
BW61859,BW61859
CW507098,CW1219010
CZ111917,CZ111917
CW748223,CW1326612
CW803397,CW803397
DL224783,DL224783
BK53337,BK53337
AA164934,AA164934
CW684169,CW684169
DA115134,DA115134
EH821832,EH821832
AL324084,AL4385
BE314269,BE314269
BY567458,BY475364
BN138308,BN138308
DE148210,DE86811
CZ66171,CZ66171
DE259058,DE259058
CW366623,CW370435
CW515031,CW515031
CW152201,CW152201
BE296656,AK80097
BN386080,BN386080
CW804000,CW804000
AL312642,AL312642
AN203420,AN203420
AW164741,AW173763
BJ25701,DE93505
BY474090,BY474090
AL51689,EM107597
BZ50416,BZ50416
BY667362,BY667362
EH877532,EH877532
BB104060,CW952766
CW985975,CW985975
CW804650,CW804650
AS82040,AS82040
DL47210,DL47210
BE296627,BE181312
BL372051,BL446282
EH885288,EH885288
BN347418,BN347418
CM17081,CM17081
EF189635,EF189635
DT137951,DT77724
BL222903,BL42084
EH1271464,EH951496
CW704113,CW742384
EH820014,EH820014
CW788279,CW1298195
EH681373,EH681373
DT53089,DT53089
BD52614,BD52614
BD148178,BD148178
EH874779,EH874779
CW795855,CW795855
DD103971,DD103971
CW815460,CW691419
AG46216,AG46216
EH786691,EH786691
AN12949,AN12949
EB51305,EB51305
CL43481,CL43481
EH510759,EH510759
AL198861,DM12046
EH1157852,EH1157852
DL180773,DL180773
EH403577,EH403577
AX56057,AX56057
DB56278,DB56278
EF10773,EF10773
EH769492,EH769492
AW50852,AW50852
DR105902,DR105902
EH364872,EH364872
CW1165210,CW1165210
BN494703,BN494703
CW892199,CW892199
CC71063,CC67304
CW1005253,CW1005253
CW99511,CW99511
CW1124686,CW1124686
DP25840,DP25840
AP45365,AP45365
BJ30491,BJ30491
BE81520,BE81520
CL45024,BY320757
CW933090,CW755123
EF134165,EF134165
CG160665,CG160665
AL232967,AL232967
EF84581,EF84581
EH433732,EH433732
AM37972,AW69618
BR210229,BR210229
DA31175,DA31175
AN139487,AN139487
AW177287,AW177287
EL58048,EL58048
EM13613,EM13613
BE377475,BE377475
AS32417,AS32417
CZ46063,CZ46063
EH864714,EH864714
EP80448,EP80448
ER45003,ER45003
CW934357,CW913656
EH31812,EH31812
CW130332,CW130332
CE7746,DJ5632
BR141948,BR141948
BL412660,BL412660
EH500893,EH500893
CP9268,CP9268
AW170579,AW170579
CW455535,CW455535
CB70009,CB70009
BM45045,BM45045
BE312408,BE312408
DD52520,DD52520
CW769709,CW566541
EH969335,EH969335
EH981461,EH981461
EH1011872,EH1011872
BY728467,BY728467
CZ13667,CZ13667
DT25360,DT25360
DW27138,DW27138
CW781561,CW781561
CW273611,BJ30491
AL188464,AL188464
DK8732,DK8317
DH33196,DH33196
DH39587,DH39587
DE286913,DE286913
CW293009,CW684866
EH720020,DR34851
CW1059777,CW1059777
BE240926,BE240926
BL479765,BL479765
CW1188466,CW1188466
CW1015389,CW918308
CZ39693,CZ39693
DB236474,DB236474
ER31078,DD111816
DB207321,DB207321
DW11469,DW11469
CH46623,CH46623
DG44925,DG44925
CW864325,CW864325
BL291990,BL291990
EG51691,EG51691
CJ23810,CJ23810
AS91833,AS91833
CW716345,CW263265
EH809796,EH809796
CW1137809,CW669937
DX34221,DX34221
EF162386,EF162386
AN208423,AN208423
EH646961,EH646961
BL81634,BL81634
EG60411,EG60411
BJ38631,BJ38631
EM32626,EM32626
AG26639,AG26639
CW652403,CW652403
DB231745,DB231745
DE264417,DE264417
BF20161,BF20161
CW760689,CW760689
CC48474,CC48474
AP86463,AP86463
AL185729,AL185729
EH992115,EH992115
AN158878,AN158878
CW1003810,CW1181800
BR158397,BR158397
CW1071321,CW1071321
EH596565,EH738447
EF86186,EF86186
CW494759,CW494759
EH105773,EH105773
CG185064,CG36519
CJ131792,DZ32219
AG58688,AG58688
EH1089120,DE254102
EH902938,EH902938
CW550344,CW837799
CW857791,CW857791
CJ145075,CJ145075
AW142475,AW142475
AG49112,AG49112
CX18460,CX18460
BE296650,BE296650
CW217855,CW217855
BE308143,BE308143
DG32301,DG32301
DD100891,DD129129
DF18033,DF18033
ES23170,ES23170
DH50186,DH50186
BG26909,AP50078
EF51231,EF51231
CW1156641,CW1156641
BN416802,BN416802
CW399785,CW373511
CG159211,CG159211
BH119483,BH119483
AX5139,AX5139
BD114073,BD114073
AA154095,AA154095
EH637729,EH637729
DD104200,DD104200
EC17697,EC17697
BY714686,BY714686
DX21249,DX21249
CW321834,CW674274
EH1080112,EH1080112
DL221806,DL221806
BY667661,EH1079722
AY42063,AY42063
EH872468,EH872468
AW148348,AW148348
BL489789,BL489789
BL377406,BL377406
BL286932,BL286932
AW172928,AW172928
EH699444,EH699444
DB314351,DB314351
ER40003,EH893365
EH1157433,EH1157433
EH50084,EH50084
AA68308,AA114475
CG114144,CG114144
CT45592,CT45592
BN341137,BN341137
AN164072,AN164072
EH971445,EH971445
BY538194,BY538194
CD14140,CD14140
DR142048,DR142048
CW67878,CW15145
BY102619,BY102619
AB3535,AB3535
CK10376,CK10376
EH1019397,EH1019397
CW208713,CW95823
EH955482,EH955482
EH939343,EL31580
EH554130,CZ97572
DN69435,DN69435
BL458407,BL458407
CW51445,CW51445
AB12812,AB12812
CW598979,EH646111
DY38367,DY38367
EH714467,EH1013687
CW768879,CW768879
BY583012,BY491584
BN407425,BN406533
DD199441,DD199441
EH679913,EH596933
AN225157,AN225157
EH442764,BL323757
EF25154,BL263325
EH572633,EH572633
DL166626,DL166626
CW660844,CW1116456
AN168986,AN168986
BR178174,BR178174
AL54866,AL54866
BY97326,BY379955
AL18496,AL18496
DD153942,DD153942
AT23736,AT23736
DN100746,DN100746
BR193001,ER40280
AW111081,AW111081
CW765780,CW886013
EH680718,EH680718
CL51572,CL51572
AE26038,AE26038
BD89354,BD89354
AN81157,AN81157
DN58434,DN58434
DE226173,DE226173
EH1059608,EH763099
CK12881,CK12881
EH833206,EH833206
EH818889,EH818889
BN436789,BN450756
CZ10204,CZ10204
DN142696,DN142696
DZ49855,DZ49855
DE218663,DE218663
EH613136,EH613136
BE148442,BE148442
AL125016,AL125016
DT42459,DT42459
BE18085,BE18085
EH248493,EH248493
CC129329,CC129329
DL162738,DL162738
EH1073219,EH1073219
DS79249,DS79249
BL416601,BL416601
DL44092,DL44092
EH63746,EH63746
DD70685,DD71394
BL476896,BL476896
AA30181,BE9237
BE72140,BE72140
CP44582,CP44582
AS55230,AS55230
AW116068,AW116068
AJ32366,AJ32366
CW157793,CW160924
DE230466,DE230466
DA39817,DA39817
BN467708,BN467708
EH970394,EH970394
EH974562,EH974562
CW579543,CW1023492
CW721351,CW721351
CW678105,CA50534
CW1280474,CW1318470
EP89602,EP89602
BN479516,BN479516
AA166878,AA166878
DE136455,DE136455
DX7305,DX7305
DS102387,DH41256
CJ121465,CJ121465
CW215623,CW215623
AL294496,AL294496
CW322180,CW489630
DH40157,DH40157
DH24448,DH24448
DZ73467,DZ73467
BL381539,BL381539
CH15040,CH15040
CW214889,CW214889
BY585973,BY585973
AL343360,AL343360
BN227397,BN227397
DN21206,DN21206
DN109617,DH68056
AL266704,AL266704
BD136093,BD136093
CW880845,CW880845
BN286360,BN286360
AN161876,AN161876
EH1044090,EH1044090
AL210774,AL210774
BE291899,BE291899
AW84193,AW84193
DS75513,BH104780
BL399459,BL399459
DN119785,DN119785
DB204787,DB204787
BD136138,BD136138
EH1138041,AN131586
AK128553,AK128553
CZ46911,CZ46911
CJ122466,CJ122466
EH901647,EH901647
AA124519,AG35227
BE345915,BE345915
BE290075,BE290075
CW750639,CW658757
CC130299,CC130299
DE113324,BZ27905
BP33147,BP33147
EF82329,EF82329
CW1064993,CW1356704
AA170534,AA170534
DN113163,DN113163
BL131245,BR139250
AW160447,AW41756
CG145830,CG145830
EH1048535,EH1048535
AP74190,AP74190
EH102167,EH102167
BH21030,BH21030
EL29883,EL29883
BH107246,BH107246
BJ29560,BJ29560
CZ47944,CZ47944
AN77823,DT66245
BY323520,BY323520
CW1063161,CW1063161
CW223733,CW223733
DL219544,DL219544
EH828793,EH828793
AS19119,AS19119
EN57187,EN57187
BE449037,BE449037
EE3805,EE3805
DX51310,DX51310
CW963847,CW963847
EH835583,EH835583
EH1195750,EH1195750
CM11496,CM11496
CR13408,CR13408
CB66826,CB66826
AC3541,AC3541
DD88925,DD88925
DR117166,DR117166
BY43434,BY107411
BL441750,BL441750
DB246152,DB246152
EH624363,EH624363
CC120670,CC120670
CW760809,CW484302
BY456891,BY456891
CW103988,CW103988
EH1138041,BD77965
