globalID_A,globalID_B
EL63165,EL63165
CW1188221,CW1188221
DC20491,DC20491
EH729212,EH729212
AN172832,AN172832
BY151960,BY151960
AB42966,AB42966
EF188190,EF188190
EB60650,EB60650
DT144709,DT144709
EH1017079,EH1017079
DT92499,DT91988
BE255559,BE329420
CT24903,CT24903
BZ49396,BZ49396
CC122092,CC122092
CG130373,CG130373
BN294170,BN262657
BG6201,BG6201
BH24125,BH24125
CW1279585,CW1279585
EH680633,EH680633
BY373624,BY373624
BY560087,BY560087
CW878620,CW878568
BY375133,EG33783
BN398951,BN398951
BH126462,BY573044
DA98506,DA105415
AL292883,AL292883
CG128718,CG128718
AP88424,AP88424
DB210310,DB147670
BY551793,EN51352
BE206341,BE224932
BE245878,BE245878
BY489676,BY489676
BJ36915,BJ36915
BE309090,BE309090
BZ53938,BZ53938
EH867119,EH834579
EL23028,CB52532
DB262140,DB262140
CW1109211,CW1109211
BW61073,BW61073
EF207768,EF207768
CW227110,CW227110
EH1034484,EH1034484
BL251485,BL251485
CW719530,CW719530
EM95659,EM95659
BN395054,BN395054
AS80064,AS80064
EF109599,EF109599
DL225772,DL225772
BY714033,BL417183
CW1071992,EA34894
BE68288,BE262894
BY629049,BY629049
DZ59710,DZ59710
BY557433,BY557433
AM60880,AM60880
DE270687,DE270687
DB233852,DB233852
BM72817,BM72817
EH661035,EH661035
EB75634,BN367234
EF205869,EF203501
EM101244,EM101244
DD22585,CB27452
DX5758,DX5758
CW899267,CW899267
DL214472,DL214472
EP11241,EP11241
BY157361,BY157361
CK15539,CK15539
BS15274,BS15274
DH45491,DH45491
EF56267,EF56267
CC104478,CC104478
EH602501,EH602501
BY564113,BY564113
AL278354,AL278354
AA178284,AA178284
DE230400,DE230400
BE362841,BE362841
BN182741,BN485751
BE397823,BE397823
CJ153281,CJ153281
EB69142,EN35127
CC102694,CZ80822
BY582299,BY582299
AN173686,AN173686
BB116492,BB116492
BN519809,BN519809
DX13005,DX13005
BH61247,BH61247
EH833848,EH833848
DN84503,CN30900
BR147301,BR147301
EH1025069,EH1025069
BY243089,BY243089
BZ53379,BZ53379
BB28356,BB51172
DB147873,DB68251
CW1076229,CW898905
CW812174,CW812174
DB223295,DB223295
CJ145243,CJ145243
BR171838,BR171838
CM33485,CM33485
CA92262,CA92262
EK18353,EK18353
DA100208,DA100208
AL240694,AL240694
BH78663,BH78663
AL120780,AL120780
EH1131563,EH1131563
DW33544,DW33544
AN159041,AN159041
DR49074,EN50764
AL255101,AL255101
BN423092,BN423092
CW930476,CW649033
BE59988,BE59988
DR18215,DR18215
BL352598,BL352598
BL317096,BL317096
EH1218337,EH1218337
CW636221,CW636221
EB66969,EB66969
BW26876,BW26876
CW401326,CW401326
CW1284199,CW1284199
EH1021621,EH1021621
CW903332,CW903332
DB171305,BY351804
CW728982,CW728982
CW1086292,CW889176
BL339097,BL339097
BL411248,BL411248
BK14357,BK41921
EH313770,EH313770
DB136970,DB136970
BE58550,BE293469
BL429382,BL429382
CW1167114,CW1167114
DA116697,DA116697
DE280715,DE280715
BL289406,BL289406
CJ147423,CJ147423
EC24380,EC24380
DM28653,DM28653
EL5863,EL13348
BY599103,BY599103
CW558860,CW558860
BY548824,BY548824
EF209013,EF177925
AA150365,AA150365
CW1230293,CW652013
AL292840,AL292840
EH1029189,EH1029189
BG39106,BG39106
DB189068,DB219220
CG102096,EL61090
BL278139,EP100251
AN22363,AN22363
BL310459,EJ15306
EH876622,EH876622
DA53207,DA53207
EB60223,EB60223
EH846713,EH1058536
EH1046372,EH1046372
AN110984,AN110984
DG39960,DG39960
DN56244,EG22025
EM46832,CZ81443
AB12130,AB12130
EP94931,EP94931
CS27913,BN354038
EH972074,EH972074
EH975335,EH523507
DB13853,DB13853
EH886171,EH886171
DE286827,DE286827
AP9960,AS82557
BL107626,AA37020
BR187883,BR187883
BE206341,BE297763
AN223938,AN223938
CW542503,CW542503
CW836167,DT61982
CW912395,CW912395
EH1158995,EH1205191
BN414577,BN414577
BY327636,BY327636
BE211277,BE211277
AK110778,DB204424
DH59360,DH59360
BL438522,BL438522
BY533561,BY533561
ER37118,ER37118
AL190284,AL190284
BN497783,EH1252290
EH986520,EH986520
EF210701,EF210701
DB222002,DB222002
EH918146,EH918146
BB93639,BB93639
BR184793,CW661633
CW891887,CW891887
DD212809,DD212809
DB99269,DB99269
EL70320,EL70320
CL54184,CL54184
AN172103,AN172103
CW620832,CW620832
CW1178339,CW890074
EM103999,EM103999
CW733139,CW471383
DB210422,DB210422
BN317690,BN317690
BH102102,BH102102
AL94316,AL94316
BH47478,BH47478
BY494733,AL311842
BW44166,BW44166
CA112350,CA112350
CJ4606,CJ4606
DP12984,DP12984
AJ42900,AJ42900
CW809144,CW809144
DE272675,DE272675
DB235482,DB235482
CE55562,CE55562
EH671728,EH671730
AP91699,AP91699
CW965333,CW965333
DE289721,DE289721
CM61338,CM61338
DB247356,DB247356
CN59157,CN59157
AP14954,AP14954
BE338772,BE338772
BN385700,BN369398
BR180768,BR180768
AS90668,AS90668
BY620616,BY620616
EL54875,EL54875
BY714645,BY714645
BS15139,BS15139
BN469073,BN469073
AB37316,EH759368
DG58953,DG58953
DT132832,DT132832
EC21516,EC21516
BL405851,BL405851
BY526581,BY526581
CW642340,CW642340
DT44140,DT44140
CW554009,CW554009
CJ5768,CJ5768
EH1125147,EH1125147
BE429257,BE429257
BY470387,BY470387
CW886593,CW886593
BN334881,BN341904
DS101400,DS101400
BY704038,BY704038
EH1195024,EH1195024
AW181987,AW181987
EN51443,EN51443
EH1218131,EH1218131
DL104689,DL104689
DD192810,DD192810
EH708998,DE154601
CJ98821,CJ98821
DX61486,DX61486
BZ36404,BZ36404
CW844525,DD158838
AN145694,AN145694
CE41939,CE41939
CW478098,CW478098
CP39344,CP39344
DL221835,DL221835
EH1055438,EH1055438
AK33668,AK60925
CZ88109,CZ88109
EH691357,EH691357
EH903725,EH903725
BD145220,BD145220
BG52396,BG52396
DN120893,DN120893
BL420888,BL420888
BN427781,BN265230
CG150710,CG150710
CW687847,CW687847
DB164792,DB164792
BY585377,BY585377
CP50695,CP50695
AL261543,AL261543
CW634209,CW634209
AL311842,AL311842
BN516340,BN516340
CG132805,CG132805
CJ144014,CJ144014
DL190315,DL190315
DD145267,DD145267
DX15797,DX15797
DB185958,DB185958
CM74097,CM74097
EH631514,EH631514
DD200025,DD78672
BY541759,BY541759
DE263815,DE263815
EH1127454,EH1127454
DR60307,DR60307
EH1055196,EH1055196
DN144738,DN144738
AK85370,AK85370
CW649834,CW649834
BY671382,BY671382
BY607757,BY451883
EH774905,EH1105600
CW783615,CW783615
DS106476,DS106476
DB268170,CN62636
CW917967,CW917967
BE298224,BE298224
BL418905,BL418905
CN53513,CN53513
BY497014,BY497014
DP52382,DP52382
BE407787,BE407787
EH1080847,EH1080847
CW854641,CW854641
EF133366,EF133366
EM108819,EM108819
EH1130432,EH1130432
BR160900,BR160900
CW1196378,CW1196378
AW67139,AW67139
BM68096,BM68096
EH973686,EH973686
AA158588,AA158588
BR117099,EN40091
AL262256,AL262256
AL139667,AL139667
BY561130,BY561130
CW1111604,CW1318278
BM39865,BM39865
CW502668,CW502668
DL238605,DL238605
DL138409,DL138409
EN74291,BN536860
CW903520,CW903520
BL354827,BL354827
EF167088,DB270527
EH1076375,EH1076375
DB142373,DB254545
AG46111,AG46111
ES19016,ES19016
BH135095,BH135095
DE309057,DE309057
BD157194,BD157194
AN213254,AN213254
CW1150862,CW686113
DD167018,DD167018
DN127050,DN127050
CW1128835,CW1108224
CW989645,CW679783
AP91811,AP91811
BL443371,BL443371
AN222571,AN222571
EH836077,EH836077
CW1128934,CW1038513
EH770176,EH770176
BH87118,BH87118
DM20504,BE59988
EH1003422,EH1003422
EH288247,EH288247
AW200413,AW200413
EP89469,EP89469
BL522176,BL522176
DX45302,DX45302
DK41606,BN402572
BD133916,EH973496
AL276211,AL276211
EP64262,EP64262
EH1105774,EH1105774
EP82212,EP82212
CC114211,CC114211
CW865630,CW865630
AL295535,AL295535
CW934489,CW934489
EH943866,EH943866
AL192279,AL192279
EF205869,EF205869
DD136292,DD136292
BM59884,BM59884
CW997668,CW997668
AA51306,AA51306
CW1058602,CW1058602
BY205873,BY241215
BD83918,BD83918
CW1137109,CW1137109
DA111494,DA111494
AA209043,EM61257
EH877664,EH877664
BE267512,BE267512
DL236766,DL236766
EH770811,EH770811
CW864364,CW864364
BF35264,BF35264
CZ26144,CZ26144
DB69628,DB31794
EF217391,EF217391
DE308340,DE308340
EH1011201,EH1011201
BL78637,BL78637
DD22387,DD22387
DB268887,DB264880
BH30539,BH30539
DN132564,DN132564
EH1129657,EH1129657
CW862792,CW862792
EL81241,EL81241
EH567546,EH567546
DT132041,CM58649
BR178493,BR178493
CW625682,CW625682
AX54289,AX54289
AD33907,AD33907
AW169892,AW169892
DE274205,BR56178
CW687016,CW687016
EH1240725,EH1240725
BD126564,BD126564
DA46413,AW25481
CW753891,CW753891
CB5259,CB5259
AW195847,AW195847
CW1196594,CW1196594
BN380320,BN380320
AK110778,AK110778
BE205021,BE302935
BY273955,BY273955
BN409057,BN131030
BL398374,BL398374
BK43520,BK43520
CW435753,CW435753
BE291744,BE291744
EH1086877,EH1086877
CM60235,CM60235
DS91572,DS91572
EF40711,EF142977
EH800818,EH800818
EP85338,EH441275
BL371714,BL371714
CW723370,CW723370
BH138977,BH138977
CW1039911,CW1039911
DB279541,DB269375
DB117894,DB156156
DT82275,DT82275
AM97130,AM97130
EH753496,EH753496
DE76354,DE86624
BE299613,BE299613
BW48370,BW48370
EL81969,EL81969
EH818396,EH818396
AL255022,AL133130
AN149296,AN149296
DN110321,DN110321
AF23166,DP31890
EP77994,DA63629
BL34855,BL34855
CW721173,CW721173
CW833238,CW833238
EH942902,EH942902
DP39573,DP39573
AM81947,CZ80822
CS8177,AH6509
BL344188,BL344188
DT50839,DT50839
CA74513,CA74513
BL38712,BL38712
BY574825,BY574825
DD179359,DD179359
BH16992,BH146720
CW827925,CW827925
DL81978,EH371980
BY650427,BY650427
CB89779,CB89779
DA89655,DA89655
EH1002411,EH1002411
DG59254,DG59254
CW966108,CW966108
EH520221,EH520221
DH52268,BJ47875
EH876733,EH876733
AN33771,AN96946
BN350854,AW67195
EH1071715,EH1071715
AP44471,AP44471
BY324600,BY324600
BN259077,BN259077
BB39369,BB39369
EM66702,EM66702
AP98947,AP98947
CW1012377,CW1012377
BE340035,BE340035
DB256004,DB256004
BL495421,BL335464
AE18356,AE18356
BR188076,BR188076
AN166623,AN166623
AL93786,AL83114
EM122281,EM122281
BY411570,DE288714
EH825450,EH825450
EH1101057,EH1101057
BE447725,BE447725
DR26591,DR26591
BN497380,BN497380
EM93037,EM93037
BK42272,BK42272
DX55513,AN196524
BN472564,BN472564
BK27683,BK27683
DL244558,DL244558
EH629832,EH825801
DX32139,DX32139
BY574954,BY574954
BL294196,BL294196
BY166096,BY677045
CE42125,CE42125
CC103991,CC103991
BY466796,BY466796
BH12573,BH32649
EB61279,EB29825
AD25193,AD25193
DB114207,DH16942
CJ120205,CJ120205
EH939685,EH939685
EJ28313,EJ28313
EH928725,EH928725
BY522368,BY522368
CW1096248,CW1096248
AW172820,AW172820
EA45361,EA45361
CW1022600,CW1022600
BN380635,BN387837
DD126524,DD126524
EH799227,EH799227
DZ51926,DZ51926
EH832285,EH832285
CD17953,DS116941
AA167820,AA167820
BR73840,BR73840
BZ33996,BZ33996
AM87620,AM87620
CW708818,CW611059
BY547215,BY547215
CW901330,CW1101649
DE235805,DE235805
EH1233355,EH761294
DL188506,DL188506
DX5758,BR13556
CM42405,CM42405
EH1249192,EH1249192
AL315053,AL289792
DL216122,DL216122
CW1224719,CW1220075
BY610327,BY610327
CX18231,CG122388
CW741065,CW741065
DR123820,DR123820
DL244193,EL50356
BN481832,BN481832
AN196555,AN196555
AK39683,BB3436
BR48832,BR48832
AL241462,AL241462
DD123146,DD123146
CW1297389,CW1297389
EH1202775,EH1202775
DE269548,DE269548
DE283463,DE283463
CM43677,CM43677
AL23328,AL23328
BC9145,BC9145
CW1031277,CW1031277
CG126682,CG126682
AX71021,EH1146044
EG37027,EG37027
CW994104,DZ61834
CJ50263,CJ50263
CW813257,CW813257
CG72782,AL222925
CW1162310,BY482319
BE291994,BE291994
AS49681,AS49681
BH117792,BH117792
DT94730,DT94730
BR167755,BR167755
AW190592,AW190592
EH1316928,EH1316928
DB245085,DB245085
BY491224,BY698233
BY372666,BY372666
EH1146060,EH1146060
DW51404,DW51404
CC85035,CJ4975
BD83251,DL106094
AA203188,AA203188
BM61853,BM61853
CE31845,CE31845
BM67762,BM67762
AX54774,AX54774
BR202624,BR202624
CW1370636,CW924378
BE114068,BE113623
CW477594,CW477594
BN167660,BN167660
AB26534,AB26534
CW300181,CW300181
CB14417,CB14417
EL83512,EL83512
AX42258,AA213745
EH968162,EH968162
CW1189818,CW1189818
CW518937,CW518937
AW99934,AW163901
AN62886,AN62886
BN401165,BN401165
BB64469,BB64469
EH1117976,EH1117976
DH53543,DH53543
DE216825,BN423563
DS89567,DS89567
DX44459,DX44459
AW77738,AW77738
BY537616,BY594463
EL55640,EM91954
EH645910,EH645910
BN117195,BN117195
BY381887,BY620057
EH847672,EH847672
CW912400,CW912400
DE244375,DE244375
CY27580,CY27580
CW810012,CW810012
CW842498,CW842498
BF29988,BF29988
BL516320,BL516320
DD134088,DD134088
BM67397,BM67397
CB70458,AL343824
DH39927,DH39927
BH147666,BH147666
EL55640,DE288714
CW1070290,CW1070290
AN11036,AN11036
BR144938,BR144938
CW879062,CW1109413
DD13656,DD13656
DA90293,DA90293
AS85892,DD198489
BR219749,BR219749
BE301683,BE301683
AW198068,AW198068
DE309614,DE309614
EG59154,EG59154
DG56373,DG56373
EL84696,BR97372
DB235066,DB235066
AA56799,AA43104
DK29932,DK29932
CW741640,CW647006
BH183332,BH183332
BN340652,BN340652
CG109230,CG109230
AN47113,AN47113
EH921407,EH921407
CJ177853,CJ177853
AA179594,AA179594
DE272556,DE272556
CW1014596,CW1014596
BY392171,BY642421
EH886335,EH886335
DX57817,DX57817
BE221721,EH742520
DL175572,DL175572
DR132053,DR132053
EH971282,EH971282
AL204647,EH801930
EH104692,EH104692
BY376366,BE379370
BY549904,BY510746
AJ39967,AJ39967
BY400776,BY712738
CW990481,CT31460
AN103615,AN103615
BL459680,BL459680
AP71244,AP71244
DN28847,DN123554
DB262621,DB262621
ES15654,ES15654
CZ50980,CZ50980
EH1317245,EH1317245
CW808467,CW808467
EF151693,EF151693
AL36878,AL47645
DE129173,DE113136
EH923365,EH923365
BM43839,BM43839
DL162331,DL162331
EF120854,EF120854
BE294984,BE294984
BJ21684,EL40242
EM32065,EM32065
AM69283,AM69283
DD84654,DD84654
CW574790,CW574790
DA95253,DA95253
DB135086,DB93191
EH972513,EH972513
BL282051,BL282051
AL182530,AL182530
AN88622,AN88622
BH110982,BH110982
AL267705,AL267705
EH798764,EH798764
BL313034,BL313034
BB46564,CZ81443
CJ88729,BN367234
CC107807,CC107807
CW836996,CW836996
CW698304,CW698304
CL55585,CL55585
BL187349,BL187349
CW1237502,CW1237502
CM63096,CM63096
BR175924,BR175924
EH622027,EH622027
EH513101,EH513101
DC10731,DC10731
DT167023,DT167023
CW891752,CW891752
BY249090,BY30185
BN342786,BN308098
BR190794,BR190794
BF12882,BF12882
CW1024105,CW904949
EH1132938,EH1132938
BR183337,BR183337
AL228281,AL228281
CW1162310,CW709970
BR171610,BR171610
DL221569,DL221569
BE315301,BE315301
DR118939,DR118939
BL490003,BL490003
BZ66613,BZ66613
DL213859,DL213859
AW181403,AW181403
BY637117,BY637117
BL272139,BL272139
EH712102,EH712102
EH715773,EH715773
CW875836,CW950462
DR48817,DR48817
AW107905,AW107905
BG52192,BG52192
CW1176057,CW1176057
BP68454,BP68454
DX21656,DX21656
AL140778,DB132537
EH890386,EH890386
AZ17502,AZ17502
CW714114,AW133747
DE281603,DE281603
DR138354,DR138354
EF129173,EF129173
BE426920,BE426920
AL321329,AL321329
CW1035083,CW1035083
BE326821,BE326821
BY609767,BY609767
CL49611,CL49611
BY560789,CZ87607
BL418374,BL418374
BN332480,EH735410
CW1065879,CW1065879
DB161396,DB161396
CW931997,CW931997
EM120952,EM120952
CJ96568,CJ46908
BL416337,BL416337
EH910489,EH910489
BB45240,BB45240
CW1082399,CW1082399
AL95624,AL95624
DL246250,DL246250
EP85717,CW531572
DB39295,DB180695
BY342053,BY342053
DW38605,DE249376
DW68095,DW68095
BC56309,BC56309
CW692062,CW893080
EJ22493,EJ6056
EH712229,EH712229
CW1052224,CW1052224
EH763528,EH763528
AL307191,AL307191
CW1273856,CW1273856
CW701555,CW701555
CN70795,AE14436
DG10221,DG5897
EH732998,BZ43697
BH177219,BH177219
BN392252,BN392252
EH828567,EH828567
CW606208,CW1296995
DR42726,DR42726
DH38482,DH38482
DE249386,DE249386
CW975270,CW758165
BY607398,BY607398
BR184793,BR184793
EF139019,EF139019
DE299942,DE299942
EH788262,CW845574
EN78204,EN78204
EH974974,EH974974
ES22998,ES22998
DE320469,DE320469
CH32220,CH32220
BN337617,BN337617
BZ34348,BZ34348
AL235298,AL235298
DD98656,DD98656
BL420508,BL420508
BN390866,BN390866
BY77464,BY77466
BH171525,BH171525
DL230023,DL230023
DE161190,DE161190
EH802386,EH802386
AD25012,AD25012
EH666979,EH666979
CM32974,CA54008
EH984089,BR201962
EH670248,EH671687
DB106639,DB106639
EH1155426,DS116941
CW886630,CZ86513
CW745012,CW677269
BE360551,BE360551
EH1022931,EH1022931
AL47460,AL47460
EH969215,EH969215
BN420304,BN420304
BE261002,BE86748
BE221721,AE14436
CW976190,CW594140
DA110093,DA110093
EH948702,EH948702
DD164048,DD35846
BC29218,BC29218
DZ65460,DZ65460
EH1073735,EH1073735
CW1061883,CW1061883
BL188903,BL439915
EH997375,EH385417
AL324021,AL311842
DE307022,DE307022
EP88665,EP88665
CW1021290,CW1021290
CG186964,CG186964
AS85503,AS85503
BN255502,AH15513
BE405986,BE405986
EH815398,EH815398
EL64435,EL64435
BH152012,BH152012
AL183733,AL183733
CW809514,CW809514
DT48507,DT48507
BP31944,BP31944
AZ19980,AZ19980
BE270297,BE270297
EH1249363,DE149402
BD130075,DE291313
AL297645,AL297645
EH1087086,EH1087086
CB52517,CB38424
BE319565,BE319565
BY523112,BN296479
EH633093,EH633093
BN297109,BN297109
DL216288,DL216288
DA106530,DA106530
EH1103501,EH1103501
CF6521,CF6521
BL448853,BL448853
BP47426,BP47426
BH152272,BH152272
EH1077209,EH1077209
AN184070,AN184070
BE247165,BE247165
AW126546,AW107006
AL322030,AL322030
CY31229,CY31229
CW990481,CW1324975
EF194451,EF194451
CW946625,CW1263996
AM93242,AM93242
CW646660,CW336388
CW969754,CW878568
EH841721,EH841721
DB211296,DB211296
AW108255,AW112997
BE350162,BE350162
DM34077,DM34077
AN145545,AN145545
DG54334,DG54334
CW1141668,CW1141668
CZ46175,CZ46175
BE282749,BE354229
CW1322920,CW1322920
EH804382,EH821297
BE287645,BE287645
BL481746,BL481746
AK128845,AK128845
EH828269,EH828269
CW900893,CW913488
CW1140852,CW777237
AN155660,AN155660
BY668631,BY668631
BY381887,BY381887
BE233590,AL104595
CH48182,CH48182
BR153687,BR153687
AG42012,AG42012
DZ59939,DZ59939
BY628512,BY698233
EH1163486,EH1163486
AA138650,AA138650
BM32900,BM32900
CJ141647,CJ141647
DA33365,EH208050
BL294983,BL294983
DJ13502,DJ13502
EH975706,CP39344
BN499987,BN536265
EH1031371,EH1031371
EH1318975,EH1318975
BP43614,BP43614
DR64511,DR64511
DT153100,DT153100
CW703700,CW703700
CW724780,CW724780
DJ12941,DJ12941
BZ43113,EM91954
CW804212,CW735975
CM64574,CM64574
BM3207,BM3207
CG153196,CG73698
CE49457,CE49457
DR117844,DR117844
CC4518,CC24290
BN309081,BN309081
CW922926,CW922926
CP41737,CP41737
CW1085928,CW1085928
BE372547,BE372547
BC47200,BC37394
AN118096,AN118096
DE198554,DE198554
BD95102,BD95102
BY744520,BY744520
BY469516,BY469516
EM130751,EM130751
EL85765,EL85765
CW923752,CW923752
EM13136,EM13136
AW131494,AW96724
CW989478,CW989478
BL438192,BL438192
CL49566,CL49566
EL42729,EL42729
EH943559,EH943559
DD132438,DD132438
EH564142,BL260036
DR12665,DR12665
BD139951,BD139951
BE237881,BE237881
AA27869,DN59793
ES22598,ES22598
CC94004,CC94004
CC103416,CC103416
CP7920,CP7920
DP8409,DE334393
CN70795,CG151931
AL255523,AL255523
EK12733,EK12733
BN429228,BN429228
DR74992,DR74992
BR143969,AP80375
EH969190,EH969190
EH819498,EH819498
CW582017,CW1220151
CW873058,CW873058
DT23022,DT23022
DZ68879,DZ68879
DA103818,DA103818
EL97241,EL97241
AW178716,AW178716
EH972956,EH972956
DD211836,DD211836
DB193533,DB38194
BL399216,BL399216
DL141112,DL141112
BE353124,BE353124
CW158749,CW158749
EJ15594,BR107813
AW151218,AW151218
CJ90393,CJ90393
BR160428,BR160428
CG161700,CG161700
BR224444,BR224444
CW669796,CW1059702
DE268634,DE268634
BY626846,BY626846
CW847569,CW847569
CW1152660,CW1152660
AL254589,AL254589
CW990481,AN154296
CW652663,CW1082399
AL289792,AL289792
EH1130261,EH1130261
EH985752,EH985752
BH137015,BH137015
BH105849,BH105849
EH622027,BE206336
AA117694,AA117694
CM72319,CM72319
BM12375,BM12375
CW803499,CW803499
CW906355,CW906355
EL38419,EL38419
EF142748,EF100351
BY562165,BY614260
CW706748,CW706748
BL419557,BL419557
BE108372,BE108372
DD62268,DD91977
AN236528,DB104352
DG15641,AX37060
BL349683,BL349683
AM89510,AM89510
BE344248,BE344248
DB288388,DB288388
CW501685,CW501685
BN292815,BN292815
CJ135341,DB96465
BB95704,BB95704
DA84773,DA84773
BL160430,BL160430
CE58895,CE58895
AW48691,AW19362
AP15200,AP15200
BY618651,BY618651
EM65305,EM28231
EH1214782,EH1214782
EH1041156,EH1041156
BR73580,BR71009
BR156444,BR156444
EF182969,BL430094
CW1255399,CW1255399
DB287589,DB287589
BL370582,BL370582
BE441982,BE441982
BP57900,BP57900
AL314503,AL314503
CW1003797,CW1003797
BY234726,BY234726
AM78802,AM78802
AS8677,AS8677
AS76617,DN126617
BF14678,BF14678
ED48260,ED48260
EH825092,EH825092
BK43620,BK43620
BH46278,BH46278
CS32613,CS32613
AX41806,AX41806
BY601929,BY601929
BL433117,BL433117
EH385417,EH385417
ED45394,AL174931
CW804358,CW804358
CW1299134,CW1299134
DA104808,DA104808
BE375150,BE375150
BE422216,BE422216
CW906844,CW906844
EM23964,EM23964
CM48543,CM48543
AN174282,AN174282
BR147844,BR147844
DE284915,DE284915
BH154790,BH154790
CW1229718,CW1229718
BL330014,BL330014
CW938707,CW938707
BL372476,BL372476
CW1020874,CW1147092
EH769737,EH1313793
BN433361,BN433361
CW727038,CW1004260
CB89414,CB89414
AL219640,AL219640
BN380320,CW691427
CW702475,CW368587
DA60338,DA42568
CM62540,CM62540
AW88567,AW72893
DY36453,BJ47875
BB31753,DB34334
BG49138,BG49138
DA89607,DA89607
DL226947,DL226947
DB65722,DB45227
BD134544,BD134544
DA115037,DA115037
EP56466,EP56466
AL126646,AL126646
CW750959,CW750959
EH936501,EH936501
EM114994,EM114994
CW855348,CW855348
AL271978,AL271978
DW30007,DW30007
CN13537,BR57912
BY551793,BY551793
CJ146023,CJ146023
BM8844,BM8844
EP68961,EP68961
AL289088,AL289088
DE284653,DE284653
BW51511,BW51511
CW812412,CW812412
AL5162,AL5162
BK53627,CM70737
EH753133,EH753133
BN371356,BN371356
AE26584,AE26584
BY25919,BY109187
CM73852,CM73852
BC18537,BC18537
DT129805,DT129805
BY645309,BY645309
AA150886,AA104115
CW986861,CW709970
CP43619,CP43619
EH972947,EH972947
BY709661,BY709661
EM112611,EM112611
AG50587,AG50587
AN147238,AN147238
AX66878,AX66878
DB240842,BL282051
EH1098547,EH1098547
CC50578,CC151123
AW223717,AW223717
BE174399,BE174399
BL376442,BL376442
CY26573,CY26573
CW854394,CW552390
CA97220,CA97220
CG149654,CG149654
CW1021943,CW1021943
AN157723,AN157723
EB12596,EB12596
AW157560,AW157560
BN466284,BN289712
BP56184,BP56184
BH55695,BH55695
CH27292,CH27292
CE52629,CE52629
BE338133,BE338133
AL299722,BG49209
DA96948,DA96948
DA65241,DA65241
ER25680,BL108623
DL234617,DL234617
AL324021,EH1027897
BY668073,BY668073
BA16514,BA16514
DL220729,DL220729
BH168188,BH168188
BL444672,BL444672
BN94208,BN74134
BE348785,BE348785
DB312379,DB329846
BL333842,BL333842
EH971224,EH971224
DS101860,DS101860
BE428692,BE428692
CW619059,CW619059
BY155062,BY583762
BN408209,BN408209
EF159122,EF159122
CW1268559,CW1268559
EH1028149,EH1028149
CW1150862,CW1055408
BL374839,BL374839
EN62413,EN62413
BR197156,BR197156
CW678760,CW262913
DH55881,DH55881
BL314158,DL180294
CW829509,CW1127590
DB212548,DB212548
BR205050,BR205050
AN214412,AN214412
CH36174,CH36174
DN161282,BR56178
EH882059,EH882059
BR214259,BR214259
BL164997,BL164997
EH676069,BC44448
DF22702,DF22702
AN98025,AN98025
BL370514,BL370514
BN440655,BN440655
CW1091222,CW1091222
CZ73654,CZ73654
CC141129,CC141129
EH376183,EH376183
DL252665,DL252665
EH1087600,EH1087600
BY508864,BY52230
BL347838,BL347838
BY13817,BY660331
BN475276,BN475276
CL28495,CL28495
EH882839,EH882839
DZ69934,DZ69934
BL142653,BL383185
DT120442,DD191352
DN140814,DN140814
BJ21684,CA100457
BP56378,CA99691
AM57447,DA61371
CA110239,CA110239
BD149502,BD149502
AA155109,AA155109
BE345596,BE345596
EL24737,EL24737
AM73062,AM73062
BY333674,BY333674
EH278570,EH278570
BY702705,BY702705
CW909691,CW909691
CW1186486,CW1328486
DD199022,DD199022
EH1003401,EH1003401
DB235681,DB235681
EH671660,EH671660
BH151947,BH151947
DS76905,DS76905
BJ35002,BJ35002
EH921114,EH921114
CW552728,CW552728
EF155857,EF155857
DY44576,DY44576
EF160516,EF160516
DL227143,DL280167
BL447898,BL447898
CW661029,CW661029
EM12222,EM12222
EN66483,EN66483
AL136851,AL136851
EH940510,EH940510
BE279282,BE277862
DD175050,DD175050
DB118645,DB188511
BN446023,BN446023
DK2945,DK2945
BG13720,BG13720
BL381180,BL381180
CW842205,CW842205
CJ198250,CJ198250
BY723372,BY723372
DN146302,DN146302
AK39683,AK119661
EH955093,EH955093
EP93171,EP93171
DD157442,DD157442
BN407454,BN407454
BL291828,BL406517
DX55906,DX55906
DE292232,DE287665
BR38006,BR38006
AW199988,AW199988
EF93275,EF93275
BW60366,BW60366
DZ65342,DZ65342
BY428833,BY428833
EH824592,DB153610
DL240987,EH805908
BY349684,BY349684
CW551800,CW551800
EG37234,EG37234
EH1111867,EH1007120
EH970963,DB192780
CW769636,CW769636
CC128147,CC128147
DL178114,DB182893
EH1178340,EH1178340
DA125460,DA125460
ER27604,ER27604
DL257885,DL257885
CW800662,CW800662
AL263519,AL263519
AN35904,AN35901
DB299227,DB299227
BE51132,BE51132
BP56024,BP56024
BE363674,BE363674
EH939245,EH939245
CW874960,CW874960
AN22898,AN22898
AA137746,AA137746
BN504307,BN504307
DB268170,DB268170
BW52472,BW52472
CW935907,CW934345
BY546309,BY546309
BR182717,BR182717
BH123371,BH123371
DD158994,DD158994
AM52387,AM52387
BL368736,BL368736
BL420030,BL420030
CW1020874,AL104595
DE214513,DE214513
EH927286,EH927286
EH731734,EH731734
CZ86627,CZ86627
CZ86627,BD139200
BN388594,BN388594
BY503408,BY463738
DM32483,DM32483
DA33365,DB102457
DB280891,DB281765
EF172359,EF172359
DT49310,DT49310
BY479835,BY479835
BY701344,BY701344
EH794967,EH794967
EH874558,EH874558
EH272031,EH272031
BY411570,EM91954
BE346334,BE346334
EH874815,EH874815
DL200762,DL200762
CJ100004,CJ100004
CW744943,CW744943
BY39976,BY502153
CC122371,CC122371
DR69766,DR69766
EM103506,DE200771
BZ49229,BZ49229
AK163035,AK163035
AA63367,AA63367
BN493829,BN493829
EH589528,EH589528
CJ132319,CJ132319
EH1118801,EH1118801
AG30163,DB189889
EH994604,EH994604
BY596862,BY596862
CZ115385,AG38030
CW1071734,CW1071734
EH970472,EH970472
EH970156,EH970156
EF72624,EF72624
BN377763,BN377763
CZ70200,CZ70200
AL136232,AK49788
EH975490,EH975490
DT87582,DT87582
CE49787,CE49787
BY508572,BY508572
BN157072,BN157072
BR230185,BR230185
DL250533,DL250533
CG33013,DZ11177
EH1129966,EH1129966
AL284778,AL284778
CW1002781,CW1002781
BR169706,BR169706
EH777612,EH777612
CW948918,CW1246942
BY470361,BY470361
CW1049022,CW1128564
AM96446,DD167899
EH788469,EP31931
CZ87925,CZ87925
CW1075200,CW1328455
DR83837,DR83837
BN33938,BN60118
DL170824,DL170824
DL242150,DL242150
BL398487,BL398487
BY626732,BY626732
EH1109115,EH1109115
CW745012,CW401381
CR22132,CR22132
DA42429,DA42429
BM45171,BM45171
BL143887,BL143887
BM5993,BM18858
EH963125,EH963125
CP43776,CP43776
BE206837,BE206837
ES6464,ES6464
BW66447,BW66447
CW830500,CW830500
BN467476,BN467476
CW1028233,CW1028233
BR205040,AJ29403
CB75786,CB75786
BN368310,BN368310
BN288434,BN288434
BY645747,BY645747
CJ179587,CJ179587
EH940510,EH834567
BB100472,BB100472
BN280732,BN280732
EL81192,EL81192
BG33535,BG33535
AX64895,AX64895
EH1222488,DN143717
AN201928,AN201928
EH1318983,EH1318983
EH590412,EH590412
CW652536,CW652536
AN110263,AN110263
EH663653,EL28952
CL35643,CL25184
DL274213,DL274213
BE367820,BE367820
BD107730,BD107730
DS84124,AA129384
CA62442,BH105661
EH732974,EH732974
CW866542,CW756619
CJ143844,CJ143844
EB51535,EB51535
EG40722,EG40722
EL79359,EL79359
EH694655,EH694655
DE272046,DE272046
CT32991,BN430161
CZ62334,CZ62334
BZ12541,BZ12541
BP24470,BP24470
EH1167000,EH1167000
DA31816,DA104415
CN30900,CN30900
AH5716,AH5716
CW1211050,CW1211050
BL397651,BL397651
BL113512,BL113512
BR172928,BR172928
EF52317,EF52317
EL81703,EL81703
BL377606,BL377606
CW899464,EH1087015
BN471355,BN471355
AM51741,AM51741
CW844525,BY415113
CB56773,CB31258
CW836142,CW836142
CW1238379,CW1238379
BL401318,BL401318
DB11793,DB11793
DL220931,DL220931
EF205462,EF205462
BY529077,BY529077
EP29437,EP29437
BE310030,BE310030
EM97075,EM97075
DB189372,DB189372
CC111842,CC111842
AN107813,AN107813
BZ51873,BZ51873
DB34545,DB34545
DL273861,DL273861
CW803596,CW714506
EG63824,BL329074
BY333609,BY333609
AN198757,AN198757
CW1181933,CW995567
BE300921,BE300921
AM107743,BL530731
EH1249363,BL263370
DE293929,DE293929
AL173635,AL173635
CT56343,CT56343
CX18231,EH1027897
AL334922,AL334922
CW1188126,CW1048557
BL447072,BL447072
BE302935,BE302935
AL251407,AL251407
BY615452,BY615452
DT137003,DT137003
CG7313,CG7313
BW17755,BW17755
BD136562,BD136562
EH597057,EH597057
BZ57993,BZ57993
AB29807,AB29807
BE154768,BE361010
AN39335,AN39335
EL72547,EL72547
EF43157,EF43157
EH729606,EH775253
AL216401,AL216401
EH615044,EH615044
EP80127,EP80127
BN376436,BN394465
DG38321,DG38321
AW163327,AW163327
DE269029,DE269029
EP91061,EP91061
CW650951,BR97372
BN328987,BN328987
EL51263,EL51263
CW779769,CT37875
DK36240,DK36240
BN376156,BN376156
DT52097,DT52097
AA45979,AA5178
CW890811,CW890811
EH1195765,EH1195765
EH705861,EH705861
BW33657,BW33657
EH693320,EH1027897
AW218119,AW218119
EG44129,EG44129
BY489616,BY489616
CW760523,CW1100786
CW860490,CW732754
BR133754,BR133754
BR222281,BR222281
ED50097,ED50097
ED45192,ED45192
BE221591,BE221591
BN130303,BN254858
DB129895,DB129895
BR228393,DP56273
AK147560,AK147560
CZ4590,CZ4590
CJ173943,EH662502
DA57628,DA57628
BN470530,BN470530
CM63389,CM63389
AL267066,AL267066
AL342769,AL342769
AS19982,AS19230
EH708998,EH840341
CG129345,CG129345
BK7417,BK7417
BE247693,BE247693
BY568493,BY598352
EH698060,EH698060
BN276817,BN276817
CK8165,CK8165
CW752915,CW752915
ED48320,ED48320
CT45469,CT45469
BN395556,BH94478
BL403748,BL403748
CW551456,CW551456
EH1155771,EH1155771
DB235049,DB235049
EH974007,EH974007
CW832132,CW693010
CW662687,CW662687
BE199464,BE199464
CW852684,CW852684
EF25220,EF25220
BR18690,BR18690
BH180809,BH180809
DA81823,DA67598
AJ41336,AJ41336
CW917808,CW917808
EM48834,EM48834
EF76832,EF76832
EH197559,EH197559
BN413908,BN413908
EH840106,EH840106
EH1062509,EH1062509
BN415399,BN415399
BR183180,BR183180
AS64339,AS64339
BN346536,BN519904
BY572268,BY572268
AP7164,AP7164
BZ22998,BZ22998
DX48541,DX48541
EH1055820,EH1055820
DW18258,CC4920
BF28791,BF28791
CW1249915,BE330268
EH1076540,EH1076540
CW592867,CW741711
EH629832,EH741121
BE318687,BE206336
BE269001,BE269001
CW624175,CW624175
EH1059702,DS49628
CW857493,CW857493
AS92401,AS92401
EH1126493,EH1126493
CW670470,CW670470
BE356083,BE356083
EH510447,EH208050
CH53797,CH53797
CW767235,CW767235
CL51663,CL51663
EP22702,EP22702
AN204410,AN204410
DA104497,DA104497
BN218176,BN264226
CL45460,CL45460
CW310523,CW310523
EH784772,EH784772
AL120175,AL120175
EH1078831,EH1078831
DD81407,DD81407
CG160108,CW881812
CW1039949,CW1039949
CW995377,CW995377
DN130212,DN130212
EH833138,EH833138
BY267831,BY267831
EH983133,EH983133
BH104372,BH105661
BY64579,BY64579
EN68496,BJ47875
EH1073038,EH1073038
DB238763,DB238763
DN74203,DL129815
EH1201537,EH1201537
AL310210,AL310210
CW569753,CW1346275
CW868134,CW868134
CW857453,CW857453
CW1020874,AN154296
BL400030,BL400030
AL224016,AL224016
DT5968,AK71414
AL349454,AL360709
EH835026,EH835026
EH1055478,EH1055478
EL89717,EL89717
CD29223,CD29223
EL55640,EF100573
DX51205,DX51205
EH952083,EH952083
ED55171,BR98430
EH1092203,EH1092203
EH764664,BY414038
ED45087,ED45087
DL264390,DL264390
DH47433,DH47433
BE369807,BE369807
EH802748,EH802748
DL135786,DL135786
CW698996,CW698996
BE445019,BE445019
CJ127245,CJ127245
CW1103579,CW1103579
BY172014,BY24217
AA137825,AA137825
DE274205,BY594630
CW1149053,BR129238
CW1022024,CW1022024
BM37620,BM37620
CW1224972,CW1224972
DT57672,DT57672
BZ55159,BZ55159
BX14573,BX14573
CW695405,CW695405
DL163989,DL163989
CW848159,CW848159
EH943203,EH1291959
DE199729,EH566589
CW1088364,CW1073875
AL192607,AL192607
CY30587,CY30587
CW875529,BY415113
BY583012,BY583012
BE222374,BE281445
AM94672,AM94672
BH16798,BH16798
BN298004,BN298004
EH824443,EH824443
EH1165512,EH1165512
EH617207,EH617207
AL311209,AL311209
DB167137,DB167137
EH546910,EH546910
BL380857,BL380857
BR161881,BR161881
EG53359,EG53359
DR126514,DR126514
BH97358,BH97358
EM107627,EM107627
AL193230,AL193230
BY589888,BY589888
BE441761,BE441761
CW1040265,CW1040265
CW594869,EF130756
CN67617,CN67617
EH623973,EH623973
CW1044980,CW1044980
AL308935,DH44687
DZ46432,AD25964
DN161282,AN52777
CA53196,CA53196
CW1152827,CW874960
CW1275369,CW1275369
AA127761,AA127761
CH47236,CH47236
DR140963,DR140963
EH864091,EH864091
BY638856,BY638856
CW695778,CW689924
BE271099,BE12020
CW739134,CW739134
DA85117,DR146942
BN400590,BN400590
BE271099,BE271099
AS59331,AS59331
BY558802,BY558802
AM36338,AM36338
BN486659,BN486659
EF174799,EF174799
CW592867,CW878342
CW749295,CW749295
EH960853,EH960853
CW646263,CW989478
DE216896,EH569228
CW784332,CW654329
EH1109327,EH1109327
AD24839,AD24839
CW794580,CW794580
BL281242,EH823960
BE392788,BE62423
BR240536,BR240536
BL293502,BL293502
EH1181545,EH1181545
BH66209,BH66209
CJ139752,CJ139752
BE119242,BE89036
BY315422,BY594630
CW1026238,CW1026238
DB281765,DB281765
EM11919,BP15122
DB256587,DB256587
DL127851,DL127851
AL266675,AL266675
AL310403,AL310403
EH856258,EH856258
CP40652,CP40652
CW637013,CW1059702
DE289921,DE289921
CW1025835,CW1025835
BE119242,BE212139
EL95578,EL95578
AL196178,AL196178
EH525630,EH1200718
CT37224,CT37224
BL266052,BL266052
DN116464,AN145151
CG104779,CW833428
CH50535,CH50535
CG67194,CZ45017
AL303911,AL303911
CW1067843,CW1067843
AM36155,AM36155
CW900877,CW900877
EH684238,EH632126
CM57613,CM57613
AL216438,AL216438
EH469462,EH469462
AK91236,AK91236
CW795931,CA100457
CM32974,DZ32219
EH983649,EH983649
BN490362,BY257467
BZ36307,BZ36307
ER27170,ER27170
EH882337,EH882337
DA115727,DA115727
BL464592,BL464592
EL76564,EL76564
DD122846,DD122846
BM29739,BM29739
EH961264,EH961264
EH1181638,BY641910
BY691705,BY691705
DA65412,DA65412
BY605032,BY605032
BN408155,BN408155
DB270023,DB145362
BL506019,BN373990
CW990104,CW990104
DB89198,DB4806
BY709353,BY709353
BN264408,BN210114
BY682972,BY682972
CW808026,CW808026
CZ94725,CZ94725
BY39301,BY92384
CW641433,CW541279
DL227143,DR118412
BD94198,BD82712
EH731656,EH731656
BY257082,BY377946
CW1326398,CW1326398
EH734647,EH734647
CW860378,CW860378
AW146016,AW146016
DR84796,DR84796
BR182087,BR182087
DZ58303,DZ58303
DB245137,DB245137
CW1020874,CW575679
EH1193574,EH1193574
CX21223,CX21223
EH918029,EH918029
AL324021,AK144869
CW933606,CW933606
CA55479,CE13071
BY411570,BN367234
BN381728,BN381728
CH37202,CH37202
BY489551,BL154610
BL378072,BL378072
BM21437,BM21437
BN292189,BN292189
CW663628,CW663628
AM87198,AM87198
DD139916,DD139916
AT22739,AT22739
BY575610,BY575610
EH493713,EH493713
EF188205,EF188205
EP76454,EP76454
CW940570,CW940570
DR136598,DR77043
ER35899,ER35899
AK133733,AK133733
EH621661,BY379922
BH141586,BH141586
BL407952,BL407952
AX64682,AX64682
CM48229,CM48229
EH872901,EH872901
BH89033,BH89033
BB92923,BB92923
CW969707,CW569513
EM91988,EM91988
DL237314,DL237314
EH848801,EH848801
EP68759,EP68759
BY658095,BY658095
BE400599,BE400599
EM130500,EM130500
EH982973,EH982973
AL247052,AL247052
EH915035,EH915035
CR19481,CZ81443
DL152719,DL152719
BL518019,BL518019
BB100981,BB100981
EF112511,EF112511
DL244553,DL244553
CW912093,CW584716
EH1145623,EH1145623
DD142581,DD142581
BN232483,BN232483
EJ17394,EJ17394
BE181859,BE217377
DR121869,DR121869
CG137178,CG137178
CT40000,BR233988
DB140810,DB134244
EH591370,EH591370
EH1076438,EH1076438
DA121476,DA121476
BD98706,BD98706
BE331956,BE331956
AL246562,AL246562
DK30887,DL256663
CL45460,CL47342
EH827590,EH827590
EH741218,EH741218
EH732998,EH732998
DB178876,DB178876
CC102159,CC102159
DD161392,DD187253
CJ146224,CJ146224
CW1021072,CW1021072
EH663168,EH663168
CW1038912,CW1038798
DE316072,DE316072
AW49468,AW49468
CW911865,CW911865
BR155350,BR155350
CA102222,CA102222
BN345379,AK104830
DD125445,DD125445
BR49306,BR49306
CW579747,CW579747
BL280031,BL280031
BL280697,BL280697
EH1098809,EH1098809
EH667956,EH667956
CG50628,CG50628
CW655212,CW586637
DD157955,DD157955
BY553524,BY553524
EH708998,EH1109327
DT140206,DT140206
CW1159932,CW1159932
BM56307,BM56307
BR177767,BR177767
CP46695,BB51172
EH535098,EH535098
BN423369,BN384472
EH621611,BY312977
BN460055,BN460055
BL495421,EH1027897
BY704072,BY704072
AK119474,AK119474
EH914067,EH914067
DB298048,DB298048
CW824937,CW824937
CC85035,CW805278
AK80719,AK80719
BL444256,BL444256
BY265815,CG97616
BN457576,BN457576
EH948475,EH948475
BL278243,BL278243
DT131754,DT131754
CW1244158,CW1000784
DL92575,DL92575
EH812320,EM91954
EM94791,EM94791
BY673984,BY673984
CW828009,CW1347256
CW802589,CW802589
EH809473,EH809473
DT112439,DT112439
BL410308,BL410308
DE291250,DE66326
BR64495,BR64495
CW1049926,CW1049926
DM32822,DM32822
BN312539,BN312539
AL254341,AL254341
EH1051851,EH1051851
AW105287,AW201921
BC17294,BC17294
EJ3014,EJ3014
CW1096358,CW1096358
CW1137547,CW1276307
EH748133,EH748133
AL297059,AL297059
DT84300,DT84300
DE281063,DE281063
ER35478,ER35478
AH27302,AH27302
AH23468,AH23468
EH826048,EH826048
CG111872,CG111872
BN247917,BN247917
AA72260,AA72260
DL202437,DL202437
BN341361,BN341361
CW682397,CW682397
EM22366,EM22366
DB214967,DB214967
EB72320,EB72320
CA99351,CA99351
CW969707,CW643046
CW595300,CW595300
EM131336,EM131336
EH757220,EH757220
CN59033,CN59033
DR53989,DR53989
DE213160,DE213160
BE243860,BE394327
EG49189,EG49189
BL513905,BL479951
CW1276517,CW1276517
DR112153,DR112153
AL233711,AL233711
EM33329,EM33329
DB243621,DB243621
DT35314,DT35314
DR117044,BE260470
DR64249,DR64249
BP55441,BP55441
BM71995,BM71995
AL244184,AL244184
CG13597,CG13597
DA92965,DA92965
AL311842,AL324021
BL495421,EH1311832
DT117670,DT117670
AN183966,AN183966
EH541783,EH541783
BY75096,BY542282
EH944890,EH944890
EH809262,EH809262
BR137584,BR137584
AP32633,AP32633
BY449061,BY449061
AS91569,AS91569
CZ92505,CZ92505
BD107319,BD107319
EL52190,EL52190
CW1040812,CW1040812
EH856375,EH856375
BB64708,BB91819
AM67754,AW122571
BD130954,BD130954
CW1042158,CW1042158
AL250792,AL250792
AW195847,BH169260
AN90576,AN90576
BM67797,BM67797
DR65806,DR65806
EP78850,DD225516
AG56463,AG56463
CP44369,CP44369
BN365805,BN365805
BB89667,BB89667
BD101774,BD101774
EH1160297,EH1160297
BR176956,BR176956
DR126582,DR126582
BY548874,BY548874
BY29756,BY29756
CW470162,CW470162
DK34135,DK34135
EH716713,EH716713
CG184496,CG184496
CW1170563,CW1170563
AL132675,DL134548
AB40700,AB40700
AA189046,AA189046
CW985398,CW985398
BY692717,BY692717
CA82969,CA82969
CJ4975,DH45866
CX18231,AL311842
AL306549,AL306549
BN484079,BN484079
EP92606,EP92606
EH1138041,CT31460
DR118089,DR118089
CA79458,CA79458
BC64697,BC64697
BY218764,BY218764
DD139001,DD139001
BE181859,CZ44339
CW751304,CW751304
BE352897,AN182525
EH839467,EH839467
CW1229206,CW1229206
BF15639,BY80424
DB33997,DB179409
CW1001109,CW862435
BH23568,BH23568
BN478596,BN478596
BE426154,BE426154
EH1085554,EH1085554
AN39630,AN39630
AA187964,AA187964
CW1024294,CW1024294
BL414261,BL414261
CG87938,CG87938
DN94961,DN94961
BH25894,BH6394
DW63371,DW63371
DB250109,DB250109
EH621611,EH621611
EH1131131,EH1131131
BY158855,BY122798
BH66694,BH66694
DB289254,DB289254
BN82394,BN82394
AM101094,AM93040
DH28348,DH28348
EM94450,EM94450
DL251432,DL251432
BY352407,BY417024
BE108571,BE293763
BE333795,BE333795
DW65380,DW65380
AD23183,AD23183
BR166273,BR166273
AA37923,AA37924
EH951225,EH951225
BL347323,BL347323
CJ172008,CJ172008
DB205202,DB81965
DN49341,DN16794
EH456116,EH456116
BY501995,BY254258
EH939068,EH939068
EH644440,EH644440
CC109553,CC109553
AN175420,AN175420
EH802592,CZ80822
DX57790,DX57790
CB32722,CB32722
DE235850,DE235850
CB22303,CB22303
CW1057872,CW1057872
BM21733,BM21733
BN488329,BN488329
CN87711,CN87711
DT120442,DN115387
CJ36475,CJ36475
AW157560,DT77400
AK54006,AK54006
EH539960,EH634862
DE197056,DE197056
BR125700,BR125700
BW56756,BW56756
DB291575,DB291575
DR100111,DR100111
AS81696,AS81696
AS44762,AS44762
CJ170365,CJ170365
EF152709,EF152709
CJ141321,CJ141321
BE317380,BE317380
DG57089,DG57089
EH1146679,EH1146679
BL413347,BL413347
EF123219,EF123219
BR89440,BR89440
CJ30311,CJ30311
CW1197229,CW652013
BE391842,BE386089
EH830763,EH830763
EH1186956,EH1186956
BL301547,BL301547
AW207662,AW207662
EH738415,EH738415
CW899785,CW899785
DA26008,DA26008
DY28544,DY28544
EJ29735,EJ29735
BY471337,BY471337
CA97488,CA97488
BN91300,BN172831
CW1152872,CW861546
BE275209,BE275209
AZ10212,AZ10212
EH753526,DS116941
ER36041,ER36041
EH1249363,DE154601
EH827362,EH827362
DA46114,DA46114
DE267080,DE267080
EH687675,EH687675
CW602394,CW690831
CW889614,CW889614
CW575540,CW575540
BE195887,BE195887
CJ150161,CJ150161
BY523112,BH179120
EM79829,EM79829
AN231941,AN231941
EH825790,EH825790
AL261011,AL261011
BW6426,BW6426
BR172252,BR172252
CW1152827,CW1044302
EH811119,EH1052830
CW900650,CW159218
CW1162207,CW1162207
DL178114,DL178114
DA47713,DA47713
AN187530,AN187530
BC56241,BC56241
DE299117,DE299117
BR91399,BR91399
AG32312,CB54469
BB88464,DR88895
CM5336,CM5336
CW862070,CW590374
AW225590,AW225590
AM89037,AM89037
DR20103,DR20103
BL260491,BL260491
EL80502,EL80502
EM122875,EM122875
DW27439,CE19971
AX63806,AX63806
DL93107,BY278898
BY338533,BY338533
EH728751,EH728751
AM76534,AM76534
CZ92394,CZ92394
BH181322,BH181322
BN427109,BN427109
AL218015,AL72816
BR201259,CG136608
DB76500,CN30900
DP36039,DP36039
BB67273,BB67273
BY713462,BY713462
BL249572,BL249572
BY421815,BY421815
CA101645,CA101645
DB224242,DB224242
BN458274,BN458274
CW1002367,CW1002367
BL361545,BL361545
EH803370,EH803370
ED30999,ED30999
EN63690,EN63690
CW1052550,CW1052550
CW894806,CW707658
BH82711,BH82711
EF151465,EF151465
AJ44137,AJ44137
BY143624,BY415556
EH586115,EH586115
DT129167,DT129167
BR103959,CW92163
EF143299,EF143299
BL256048,BL256048
BE402042,BE402042
BY629038,BY629038
EH1048198,EH1048198
CW616366,CW616366
BY587563,BY587563
BR173984,BR173984
AP51777,AP51777
CT20782,BD83918
EH827466,EH827466
AL291371,AL291371
AS77758,AS77758
CP49813,CP49813
BD112638,BD112638
BD108029,BD108029
DS120651,DS119943
CW656225,CZ22911
DB266708,DB266708
CC129195,CC129195
EH956035,EH956035
BY360870,BY635629
EB70371,EB70371
DD120809,DD120809
EH757220,CM59722
CW749295,CW853127
BL371279,BL371279
EL79288,EL79288
CW803708,CW803708
EH554715,EH569228
DP30369,DP30369
AN223735,AN180002
DR76569,DR76569
BN160890,EH258518
AL209744,AL209744
DB140530,DB140530
BE394309,BE394309
CB88969,CB88969
BW41224,BW41224
CW565920,CW1247420
DW62490,DW62490
CW1138000,CW1138000
CW596948,CW214617
EH963712,EH963712
BS6437,BS6437
CG167205,CG167205
DA81823,DA81823
AX70023,AX70023
CC85035,CC85035
CW1052322,CW1052322
EH476540,EH476540
BE153061,BE40607
DE90708,DE57974
EH1208035,EH1208035
AK115506,AK115506
EH875099,EH875099
BN407660,BN407660
BH85493,CZ80822
EG48176,EG48176
DB253275,DB253275
CN54005,AK104830
EG56941,EG56941
CJ140093,CJ140093
EH1124421,EH1124421
EF186635,EH1312123
CW487349,CW443597
EH1272112,EH1272112
CW586343,CW586343
CJ76148,CJ76148
CJ188496,CJ188496
AA140646,AA140646
DR116715,DR116715
CW714403,CW714403
BL390185,BL390185
BE326419,BE326419
CW976190,DS105275
EM130500,EH1107710
EF225350,EF225350
CB59958,CB59958
CG102096,CB67316
BH24715,BH24715
BY342053,BY352903
BL142653,BL142653
BE278032,BE278032
CW1040853,CW1040853
AW98010,AW98010
BN201750,CS16208
EH110101,EH110101
CW554018,CW554018
DH36383,DH36383
CW1245676,CW1245676
BH129885,BH129885
CW451913,CW451913
CG108986,CG108986
CW592780,CW592780
BL511190,BL511190
CW1101051,CW1101051
CW1139262,CW1139262
BE254284,BE254284
EH1255587,CZ87607
DX53470,DX53470
BH116130,BH116130
AL264811,AL264811
EH659233,EH659233
CE60324,CE60324
DE304122,DE304122
BL370890,BL370890
BN466000,BN466000
BE425694,BE425694
EF203477,EF203477
DR84317,DR84317
BN515269,BN515269
CW1096214,CW1096214
BE162727,BE162727
EH1130870,EH1130870
EH812111,EH812111
EB67094,EB67094
BL464889,BL464889
BY381188,AK127002
EF186635,EF186635
BN303371,BN303371
CW975283,CW931724
CW678105,CW678105
EH1053052,EH1053052
DL183253,DL183253
AM87620,AM81113
BY619604,BY619604
CW971162,CW817996
BE296273,BE296273
BE411875,BE411875
EH1147440,EH1147440
EH921248,EH1127763
DX60240,DX60240
EF157682,EF157682
CB33936,CB33936
CW1149082,CW1149082
AL163695,BY358844
DL254391,DL254391
BR146024,BR146024
CW783615,CW783277
DD81588,EB13574
DT91742,DT91742
AL285744,AK49788
DX35852,DX35852
BZ49744,BZ49744
BL388447,BL388447
AG40813,AG40813
BL291828,BL291828
DB259154,DB259154
BN359502,BN359502
CW674744,CW674744
EH931591,EH931591
CB67156,EM81308
DR81349,DR81349
AM90816,AM90816
AN51310,EL46052
DL141100,DL141100
EH846070,EH846070
AL112691,EH906576
BL335604,BL335604
DR49074,DR49074
DL151118,DL151118
EH983169,EH983169
EP58999,CW1000722
EH693320,EH1311832
CW962126,CW962126
CW906844,CW880605
ER32456,ER32456
DR142511,DR142511
BY678202,BY678202
EH893273,EH893273
AL210651,AL210651
BY689660,BY689660
DE289774,DE289774
BE439543,BE439543
DH61703,DH61703
BD84508,BD84508
EL58841,EL58923
DS61252,DS61252
AL163695,AL163695
EM67784,EM67784
BW63620,BW63620
DD111873,DD111873
DB211657,DB211657
DB109683,DB109683
CW1237550,CW1237550
CW845594,CW845594
CC62483,CC38223
DL247652,DL247652
CL50422,CL50422
CW1095163,CW1095163
DB202251,DB110313
CB61490,CB61490
BE214049,BE189939
EH770113,EH770113
CL23167,EP100251
BF9740,BF15960
BY376366,BY404124
EH1107839,EH1107839
DB197887,CZ82432
BW30643,CJ187026
BN381646,BN381646
CW338078,CW889704
CW814111,CW814111
BK39986,BK39986
CG183798,CG183798
BY456411,BY456411
CW191938,CW803355
DZ8016,DZ8016
CN71110,CN71110
CW955489,CW419752
DR119691,DR119691
DL255770,DL255770
DE279313,DE279313
EG34197,EG34197
EF178337,EF178337
CN32611,CA86010
AG32312,AK104830
EH511773,EH511773
DX39765,DS112662
BH117618,BH117618
DE225053,DE225053
BD71454,BD71454
DZ26320,DZ44599
CW559350,CW559350
AH24447,AH24447
AL301377,AL301377
EH1121513,EH1121513
EH746331,DE226462
CW1019941,CW1019941
BY390073,BY390073
CP38120,CP38120
DL201874,DL201874
BN521198,BN521198
DT132041,DT132041
DB150234,EF100573
DE290930,DE290930
EB75186,EB75186
BN311988,BN311988
CC54274,CC54274
AM93240,AM93240
BH116801,BH62698
DE166768,DE166768
DB237590,DB110313
EF44054,EF53924
DE193070,DE193070
EH1055949,EH1055949
EH593890,EH593890
CW1013509,CW1013509
EH775887,EH775887
AN40330,AN40330
DE272476,DE272476
BN410084,BN410084
BB46564,AL129674
DB241724,DB241724
AZ13710,AZ13710
BN449667,BN449667
AM92769,AM92769
BR158249,BR158249
DN120024,DN120024
EH896269,EH896269
BN386345,BN386345
AN83192,AN83192
EP84841,EP84841
DF21924,DF21924
CC146245,CC146245
DS92207,DB34831
CW1192199,CW1192199
BD157194,BD155174
AL250414,AL250414
EH1050287,EH1050287
BN415083,BN415083
DL175756,DL175756
BL432637,BL432637
BD133916,BD133916
BL495421,BN404711
BC2737,AW163901
CH50985,CH50985
CN54005,CB54469
AL212482,AL212482
BE40361,BE285275
AL125208,AL125222
DD134188,DD134188
DK41606,DL134548
BL160943,BL160943
DB45549,DB145930
BR58906,BR58906
AW73127,AW100880
AW173938,AW172383
DE211412,EH1074885
CW596611,CW1190736
EM95729,EM95729
BE331330,BE126242
DE271505,DE271505
CE27507,CE27507
CW1081341,CW1081341
CA86891,CA86891
CG142812,CG142812
CW800148,CW1157581
AB27427,CN35919
BR191470,BR191470
BN371050,BN371050
BE349451,BE349451
EL86834,EL50356
BY494733,AK144869
EH581318,EH581318
AL142291,AL142291
DN157435,DN157435
AW140777,AW120188
EH932059,EH932059
AN37187,AN37187
DA33013,DA33013
BL465214,BL465214
CW596651,CW596651
AN167761,AN167761
CW1144828,CW1144828
AA153169,AA153169
DA19635,DA19635
BY677007,EL86295
BR188366,BR188366
AP58001,EL53437
EH600113,DN74842
DD161928,DD161928
EH643474,EH643474
CW4917,CW4917
BN114457,BN114457
EH605579,EH605579
EH1094974,EH1094974
EH983921,EH983921
EH1138041,DZ55629
CW1197518,CW1197518
EL80935,EL80935
EH858592,EH858592
EH1156552,EH1156552
DT133172,BM47638
CW1265273,CW1265273
BW30643,CB54469
CJ134624,CJ134624
BN338910,BN338910
AK108236,AK108236
CW906563,EF162982
AW87528,AW87528
DW51193,DM30624
CL45330,CL45330
EH1001765,EH1001765
BL387337,BL387337
AL132675,AM78765
BH163838,EH729512
EH931233,EH931233
AX52728,AX52728
CW478098,CW723929
EH890660,EH890660
DG48958,DG48958
EH1183969,EH1183969
AK137758,AK137758
BC66511,BC66511
BN403363,BN403363
CW862031,CW862031
DB98380,DB98380
AL293471,AL293471
BN402670,BN402670
DN153888,DW68095
BR162229,BR162229
CW1020874,DZ55629
BE243860,BE121392
BM68260,BM68260
DT122065,DT122065
BE429473,BE429473
CA16333,BH32649
BH145377,BH145377
CZ109754,CZ109754
CH40334,CH40334
CW794561,CW794561
EH923077,EH923077
CC16628,EM41273
CP36831,CP36831
BL429504,BL429504
DX58186,DX58186
EH844103,EH844103
EM57750,EM57750
EH998907,EH998907
EH696653,EH696653
CW1103552,CW1104011
BR129556,CN22645
BN416047,BN416047
AX69751,AX69751
EL15590,EL15590
AW177226,AW177226
EH1035591,EH1035591
BY243698,BY355425
AK88575,AK88575
CR19970,CR19970
EP97392,EP97392
AM79693,AM79693
BW39862,BW39862
EH813067,EH813067
CA82635,CA82635
AB40195,AB40700
CE48612,CE48612
DT138812,DT132041
BM58940,BM58940
BE351618,BE351618
DL134398,DL134398
AW216788,EH1254273
CY25082,CY25082
DN56058,DN56058
BR28283,BR28283
CW1151283,CW860430
DE274205,EN29987
DR112830,DR112830
BB29589,BB22358
CW620171,CW653682
BL458005,BL458005
EH666392,EH666392
DE192390,DE192390
EH1010423,EH1010423
BJ30102,BJ30102
BR23814,BR23814
BL303269,BL303269
EL55239,EL55239
CN70795,DL134548
CW875836,AL154980
BL244023,BL244023
CY35795,CY35795
EH683570,EH683570
DD76882,EH484862
AL289315,AL289315
EH910777,EH910777
EH1138041,BH180809
EH921288,EH921288
DL241032,DE127114
BE19851,BE452760
DE289877,DE289877
AL38403,AL12381
EH667090,EH667090
CJ37124,CJ57005
BH153701,BH153701
CW792885,CW792885
CJ20802,CJ20802
AN217106,AN217106
DL169686,DL169686
BE312397,BE312397
EF50115,BY86668
AP64956,AP64956
BY638440,BY638440
ER19598,ER36041
BR26950,BR26950
EH1151446,EH1151446
BE202741,BE197654
ES22295,ES22295
ES25626,ES25626
EG19953,EG19953
BE213127,EF106766
AL176626,AL98173
BY613135,BY613135
BN500134,BN500134
DL199590,EP55762
EH1028895,EH1028895
BY673014,BY673014
BN518156,BN518156
AL241742,AL241742
BP52846,BP52846
EN13676,EN13676
BE436818,BE436818
CC155852,CC155852
DL201800,DL201800
DR87974,DR87974
EM21788,EM21788
CB20745,DL118282
BL408150,BL408150
EH1017079,EH1089518
EH950348,EH950348
DZ4735,DZ4735
CW1332257,CW1332257
BE400098,BE400098
DD54388,DW23794
AN98184,DB38715
BW54081,BW54081
BW61419,BW61419
DA35256,DE105321
BL326920,BL326920
EN56736,EN56736
BE327925,BE456304
EH628138,EH628138
BZ30297,BZ30297
AS67696,AS67696
CC119593,CC119593
DB302154,DB302154
CN54005,DT107441
EH1023533,EH575775
CJ28216,CJ28216
CR15016,BD37143
CM9591,CM9591
CL50096,CL50096
EH1160408,EH1160408
DD37434,BH131954
EH984089,DW77593
EL59934,EL59934
EH811874,DA90293
AN10975,AN10975
BE204328,BE204328
CB44618,CB44618
AL268392,AL268392
CY13736,CY13736
BN417021,BN417021
BE358701,BE358701
BL493137,BL493137
CN37370,CN37370
EH1247867,EH1247867
CJ135470,CA88674
DB300746,DB300746
AN50912,AN92655
BJ27801,BN142509
BL434032,BL522530
CG185272,CG185272
BN449662,BN449662
DS97668,DS97668
BZ42196,BZ42196
EF176588,EF176588
BN287307,BN287307
CR21387,CR21387
CC151907,CC151907
DL252340,DL252340
EH983542,EH983542
CW242751,CW242751
BL298086,BL298086
CB44137,CB44137
CW463865,CW476903
BH172930,BH172930
CW1211228,CW1211228
AK142399,AK142399
CT43611,CT43611
BY242423,BY242423
AL170754,AL170754
EF187346,EF187346
CW502409,CW1101169
CH51650,CH51301
AL296589,AL296589
EL94023,EL94023
AW188029,AW188029
EH670248,BL429955
DW33000,DW33000
CM53993,DH23749
BE424379,BE424379
BL407068,BL407068
BN354086,BN354086
AN100586,AN100586
BR182685,BR182685
BM39295,BM39295
CM50257,CM50257
DD152070,DD152070
BN413874,BN413874
CW662365,CW662365
DB103883,DB104239
CW1066989,CW147547
BN443446,BN443446
CW1260868,CW1260868
EH1224507,EH1224507
EL88170,EL88170
DT106744,DT61619
AN166611,AN166611
DL222907,DL222907
BL380405,BL380405
BE408052,BE408052
EH1105686,EH1105686
EH684983,EH684983
DB165459,DB165459
EH554580,EH554580
EM94651,EM94651
CY28309,CY28309
EH1095886,EH1095886
BN493484,BN493484
CH35473,CH35473
CW844003,CW844003
DX18773,DX18773
DB157136,DB157136
CW789462,BR159829
CG87606,CG87606
DX39765,DX39765
BE49948,BZ34118
AE32664,AE32664
CW971162,CW750959
CW129486,BB99138
CW1144470,CW1144470
BE311547,BE311547
BY516487,BY516487
EH689374,EH689374
CC146984,CC146984
BM43538,BM43538
CW833933,CW833933
AK124840,AK124840
CA82906,CA82906
DB301558,DB301558
CB23508,CB23508
CN85998,CN85998
CW617396,CW617396
DR37070,DR37070
EH1198681,EH1198681
CW1186234,CW1237291
EH972944,EH972944
EH938446,EH938446
DY35343,DY35343
EH921067,EH921067
CW1052807,CW620539
BR112648,BR112648
CW1098130,CW1098130
AM95926,AM95926
BT10006,BT10006
EP22198,EP22198
DR25938,DR25938
DT75740,DT75740
CL49740,CL49740
EH863226,EH863226
CW946213,CW843609
EH992581,EH992581
EA48596,EA48596
BL510076,BL510076
BY662010,BY662010
DL249104,DL249104
CW1266034,CW1266034
CW831850,CW831850
DE292767,DE292767
EH995902,EH995902
BP55485,BP55485
CW900689,CW900689
BY588463,BY501467
EH1205523,EH1205523
DL241032,CZ81443
CN99302,CN99302
EH1128543,EH1128543
BK32130,BK32130
AL288864,AL288864
CW1287954,CW1287954
EF174673,EF174673
CW1097641,CW1097641
DB58547,DB143922
BN514246,BN514246
BH161607,BH161607
DE321283,DE321283
DE310900,DE310900
AA203058,BY533109
DG45271,DG45271
BL389742,BL389742
DT142215,DT142215
EM61699,DE62555
BL501581,BL501581
CW858515,CW858515
DL114625,DL114625
AN62365,AN62365
DE278964,DE278964
BE103297,BE103297
BW30643,DT107441
CG39984,CG39984
AX59273,AX59273
DD161392,AE22918
EL32179,EL32179
AH17453,AH17453
EH1117250,EH1117250
BB54534,BB54534
AL274937,AL274937
CW701555,CW709970
DL219984,DL219984
AN130525,AN130525
DR63339,DR63339
AL336048,AL336048
EH608391,EH608391
DD174861,AK49788
EH974401,EH974401
BP68973,BP68973
CJ101795,CJ101795
DE126155,DE126155
DL234617,BX18405
DT104672,DT104672
AX44381,AX44381
CL64610,CL64610
BN259081,BY258542
BY599889,BY599889
EA39423,CJ107208
CW218122,DL134548
EH917202,EH917202
DB133787,DB273219
DX44593,DX44593
CW1088768,CW1088768
CJ129485,CJ129485
CJ133982,CJ133982
BE233590,DZ55629
CW841564,CW789689
CW634287,CW634287
DN125415,DN125415
CW1159407,CW1159407
BL175802,BL175802
DP58331,DP58331
AN167196,EH972736
BE369695,BE369695
BR214662,BR214662
EM63376,EM63376
EH1118685,EH1118685
EH1062509,AZ7299
BZ43113,DE288714
BH99865,BH99865
BP48046,BP48046
AK112993,AK112993
EM96356,EM96356
AL214030,AL250820
AA53541,DE204552
EH1218895,EH1218895
AH22299,AH22299
CA99411,CA99411
BN274743,BN274743
CW1029168,CW1029168
BL393201,BL393201
AL30485,AL347470
CW669773,CW669773
DE298543,DE298543
EH1081794,EH1081794
CW754002,CW754002
BL260983,BL260983
EN11066,EP11851
AL218684,AL218684
DL185845,DL185845
DD34283,DD34283
EF201484,EF201484
DL253986,DL253986
CY32213,CY32213
BE233590,CT31460
CW650951,CW959507
CW910191,CW702172
DZ64485,DN93641
BN504531,BN504531
EP39118,EP39118
CW913802,CW913802
CG179072,CG179072
AK7646,AK7646
DY34665,AW174452
BB110836,BB110836
CW902281,CW902281
AN174506,AN174506
BF25959,BF25959
EH1078402,EH1078402
EH833859,EH833859
EH792841,EH792841
BL419760,BL419760
BY502927,BY456916
BR140455,BR140455
BN398307,BN398307
CW1243740,CW562977
AL308935,DH32899
CW1018970,CW595102
AL296728,AL296728
CW1169727,CW1169727
BY545747,BY635629
CW671789,CW671789
EN70932,EN70932
EL80579,EK20378
AW203029,AW203029
BL467948,BL467948
EH1138041,DN53691
CW1021408,CW1021408
CW972084,CW972084
BY166096,BY557919
EB6368,EB6368
CW879513,CW879513
CW876970,CW876970
EG47507,EG47507
DD104913,DD104913
AM56605,AM56605
BE293956,BE293956
DE264395,CJ79061
BL447049,BL447049
EH941600,EH941600
CW887576,CW502668
EH1020978,EH1020978
DL150040,BG25729
EH845958,EH845958
AA200138,AA200138
DL147856,DL147856
CJ146540,CJ146540
EH828752,EH828752
AA158397,AA158397
BE274875,BE274875
BP54570,BP54570
BL427059,BL427059
CW1280349,EH1087015
DL111523,DL111523
CN56177,CN56177
EL57440,EL57440
BE336662,BE336662
CW905435,BR122676
BN382924,BN382924
AP81195,AP81195
AM75182,AM75182
DX34574,DX34574
EH841895,EH1057474
BL258929,BL258929
AA174830,AA174830
EH1018917,EH1018917
BL76382,BL76382
CW1265273,CW1158225
CA93009,BS10623
BE314416,BE314416
CW1168189,EF188205
DE275893,DE275893
CW980367,CW980367
EH898011,EH898011
DD123359,DD123359
CW924361,CW628343
DG50032,DG50032
CZ61278,CZ61278
DS105288,DS105288
CZ57986,AW211663
BN396250,BN424806
EL87752,EL87752
EH687829,EH687829
EH1277596,EH1277596
EH1067876,EH1067876
CW1137547,CW909886
CW885541,CW1340340
AJ38774,AJ38774
AW167186,AW167186
CW910056,CW910056
BE8863,BE8863
BP53699,BP53699
DN124813,DN124813
AL286933,AL286933
CW1193348,CW1193348
BD106590,BD106590
AM34924,AM34924
AN113409,AN113409
CW862435,CW862435
DT88615,DT88615
EH1151731,EH1151731
CG127733,CG127733
BL432917,BL432917
EF226252,EF226252
BW59286,BW59286
BL440654,BL440654
CW746085,CW746085
BL403443,BL403443
BB95050,BB95050
CW819870,CW819870
DE278249,DE278249
BY178207,AS24616
AN134308,AN134308
DP35103,DP35103
AA23514,AA23514
CW534621,CW563472
BE332084,BE332084
EC14184,BK33127
AE34303,AE34303
AW62285,AW62285
DE315750,DE315750
EH505132,EH505132
AA152948,AA152948
DT26687,BY218650
EB69762,EB69762
AK110778,EH823960
AL266268,AL266268
EH1076372,EH1076372
DB242175,DB242175
EH878136,EH878136
AL171965,AP69071
EH1265278,BE206336
CW1215644,CW1215644
CD26015,CD26015
BN374437,BN374437
BL521548,BL521548
DB98173,DB209665
BY296603,BY273348
ER44355,ER44355
EN43255,EN43255
ES10680,ES10680
DB245304,DB245304
CH22691,CH22691
DE232940,DE232940
EH378404,EH376295
DE274205,DE158988
CZ59402,CZ45721
CJ4975,CJ4975
BL390179,BL390179
CN64458,CN64458
EH872979,EH872979
CD26476,CD26476
CW851007,CW851007
EH729315,EH729315
BB90886,BB90886
BN411012,BN411012
BZ66561,BZ66561
CD6710,CD6710
DX33014,DX38802
EH1210030,EH1210030
CJ136047,CJ136047
CW860490,CW860490
AG50863,AG50863
DM20567,DM20567
AL318920,AL107544
DB251594,DB251594
BL329038,BL329038
CW924361,CW1181735
BL374356,BL374356
CW924378,CW924378
BH79532,BH79532
BN454991,BN454991
CW840899,CW840899
CW879225,CW879225
EH1185210,EH1185210
EF8353,CW708817
CW949909,CW949909
BW19010,BW19010
DB202258,DB202258
EH1017818,EH501857
BL349747,BL349747
CX18759,CX18759
BL406200,BL406200
BE192054,BE192054
BY489676,BY244295
EG46179,EG46179
BY267912,BY267912
CJ139670,CJ139670
BK33707,BK33707
AA152631,AA152631
DL188564,DL188564
BR149916,BR149916
DL157715,DL157715
DD37933,DD37933
CW839616,CW754002
EF113962,EF113962
CW720189,CW616366
AA179355,AA179355
CW1178336,CW1178336
EH1219070,EH1219070
EF224630,EF224630
BN287328,BN287328
BY550626,BY550626
EH1078881,EH1078881
DE227004,DE227004
DB253781,DB253781
EH646057,EH646057
DB72693,CN53897
BH131954,BH131954
AF15513,AA110312
DP48719,DP48719
EH953261,EH953261
DA104415,DA104415
EH1110653,EH1110653
EH885008,EH805669
DB289015,DB289015
BY722375,BY722375
AL194706,AL15732
EP82299,EP82299
AL132675,BN402572
CW361395,CW720763
EH802592,EH802592
BH78189,BH78189
DL202324,DL202324
AL343824,AL343824
AA5321,AA5321
AA166595,AA166595
BR163668,BR163668
BP66799,BP66799
EL55640,BN367234
AL230084,AL230084
CW994080,CW994080
DX64273,DX64273
EH971700,EH971700
AS96094,AS96094
DL218153,DL218153
CZ65408,CZ65408
DS104917,DS104917
DE274205,EH906576
AA63367,CW150260
AW134195,AW130392
DL273868,DL273868
AP11153,AP11153
EH956736,EH956736
BD103291,BD103291
CW719891,CW719891
AD29725,AD29725
CW781133,CW781133
DW67428,DW67428
AG41121,AG41121
CW996882,CW1127590
DL163473,DL163473
DE309388,DE309388
BN259146,BN259146
DB245251,DB245251
CA28266,CA28266
EH1101608,EH1101608
CG181272,CG181272
EE6417,EE6417
BH86737,BH86737
DR71811,DR71811
DM35713,CA52427
EH818024,EH818024
CW1345954,CW1345954
BY634143,BY634143
BN363876,BN363876
CW1267086,CW1267086
EH523354,EH523354
BY588463,BY588463
BY4177,BN427292
AJ39722,AJ39722
CW792459,CW792459
BY334362,BY334362
EH1122050,EH863090
CW874042,CW1336226
AW192831,AW192831
DB135854,DB44221
CC80557,CA100457
DB241301,DB241301
DE226232,DE226232
BD71586,BD71586
BH165271,BH165271
BE124056,BE62424
EM105331,EM105331
DL215763,DL215763
EH648192,EH648192
CW990481,CW575679
EH954197,EH954197
EH1011596,EH1011596
BN214157,BN214157
BY735821,BY735821
BN182197,BN182195
BE355497,BE355497
AW76734,AW76734
AL14992,AL14992
CW611496,CW611496
BL70406,BL70406
DR38316,DR38316
BM10809,BM10809
BJ32106,BJ32106
BM61463,BM61463
BL380304,BL380304
CW679590,CW643981
EH866361,EH866361
BH153148,BH153148
BD123596,BD123596
AA80927,AA77502
BW4978,DE35160
AN33238,AN32915
BR176814,BR176814
CW1149053,CW659722
AA201794,CZ87607
EH708998,EH425852
BE259892,BE259892
DZ50253,DZ50253
CW946213,CW946213
DL99582,DL99582
BN261828,AK167350
AS57991,AS57991
BE443786,BE216860
BZ69716,BZ69716
DA99314,DA99314
EM124027,EM124027
BY627145,BY627145
DS93854,DS93854
EH708998,BL263370
EH759093,EH759093
BR142944,BR142944
EH847782,EH847782
CW711969,CW711969
CJ9318,CT42289
EH446796,EH446796
CN71587,CW701555
DL161812,DL161812
BY580938,BY580938
DE313869,DE313869
CW622957,CW622957
CG113196,CG113196
BE441725,BE441725
DB273031,DB273031
CJ130668,CJ130668
DS101270,DS101270
EP103820,EP103820
CW809631,CW1235653
BM10269,BM10269
EH921356,EH811404
DL237715,DL237715
CW942288,CW942288
DL260960,DL152948
CW606944,CW606944
EH840568,EH840568
EH1059561,EH1059561
AA160187,AA160187
CZ76611,CZ76611
CJ3074,CJ3074
BD31264,BD31264
BM42331,BM42331
EH971573,EH971573
AW230889,AW230889
BY352903,BY352903
BL388206,BL388206
CW895636,CW895636
EP75746,EP75746
AD23471,AD23471
AN62382,AN62382
AT20015,AT20015
DK8732,DK8732
CW1147297,CW1147297
BH107838,BH107838
CW1186486,CW1175341
EF3525,EF85829
AL221005,BR112118
DK21921,DK21921
BJ26133,BJ26133
DT138812,DT138812
BY526233,BY526233
DS83838,DN119540
EH1249363,EH425852
BN118718,BN170860
DE267556,DE267556
CW932703,CW932703
CW546069,CW792459
AC15874,AC15874
AN219624,AN219624
EG43069,EG43069
AW147221,AW147221
DT139252,DT139252
CW604690,CW604690
CW702475,CW702475
DE280232,DE280232
CW650570,AA90534
EH883933,EH883933
DS49594,DS49594
AA165307,AA165307
EH881118,EH881118
BB76183,BB76183
EL83960,EL83960
CZ46422,CZ46422
EH794179,EH794179
AA91739,AA23916
EP71010,EP90095
DE114106,DE114106
EH1124564,EH1124564
DL219448,DL231439
CW807932,CW807932
CW781307,CW1176084
DR120130,DR120130
BH12968,BH12968
CW1156695,CW1156695
DB177831,DB177831
DS12390,DS12390
EH733877,EH733877
BY621972,BY621972
EH853248,EH853248
BY650180,BY650180
CJ110992,CJ110992
DE256327,DE256327
AW136251,AW136251
EH825801,EH741121
EM68197,EM68197
EF147720,EF147720
BL382984,BL382984
DL201689,DL201689
EH1095164,EH1095164
DB307184,DB307184
BY655151,BY655151
EH687150,EH687150
BY354460,EH1109327
CW983137,CW983137
BY491224,BY491224
BL507888,BL507888
EF204672,EF204672
AG52241,AG52241
CW802839,CW802839
CG130793,CG130793
EH1022956,EH1022956
BY537057,BY537057
CA110938,CA110938
EH808240,EH808240
BL393424,BL393424
EF112734,EF112734
DA98074,DA98074
CJ153138,CJ153138
AA164152,EF87509
BD136341,BD73329
EH788785,EH774542
BY605227,BY746015
BB78203,BE120788
BY636157,BY636157
AL315053,AL315053
BN395157,BN395157
BM56125,BM56125
CW930819,CW930819
CW922837,CW1342706
AK58605,AK58605
EH1009492,EH1009492
CW1161736,CW1161736
EH1095793,EH1095793
DN160366,EH666896
BY617698,BY617698
DS101543,DS101543
BC25053,BC25053
BM64147,BM64147
AA178645,AA154150
EH1069756,EH1069756
BL454207,BL454207
DL254368,DL254368
CW1219010,CW1219010
CW1254235,CW737692
AN236528,AW119349
CW373351,CW373351
EH823018,EH823018
BY580802,DD8225
DX63533,DX63533
DL226837,DL226837
DB131265,DB177296
EH1204662,EH1204662
CW726276,CW805680
BN503059,BN503059
CG139972,CG139972
EH902705,EH902705
AL89824,AL89824
AL266043,AL266043
DC18267,DC18267
CW863544,CW863544
DT139944,DT139944
BE87984,BE393498
DE271762,DE271762
BL408970,BL408970
DE272972,DE272972
CW1237502,CW1181735
BC52471,BC52471
BY588667,BY588667
DG54750,DG54750
BW54596,BW54596
EF233492,EF233492
CJ192593,CJ192593
EN68496,CZ87607
EH657550,EH831317
AA186618,AA186618
BN417416,BN367234
BZ37554,BZ37554
BC58544,BC58544
BN463069,BN463069
CW990481,DZ55629
CW808983,CW808983
AP38741,AP38741
BP65964,BP65964
BL362963,BL362963
BN219762,BN219762
BY631361,BY631361
AL181093,AL181093
CW310039,CW310039
BE363173,BE363173
BN496396,BN496396
AS90877,AS90877
DG49200,DG49200
AG32312,DT107441
CW918257,CW1205318
BY303559,BY281267
EH1019868,EH1019868
CW211259,CW667750
DN123965,CZ80822
DT159247,DT159247
BY530781,BY530781
CE17120,DR18215
BD90187,BD90187
CJ142137,CJ142137
EH981006,EH1317440
CW1237502,CW628343
BL308017,BL308017
BH70296,BH70296
EH758572,EH758572
BL80182,BL80182
DT137675,DT137675
EH1247498,EH1247498
BL496954,BL496954
BX2947,BX2947
CW883795,CW883795
EH598487,EH598487
CW513719,CW513719
CW661569,CW895008
CW710678,CW710678
CW768739,AN105804
BY568445,BY568445
BR178698,BR178698
EH1107127,EH1107127
AM107012,AM107012
AN11481,AN11481
AN184195,AN184195
BY135962,BY59242
EH986026,EH986026
EH869936,EH869936
DB306727,DB306727
DB212548,DB204424
BL469187,BL469187
CW872970,CW1047150
EH481102,EH481102
DB291021,DB291021
EH757830,EH757830
AK76292,AK76292
CC20825,CC20825
BR153058,BR153058
BN344748,BN344748
CW1022964,CW1022964
BR87253,BR87253
EH944658,EH944658
EH953326,EH953326
EH843267,DP35346
EH970653,EH970653
CW764906,CW764906
DL224596,DL224596
BL459171,BL459171
DR140402,DR140402
AA191185,AA191185
CW571604,CW571604
EH872254,EH872254
DS67563,DS67563
CW1259852,CW765906
BB74465,BB74465
CW851007,CW1072989
CW346762,CW1000619
EH882673,EH882673
DN111443,DN111443
BE358701,BC49511
EH837622,EH837622
AA156540,AA156540
CP31884,CP31884
AL106180,EP25042
BE94636,BE27787
BH181370,BH181370
DB194279,DB194279
EJ25552,EJ25552
BY645433,BY645433
EF121564,EF121564
CC87264,CC87264
EH596565,EH741121
DE288652,DE288652
DE290669,DE290669
DK41606,EH742520
EH1268356,EH1268356
BE379439,CW1032070
AB27721,AB27721
CM55324,CM55324
BN176352,BN305242
CW707318,CW707318
EH1121513,BL266549
BN211844,BN211844
AA149663,AA149663
EH1271601,EH1271389
BN463124,BN463124
DF16542,DB313168
BB79585,BB79585
EH833067,EH833067
CJ198795,CJ198795
CW808646,CW808646
AL252678,AL252678
CW979481,CW979481
BL294730,BL294730
BE251163,BE48940
AN203213,AN85013
AG45091,AG45091
BB92623,BB92623
EF150832,EF150832
CN71587,DL152948
CW1168189,CW1040265
EH927399,EH927399
DE267707,DE267707
AS69962,AS69962
CC111000,CC111000
DE76354,AA67648
DL65640,DL65640
DL184976,DL184976
CZ105030,CZ105030
DE260654,DE260654
BZ58118,BZ58118
AD15576,AD29285
EF108513,EF108513
DE299415,DE299415
EH1017877,EH1017877
DB220288,DB220288
DL171381,EH1221582
AL308935,BE206336
CS34291,CS34291
AP68762,CT37426
AW171750,AW171750
DE295551,DE253297
BL432892,BL432892
AN146113,AN146113
BE313930,BE459728
BN454957,BN454957
BL445493,BL445493
DE294694,DE294694
CW1006349,CW1006349
EL86065,EL86065
BE333890,BE371341
DZ54322,DZ54322
DB114346,DB329166
CW921692,CW921692
BE217747,BE217747
DT136976,DT136976
CY27231,CY27231
AW163142,AW87528
DA104279,DA104279
AN73553,AN73553
EH616941,EH616941
DX33840,AN21634
CW1320976,CW1320976
CW293009,CW554839
BH49160,BH49160
BY649915,BL375148
CW808600,CW808600
DB223360,DB223360
DZ10845,DZ10845
BY275006,BY275006
BD134703,BD134703
BN303150,BN303150
BN357416,BN357416
CW823097,CW823097
EH347566,EH347566
DE118933,DE118933
AL324021,AL324021
AZ10309,AZ10309
EH635217,EH635217
BH164584,CA100457
CJ5212,CJ5212
BP61850,BP61850
EH1102505,EH1102505
CW1332253,CW1332253
EL76780,EL76780
CW1040265,EF188205
CW804340,CW804340
BE222322,BE222322
AL300802,AL125814
EH697631,EH697631
CW1284746,CW1284746
AT8480,AT8480
CG137495,CG137495
BE426007,BE426007
AL172677,AL172677
DD163905,DD163905
EP81393,EP81393
BC50164,EH684734
EH517868,EH517868
CW1297754,CW1297754
CW433179,EF62124
EH1195698,EH1195698
EH740463,EH740463
CZ61205,CZ61205
BL403725,BL403725
DP41454,DP41454
BD94198,DH32899
BY478488,BY478488
EH974914,EH974914
EH1105600,EH1105600
AL140703,AL140703
CW730041,CW730041
EH1039133,EH1039133
ER37378,ER37378
EM80396,EM80396
DB268170,EH451416
EB61588,CW227960
EH1186956,DL230688
BG50316,BG50316
DB273665,DB273665
EH860481,EH860481
AA73014,BE27787
AL162777,AL162777
EH591158,EH591158
CW727104,CW727104
EH178824,EH178824
BY539917,BY539917
AX42366,BY74733
DE314498,DE314498
BW55561,BW55561
EH984089,DL236706
BE446098,BE446098
AX42826,AX42826
BY417927,BY417927
DC18675,DC18675
EH906967,EH906967
BZ50416,BZ50416
AT25707,AT25707
BL357316,DE243624
EH563325,CZ58560
CW598454,CW598454
DB258590,DB258590
EH660943,EH660943
CW985975,CW985975
EH621813,EH621813
DW17511,DW63711
EH1137001,EH1137001
ER37826,ER37826
EP45782,EP45782
CW866542,BR160452
CW942168,CW960411
EH972933,EH972933
EH678300,EH678300
BY576709,BY576709
CD26803,AX60269
BR192860,BR192860
BA13973,BA13973
DL222170,DL222170
DH15718,DH15718
EH1074306,EH1074306
CW292892,CW292892
CW1077449,CW1064649
AA167454,DN143717
EH1110739,EH1110739
DE306910,DE306910
BY359136,BY359136
DE216730,BY361080
CZ106628,CZ106628
EH839708,EH839708
DD125686,DD125686
CA91527,CL20696
BM66764,BM66764
EB65911,EB65911
BS15268,BS15268
EM114661,EM114661
EH786691,EH786691
CW949452,CW949452
CW1096039,CW1096039
BS2140,BS2140
BW50467,DR53086
DJ13694,DJ13694
EL89152,EL89152
CW527778,CW675891
BE234811,BE234811
EH944714,EH944714
DN161282,AA90534
CW893281,CW882196
EH1023609,EH1023609
BL340191,BL340191
DE271537,DE271537
CH50928,CH50928
BL333430,BL333430
CA119725,CA119725
EH364872,EH364872
DG49425,DG49425
BZ49864,BZ49864
DD159687,DD159687
DE164175,DE164175
DE216209,DE216209
EH522232,BN367234
BN484222,BN480455
BN387885,BN387885
CL45483,CL45483
CJ140093,CZ87607
BY630557,BY630557
EH888351,EH888351
CW960834,CW960834
CW843609,CW843609
DD163263,DD163263
BY94497,BY415556
EL20858,CG151931
CW595300,DE101822
EH769400,EH769400
CT37875,CT37875
AN191763,CW600416
ED28064,ED28064
BL362163,BL362163
BD32789,BD32789
CC63929,CC63929
CZ60472,DL245484
BY549057,BY549057
CG160665,CG160665
BE134345,BF36220
AG52948,AG52948
DZ8392,DZ8392
DA34218,DA34218
BY709254,BY699394
AH12281,AH12281
CW556626,CW556626
CW840949,CW824937
BK18264,BK18264
CH51962,CH51962
AL335775,AL335775
EH817082,EH817082
BH85825,BH85825
CW767539,CW767539
DN130945,DN130945
BY648603,BY378117
DX40578,DX40578
DX45872,DX45872
BL188632,BL188632
BE440986,BE245331
AX64618,AX64618
EH866686,EH866686
EH871497,CZ87607
CW1115348,DH32899
BL479461,BL479461
DB251913,DB251913
DB150672,DB150672
BY618186,BY618186
CW1115348,BE206336
CW930860,CW930860
AL174328,AL174328
AL247614,AL247614
BY579840,BY579840
BH129976,BH129976
DT79531,DT79531
BE377530,BE377530
DP47350,DP47350
CW1261243,CW1064355
AX41566,AX41566
EH920144,EH920144
BZ51604,BZ51604
CW1212540,CW1072989
DL206636,DL206636
BM45045,BM45045
BY608887,BY608887
EH1207155,EH1207155
AW156216,AW156216
AK114873,AK114873
BY181669,BY357619
CN80168,CN80168
CW923600,CW923600
EH921258,EH921258
DD117590,DD117590
CW702475,CW471726
EH834579,EH834579
EH348197,EH348197
BY671299,BY671299
DD159323,DD159323
AL188464,AL188464
EM113636,EM113636
EH801320,EH801320
BN516223,BN516223
DZ63349,DZ63349
EH975216,EH975216
EH863872,DD112796
DT120442,BY492650
BL479765,BL479765
CR25307,CR25307
EH1128934,EH1128934
EL65903,EL65903
EH484605,DB81271
CW964789,CW1207288
DB207555,DB207555
BN313158,BN313158
DB289254,BE372452
CW534621,CW1272482
AN163053,AN163053
AP68762,AN132439
BL373024,BL373024
DB192331,DB191487
BY358533,BY358533
CC118479,CC118479
EH736899,EH736899
DH53557,DH53557
BC61084,BC61084
BL308786,BL308786
CW1130659,CW646715
BM54613,BM54613
EH559447,EH569228
DL203535,DL203535
AX70448,AX70448
CW1078687,CW1078687
CP31864,CP31864
EH1243768,EH1243768
DM26987,DM26987
EH580070,EH251338
AL227563,AL227563
AX21366,AX21366
CW859228,CW859228
AX33243,AX33243
DB78948,DB332099
DX11313,DX11313
CG128262,CG128262
DN161282,DE158988
BY459516,BY459516
EF163675,EF163675
CW1131196,CW947360
EP79693,EP79693
EF63516,EF63516
CZ46175,CT43330
DE280814,DE280814
DL215117,DL215117
CW906318,CW906318
DB110313,DB110313
DG55363,DG55363
CW1089987,CW850047
BH25894,BG9679
DB154508,DB154508
BH110159,BH110159
DA73497,DA73497
CW528844,CW721958
AA53428,AA90073
BF20161,BF20161
CW1052425,CW1052425
EH971512,EH971512
AL172808,CW947382
BN423369,BN365488
DD52645,DD52645
CG169904,CG169904
EH546765,EH546765
AL163621,AL146338
DB115908,DB153610
EH970674,EH970674
AP80974,AP80974
BL394537,BL394537
CC74408,CG62370
AL256110,AL256110
BN134427,DB8804
CA69066,CA69066
BL377181,BL377181
CW795931,CW488470
EH799928,EH799928
DN123965,EM91954
EH902298,EH902298
BM66743,BM66743
BM71995,EP103948
DS49516,BL274276
BN463069,DT137003
CW1200219,CW1322277
CW1039597,CW1039597
EH1133291,EH1133291
BL317028,BL317028
BR63865,BR63865
DB272312,DB272312
BE342121,BE189939
CC145679,CC145679
DD155890,DD155890
DX5878,DX5878
DB142373,DB142373
DB238897,DB238897
AA167050,AA167050
CW1036234,CW1036234
DN161282,CK11635
BY571293,BY571293
EH1027533,EH1027533
BL357122,BL357122
DR106125,DR106125
EH625137,EH625137
EB65627,EB65627
BM63657,BM63657
BE368284,BE368284
EH921701,EH921701
DL144993,CJ107208
CA92057,CA92057
BY619012,BY619012
AM56605,AM81573
DY35414,DY35414
EH799688,EH799688
EL82037,EL82037
DB194335,DB268170
DL221806,DL221806
BZ47715,BZ47715
DT82443,DT82443
AL136232,CJ107208
CW544096,CW1035099
CC57948,CC57948
CB46172,CB46172
CJ113994,CJ113994
BL489789,BL489789
AA204046,AA204046
DW47150,DW47150
EH913467,EH1022076
BR76728,BR76728
BE400098,BE402622
BL412349,BL412349
BZ40315,BZ40315
AL53033,AL53033
EH1005311,EH1005311
EH1032743,EH1032743
BY239700,BY294343
CM55994,CM55994
CT45592,CT45592
EN71931,EN57586
BY315422,BY279659
DR15356,DR15356
AM2567,AM2567
BM52298,BM52298
EH1046365,EH1046365
CJ162055,CJ162055
BE284022,BE284022
BE70328,AL105716
BY99182,EN43255
BN484250,BN484250
BY675145,BY675145
CW1085040,CW784619
CW1076832,CW979479
BY320407,BY320407
BE207210,BE207210
EH694655,EH840341
CL50725,AZ5209
DY38367,DY38367
EF133486,EF133486
BR172151,BR172151
CW1057252,CW1057252
AZ16333,AZ16333
BY174415,BY436232
DB176861,DB176861
EH895673,EH895673
CW1152226,CW1152226
BL458746,BL458746
AX64030,AX64030
EH850901,EH850901
AL298939,AL229464
EF229948,EF229948
EP64377,EP64377
BL399361,BL399361
AC14137,AC14137
AW111946,AW111946
BY539020,BY241148
AN155251,AN155251
DR84865,DR84865
BN442792,BN392225
CW679829,CW679829
BN395556,BN395556
AL81005,AL187290
EH847378,EH847378
CW429081,CW429081
CW976190,CW976190
BZ60235,BZ60235
AL146580,AL146580
EH1155426,BY516025
CW989241,CW989241
BN440163,BN440163
BP50015,BP50015
BY711730,BY711730
BY551455,BY551455
EH1182358,EH1182358
DP41930,DP41930
BY19062,BY298488
EM91276,EM91276
AG53104,AG53104
BL315470,BL315470
CW1020874,CW1324975
DL147091,DN74842
EF238717,EF238717
BY181699,BY181699
DP55580,DP55580
EH1130636,EH1130636
AW31938,AW31938
EM96304,EM96304
BN406175,BN406175
BL378506,BL356428
CW971469,CW971469
BE272829,CE42201
CC23224,CC23224
AK119904,AK119904
EH548931,DL168697
BY721483,BY721483
CA49525,CA49525
BM19145,BM19145
BN86777,BN86777
BY315422,EN29987
CW690831,CW690831
DD161392,BD93988
BD153997,BD153997
BG8080,BG8080
CW751456,CW751456
EL86834,DB134244
BE299111,BE299111
BY672524,BY679451
BE185307,BE185307
BP47607,BP47607
BY739280,BY739280
CY31807,CY31807
EH1056000,EH1056000
EN70981,EN33546
BE164060,BE77656
CW2200,CW704527
AL259024,AL259024
AN142243,AN142243
AL174932,CC90237
EH719228,EH902384
AW122571,AW122571
BR176706,BR176706
CW866542,DA106627
CA82635,DD53070
CW721351,CW721351
CC127949,CC127949
BY205873,BY46203
CM28386,CM28386
CW1154042,CW1154042
CW804932,CW804932
CL49379,CL49379
DA118285,DA118285
BY311046,BY342365
CW940050,CW940050
DE237057,DE172549
CW772216,CW772216
AL195107,AL195107
AL189067,AL189067
CW1004200,CW1004200
BJ45577,BJ45577
BC33002,EH738532
EF164844,EF164844
CW1176979,CW1022851
AL308177,AL308177
CW927077,CW927077
EH1123961,EH1123961
CW1241952,CW573132
CW841420,EF174907
DR100720,DR100720
AN163165,AN115075
AA160030,AA160030
CW1053338,CW1053338
CW990481,CW1147092
DN133280,DN133280
EH1059657,EH1059657
CC129472,CC129472
AL266704,AL266704
EH979958,EH979958
BL418336,BL418336
AW165695,AW165695
CW892081,CW1101169
AN19878,AN19878
AB35877,AB35877
DB272066,DB272066
EH623142,EH623142
EH770624,EH770624
CW876342,CW876342
CW814071,CW814071
EL100938,EL100938
AL210774,AL210774
EH1110207,AH23468
EH954353,EH954353
BY601775,BY601775
AL79004,AL112543
BC46733,BC46733
DL197445,DL197445
BY673581,BY673581
BR194402,BR194402
AK78007,AK78007
EH970837,EH970837
CW1246619,CW1246619
BH141143,BH141143
BY583638,BY583638
EF91601,EF91601
CW995836,CW995836
BB86584,BB86584
CW68774,CW606817
EH588343,EH588343
DK25136,DK25136
EL74479,EL74479
BD129706,BD129706
EH1021785,EH1021785
BN336188,CG148754
EH971516,EH971516
AX22729,AX22729
BE358209,BE358209
CJ172953,CJ172953
CW846330,CW846330
AB45556,AB45556
BE446801,BE446801
EH820789,EH820789
BL281242,DE201045
CW906201,CW471726
DB269978,DB269978
DB108770,DB161701
AN149755,AN149755
CZ94174,CZ94174
AX64735,AX64735
EH163548,EH1090046
AX41123,AX41123
EH548585,EH548585
CW901146,CW901146
DE141478,DE141478
AL115524,AL115524
DD159180,DD159180
CZ31194,CZ31194
CJ119056,CJ119056
AL304028,AL304028
AN104662,AN104662
EF169262,EF169262
CJ106181,CJ106181
AP74190,AP74190
BH79142,BH79142
AM92334,AM92334
EH899483,CB67316
BL327900,BL327900
CW805435,CW805435
BY569535,BY569535
BJ14863,BJ14863
AB40146,AB40146
EM39568,EM39568
AW201981,AW43080
CW1128835,CW1346714
DZ20635,DZ20635
CW976190,BE451310
EH971799,EH971799
CA13010,CA13010
EH1021414,EH1021414
AK155166,AK155166
BE301820,BE301820
CA103764,CA103764
EH894359,EH894359
CJ144816,CJ144816
EH848005,EH848005
DD146120,DD146120
EH1138041,CW575679
ED36005,ED36005
AK110778,CP19705
CW957731,CW957731
DD105359,DD105359
ED42658,ED42658
EH900942,EH900942
CW1041084,CW1041084
CW832149,CW180636
BE368146,BE368146
AW87624,AW87624
CN66166,CN66166
CW1051029,CW1051029
CJ127227,CJ127227
AG40317,DL132221
BE390886,BE390886
CW1002780,CW1002780
BR115894,BR115894
EL92256,EL92256
EH1155426,EH662502
BE10598,BE10598
BE358227,BE358227
BB88397,DB132537
