globalID_A,globalID_B
CW758081,CW106106
DR81938,DR93149
BR124940,AX71690
BY551551,BY551551
CL51754,CW1062548
CW1050993,CW1207974
AA188491,BH182114
BL521995,AL255328
AA189574,DP27040
BY122059,DZ63008
DN93603,EH431830
EH1219523,EH1219523
BH6503,BH6503
DL242076,DL242076
CB70187,AL200357
BJ18961,DB268682
CZ63091,BL161844
CW252880,CW721741
EM71250,AF28718
DB60959,DB60959
CG177565,AA140751
DR68908,DR68908
AL283971,AL283971
BE329908,BE141599
CW629462,AA107809
DB206026,CW975134
CC116423,BN429385
CH54839,CW381067
CW315634,CW298897
DB316252,DB95294
EF86109,DA88065
EN69441,EN69441
CJ145457,CJ145457
CW558045,CW613922
CW1024308,AW98653
CY27525,BY380671
AL20137,CT8411
CS14102,BL452978
CW613612,AA132878
EC16065,EC16065
CW762165,CW172263
BE272647,BE262110
CB86511,EH591003
CW686133,BZ36519
DA101146,CS30949
EH854439,EH854439
CE10495,EH179497
BY309282,DD78451
CW850548,DA92071
EH890578,EM108788
AL279828,EG44459
EH116383,DE200751
EH405491,EH662837
BN378858,BN367966
DH37729,CN61179
EH134705,AW103591
AM48399,BD12034
CW123085,CW154717
BE281276,CM59685
BR192583,BR140083
DT106904,AN168168
CW710812,CW602202
AE16597,CN45217
EH490290,EH642965
DB333241,DB86036
EA35184,EA35014
CG167067,DD96032
BL217345,EH230527
EH1040533,EH1040533
AL230206,CW1134572
AL42015,AL48962
CL49610,BN293437
CJ159916,CJ159916
CW639155,CW469837
EJ25249,CW802880
DB206031,DB115427
BE44677,DL128403
BE263713,BE263713
BE247165,DL205805
EF176929,CN30399
BL385307,BL385307
CG34019,AW45408
AN38169,AN155815
DD123481,DD123481
CW517959,CW501481
AR5867,BD69812
CW824081,CW1370224
BY689798,BY689798
CM54342,CM59927
BD89443,BD89443
DR97753,DR97753
EH489266,DE269401
BG7935,BG7935
CJ32494,BH86355
BY469121,DN111057
EH1239589,CC25297
BL261971,BL263370
DW36346,DW36346
AA60664,BL438651
ES14361,CG106828
EH370781,EH162441
DT29550,BC30516
CW893134,CW453847
CW275096,BC9089
DE113618,DE164778
DS76128,EH497724
DH54636,CW623399
BY353127,BY102013
DL92800,DL92800
CW81598,CW179470
BE271852,AS73674
EH105759,EH332023
AL254970,AL99280
CZ107629,CG152936
CW498346,CW491199
AA113631,BY327461
DE113391,BE208676
AA210000,AA69260
AF12193,DA10217
AA210000,EH50468
DR25408,DR25408
CW440888,CW531572
CW917113,CW807933
AL32880,AL32838
EH350837,CN22974
BB63551,BY198581
BN553104,CJ131524
AX57450,DE201045
DE207257,BL519779
EH670280,DE81715
BE395199,BE395199
EM107290,EM107290
CW454757,CW173974
DX55761,AP80375
ES18690,ES18690
EP77188,AN146282
AP85254,ER36927
EA34901,AN159237
BL498496,BL532233
AL215435,EF73706
DS72058,BE174423
BY265178,BY426715
EH1228616,EH604745
CW668832,CW848645
BD99432,BD58659
DL180540,DL180540
CW778486,AL326332
BL476954,BY377296
BL334866,BL334866
EH641878,EL58969
CG157446,CW1089245
CW783277,CW1073079
EH346486,EH1008306
CW908668,CW879595
EH436536,AL155616
AM25974,BD12034
CW213470,CW613922
CW702002,CW303830
DN142787,EH528673
CW806599,CW806599
DE196532,AL279431
CD23101,CD23101
BN240634,DE86624
CW884962,CW1173415
BY398200,BY27454
DJ12367,DJ12367
EH106404,EH247373
EH787662,EH787662
BH11365,BH110749
EF200326,EF186635
DE98703,DE178122
CW855896,CW855896
BN354411,CD26826
BL420826,CW297944
CT30695,AL112656
CW424565,CW795339
CW931171,CW848645
AN136043,AM78765
EH280682,EH388244
BS11412,CC25749
AD26014,AD30160
AL78362,EF106228
EH484581,BC67419
CW1121713,ER34345
AW88567,AW151118
EF115442,CW556259
CJ135756,BY457788
BN323252,CW684933
BE195441,BL290404
AL240720,BE219529
EH750705,EH561440
CW457984,BR3520
EP85338,CE28886
AK14283,AK14283
BE314225,BE314225
DE87704,DE139900
AL174964,CW342607
EH639090,EH639090
CS22553,BN214288
BL127802,DN72617
EF166295,EF166295
EH415605,EH693104
DB235761,AG35227
CG50551,AL239832
EB68360,BH128484
EH1193120,EM78255
EH863439,EH280558
CB16992,BA9989
BM52167,BM52167
AM62502,DH36384
EH785592,EH529130
EH132937,EH138719
CW1157931,CW900203
AL169362,AL169362
CB69298,CB69298
BL216696,CW137807
EB75350,EB75350
CW887565,CW1220151
CW824623,CW824623
EH703951,EH149790
CW247713,CW674321
CN76262,BL519779
EH823960,CL31416
AN128412,AN128412
BY5723,EH169521
EH850463,DL236262
BN493179,BN493179
EH241876,BL433475
BH85348,CM22234
CZ33252,CS25808
CW905926,CW253271
AL177294,BL120732
DA87354,BM58816
AN21310,AN62089
CW519896,DP40847
CJ165257,BE101888
EH858278,EF167743
BB46564,DX33847
CW1150257,CW1150257
EF6686,EF6686
CW597799,CW710613
DB198926,DB212065
AN77849,AN60514
AM96385,DB95918
EH104232,EH299375
EH1050375,EH1318939
CR18360,CR18360
CW885447,CW1316700
EH580335,DX39089
CJ131792,CJ66702
CW929749,BL51632
EH745987,EH455198
DA89185,EH301005
BL287268,AA120727
AA75035,AA75035
BH171852,BM43262
EH1067245,CW1329056
CW357548,BE185586
CW517329,CW1031628
BR159947,DB270485
AL221621,DT124377
EH423281,EH515404
DA62137,AA64778
CW238637,CW128387
DL252211,DL252211
EH770566,EH770566
CW885859,CW629443
CD21638,CD21638
CW56300,CW387785
CW974398,CW642591
CC54351,CH37165
EF145789,EF126293
DA121556,DA89412
CW640867,CW381167
EH863562,EH731867
DL199887,DL192359
BL450963,BL450963
CG122560,CG23446
DN130546,EH936288
BN405205,BN530276
ES21395,BN212669
BY384936,BY373322
EM88867,EM88867
AN154371,AN154371
AN89921,EF146596
BR136336,BR97372
CC90061,EH245924
EH923210,EH923210
DB271050,DB271050
CW110264,CW1263259
EL55773,BW54008
EH418323,CW592554
BJ11304,AA69206
CW975643,CW244533
CW768667,CW975225
AK129450,AK129450
AL255683,AL166446
CZ84384,CW1246951
CW633200,CW643657
EH861611,DK14296
EH236514,EH164748
CW125384,CW804661
EM104516,AG56103
BD87343,BD33028
CW1053962,AN132266
DE274205,CW380714
EH703951,EH305177
CT30695,DN94472
ER40003,DS94105
BY81022,BY290319
CC134300,BY303065
BZ44311,BZ44311
EH222798,BH157768
EH828480,EH500913
BE76499,BE106585
CW390096,AW74624
EH1239589,BL73291
EH735396,EH735396
EH639045,EH639045
CW106463,CW1092344
BY460800,BY449120
ES14141,AL103378
BR173136,DL179289
DK30887,BP40920
BE202202,BE257735
EH816383,EH561440
DE330069,DL256578
EH282030,EP47774
AS63479,AS63479
CW637095,CW305052
AS47087,EH488092
CA109119,DR151915
AP67200,AP35297
CW378693,CW285437
BP37654,EH451174
DB96636,DB110391
BN423900,AP83955
AN157578,BR218797
CW370361,BL45917
EH672738,BY342270
EH596565,EH352026
EH704163,EH429230
CW724721,CW387493
CW769605,CW769605
CW1081190,CW1134700
DD95751,DD186768
DB274558,DB247863
EH898015,EH914493
EM42871,BL161298
CW66964,CW66964
DA87354,EB45789
EH564290,EH955043
DS63747,DS64825
CW926904,CW791928
DT144694,DT144694
EL47160,EH215543
CW841079,CW732623
EH257023,EF56403
CW731420,CW837183
EH1090476,EH395992
CW353102,CW1023785
BE233590,BE115648
BY715818,BY220267
AL204383,DN123519
EF90180,EF185093
CA66987,BY392382
BB93530,BB93530
BW25266,BW25266
EH132050,EH132050
DA104754,EH1273952
CG24903,CM44451
DA92071,DA92071
CA32749,DD46412
BC39621,CA50534
CW574525,CW384670
EH454156,CT33344
AT27370,AT27370
DJ7937,AN85506
AA111225,AA119825
CW797596,CW1226434
EG29410,DB34496
BE390268,EH478771
CW1015363,CW1035390
BH64981,BH52952
AN161320,AX57830
CW1024756,CW732623
BR68087,AN98838
CW639067,CW777732
BP34837,CW204004
BL493985,BL493985
CW1123554,CW550610
CG121913,CG121913
CW563497,AL153501
BY511276,BY597812
BL217511,CZ63532
EH676087,EH676087
ED39160,BN303326
CW556259,EH643039
BN319722,EH302835
AG30207,AG30207
BY550941,BY550941
CJ161288,CJ161288
CW870708,DD111816
CW487967,CW487967
BN282680,BN74644
BE377156,BE377156
CW475722,BY253114
EF163056,EF163056
DN22135,EP53411
EF100089,EF100089
CW216484,CW218122
BY510590,BY614039
EH1069624,BL287786
EH860266,CE42218
BY514143,BY544726
DK41606,BN402572
CE57713,CE57713
EH676960,EH1265982
CW894272,CW894272
DE217727,CC89087
BY433155,BR233217
BC43624,AX48554
BR63508,EF40558
EH798883,EH902772
BL88997,AN162718
EF141831,AN52777
CW394194,DM2130
DM5475,BG22394
BD113088,BD160777
EH110076,EH110076
CW482214,EF120086
CW817679,CW1063695
AL320106,AL126420
CW370361,CG132414
BY56086,BY174395
BD86740,CC31247
BW36965,CN30877
CW729770,CW714074
DT29550,EH422695
BF35264,BF35264
CN52523,CN91697
AP43586,AP41153
CW679801,CW877374
CG60641,CW509829
BN361632,DE115161
CW164037,CW1294576
AL219206,DE288850
CW672869,CW670998
CW129278,CW322198
EF160945,EF160945
EH258501,DN94150
AL38983,DB331118
DD179554,DD212501
BR90682,BR76677
EH682346,EH682346
EB58470,BL342612
BN450701,BN450701
CW230817,CW230817
BL48711,BL167803
BL241028,EH291505
CG101583,BY272701
EH179763,DH24301
CG174506,EH1135164
CW890098,CW306197
DB142905,ES5359
AP69088,CZ121627
AW150155,BL314802
BJ25819,CL41577
EH189952,EH181736
BZ43400,BZ43400
DL76263,DL78296
EH257023,EL48301
AA111784,AA111784
EH864495,EH310964
CW504270,BN308262
CW425217,CW425217
DH49802,DH47252
AB41679,CG13355
CW1042340,CE27421
AG24511,BY619081
DT141459,DT141459
DN73518,DN120497
BL241341,BL271131
EH1231253,DE313119
DA98283,DA98283
BY289453,BY321423
CW959613,CW319968
DB21790,EG20867
CW975643,CW231746
DB267707,DB57225
CW703877,CW703877
CW723370,CW723370
DY16156,DY16156
CA80070,AX29272
EH490290,CC127514
CW149341,CW254626
EH499774,CA50534
CW750856,CW269277
DA79046,BH131746
CW1140326,CW1323696
BN346973,BT10245
CW548381,CW1113062
EH302433,EH1109327
CW703967,CW765881
CC130299,CC143378
AL189421,AA94944
BL156529,DB302368
DX22042,DX23308
BL80414,CW218404
CW509371,CW473870
AW80195,AX37060
EH514172,EH1224138
AN153812,AN144884
BK42930,BK42930
EH195894,AG56103
BR43328,AW138562
EH858278,EH855944
AW140777,BE257735
DN110321,DN110321
EP77994,DA63629
CW1317640,AN96719
AW100704,AW100704
CH51564,CH51564
EH498589,EH451174
BN423512,BN263774
DE98368,DE135091
DB107669,BN358757
CW864402,CW864402
DB148161,DB148161
EH1176689,BY570136
EH476170,EH159941
CT41034,CT41034
BE192009,BE200549
DD123170,DD123170
BB46564,CW172263
CW1000576,CW1100094
CL55104,CA62721
CW1008532,AN176663
DD36341,AR6310
DP19594,DP19594
EA13791,EA7271
DB229095,BT10245
DL243230,DL204717
AL59846,CC68545
CT30695,DD38148
AW124345,AW197422
CW823739,CW823739
CW996024,CW996024
EH1038740,EH533679
CW1063169,CW1063169
EH1123074,AA162407
AL196415,AL130364
BE320842,BE12575
EH222798,AP13711
DA19284,DA58962
BD132552,EH778184
EH745987,EH1062963
CW558104,CW268477
AB14050,AL90706
DD112387,EH449567
DX2396,DX2396
AA65627,AA65627
AA113661,AD18090
AA143651,AA169664
EH878143,BL241067
EH1071029,EH1071029
BN455551,AW158821
CW1213092,CW1213092
BL258096,CC89087
AA84269,CG2857
BD92705,CA30475
DL193166,DL174032
BN400650,DB237375
CW495460,CW266772
AM86855,AW191943
BN328110,BN328110
BB97920,BB97920
BL288585,BL288585
BL467903,BL467903
DL189769,EH913534
EH730417,EH730417
CW875549,CW301220
EH918655,EH918655
CP19768,AL198305
DR24064,BD25615
EP78903,DX51401
BJ21878,ES5359
BL250335,BN392009
BL283946,BL295193
BL96442,BL441424
DB156260,CM23096
CW326311,CW1261560
DB207984,BN380981
DL213903,DL213903
CW321296,CW398559
AA100490,AP8782
AW92705,AW92705
CW1180887,CW795423
AM80247,EH458661
BY574954,BY574954
BY371077,BY559697
DD118325,DD118325
BN409950,BN409950
BR136336,BL282678
EM114982,EM114982
AL181822,AL34091
CW456741,CW1027837
CN57387,AM5896
BY112443,BH130969
CW133457,EH554638
BE76499,BE257735
BN76658,BN28502
CR28659,CC94479
CW161422,CW167232
CW392925,CW722936
DE138186,DY20181
EH412412,EH348783
EH770065,EA56638
DR108739,BH127880
DL97520,DL181412
AL82522,BR66169
CW167961,CW167961
CW990202,CW990202
DE191149,DE136463
BP37360,DX46401
EN50049,CA42781
BY598432,AG38129
CW182993,CW310487
CW450284,CW1070675
EH654987,CJ128282
CW997238,CW1090658
DS102387,DB129961
CW692727,CW455459
BE434485,BE173435
CW997238,CW266772
EH813430,EH813430
DL218937,ER25307
CW1103258,CW804661
EH583381,EH242092
CW634097,CW456089
CW871195,CW599753
EH200658,AW48587
DE226076,BL61397
EH493975,EH309987
DB129566,DB63993
DE36317,DN27423
DR72261,CS21674
CJ118606,CW231746
EF100089,CP26147
CW919337,CW1348515
CB77430,CB41528
EH712749,EH522761
BY460750,BY692670
CW411086,CW447193
EH1116646,EH652263
EH514172,EH254356
CW679801,CW1045683
DT87452,DT87452
DT133510,DT133510
BE198090,BE262209
EH1234471,BL500024
AL184608,CG106828
CW268057,CW266772
AM102210,DX62922
EH211677,BY545863
EB50207,CW287954
AK113306,EL78297
EH241876,EH97265
DN58151,DN27364
CW1145433,AR6305
CW532846,CW526394
CB81733,EH246448
CW607631,CW934140
AW176500,AW48587
EN25836,EH616035
DL241032,CW795339
BE126650,BE150076
DA64219,CG64584
AN184633,DN121191
AX59714,BL404494
CW330373,CW268477
BY552787,BY252445
ED47082,AL228705
AM65919,AM69189
CW102158,BT6520
CW1273545,CW227010
EH179763,BL182975
DN94633,DS39544
CW349887,CW360025
CW437800,CW430802
BY572635,BY48149
DB226607,DB101111
EL72378,BL242899
EH803071,EH303460
AK119093,AK119093
CW361232,CW879595
DA65927,EF98882
DL170727,AT28942
BL346601,BL346601
EH349845,EH291505
EH428175,EH186932
BE32828,BE134586
CN31740,CJ117328
CW549347,CL34430
CW904237,CW724104
CG124558,CG128534
DM27914,DM16738
EP78850,BL530731
BW54168,CJ75773
CW619733,CW304482
BE114068,BE113623
BY465047,BY465047
CW60614,CW420469
CW893381,EL77093
CW552913,CW1060175
CW494380,CW799387
DD129176,DD129176
AP69088,CC159189
CW74725,CW98321
BL64082,BS8195
CW378693,EH313015
EP67898,EP67898
AL207307,AL319881
AM107743,DL256578
CJ154388,CJ154388
AP81981,BN423827
EH1032760,EH1032760
CW837646,CW322937
EH715536,EH715536
DT126854,DT129041
AK116735,AK116735
CL39785,AM5896
BH109011,DL181889
BH146641,BH146641
CW1102154,CB93093
EH917120,AN138845
CG106969,CJ11208
AL133327,EH437204
AP79072,AP79072
BY269193,BY337764
DE113476,DE113476
DA69968,DA69968
DT137346,BH105228
CW1273545,CW124750
EH375462,EH372687
EH1056862,BM61547
BW56210,BW56210
BN372819,BN285444
DE64156,CM19649
CW1155120,CW1065762
DL208642,DL208642
CN94550,CN94550
CW998298,CW847690
EM10869,EM10869
AN157765,AN145151
AL269235,AL269235
EH815396,EH815396
CG128725,CG106430
CW958612,CW802878
BH46612,BH165568
CW356638,CW604891
EH816209,EH682523
CW62783,CW62783
EH124654,BR197989
DB244337,DB95792
BN344937,CJ58973
DE239462,DE239462
CW700800,CW427906
CW783560,CW837504
CG148016,CZ57785
DE226178,DE226178
CG64943,CW575407
DB316344,DB13136
AL220174,AL206308
CW864249,CW1075206
AA115114,EH327742
CJ134893,BR88394
CW92943,CW84345
BM72137,AG56103
DD129961,DD64484
CT28739,DA18974
DB269446,BP55888
CW1073821,CW197151
EH528143,EH419290
CW1042340,DN84537
AA201564,EL43109
DB226610,DB226610
CH22390,CC31247
EF141831,BK39505
CW35436,CW35436
DB83018,DB81271
BR182551,AZ17315
CW650850,CW1199132
BN213942,BN213942
CW806196,CW1296798
AL267693,AL267693
AW166575,CW623302
AL30119,AM18679
BY235674,DL138727
EH533095,AL173589
CJ142021,DD90591
EM112316,EM112316
EH805874,EH805874
DB53986,CJ137567
AK105395,AK105395
EH369557,EH510447
BR190186,BR190186
BL507091,BL507091
BY136232,BY601966
EH674835,EH405290
AA100490,DT87452
BL317750,BL91336
CW756239,CW548381
AS14190,EH710903
BR121694,BR121694
BN481931,BL538401
DL184871,BE213462
ER40003,AB37355
EH681585,EH414984
BY326567,BY326567
AM84383,AM55643
EH168875,EH382678
CW205565,CW337298
AA60261,AW131781
CW443162,CW305395
BL399361,BL409388
CW925199,CW802878
BL448572,BL448572
BR115021,BL198863
CW385847,CW329320
DM8159,BL132788
EH1000889,EH622632
EH629269,CW579552
BB46564,BR76677
BY462502,ED15142
CW461593,CW759667
EH815258,EH267429
BL300997,BL238496
BY315422,BY541671
AL74175,BY221590
AA195621,ER14511
AL112691,BE101251
DB240018,CL42542
DH42532,CG148062
BL123562,BL361873
CC122232,DK45634
BY370856,BY370856
BN381310,BH86355
EF200326,EF200326
CW1219024,CW769228
EH817981,EH817981
EH1155839,EH1067438
CW509882,CW295139
DE311139,DE311139
EH489266,CW244533
AN166298,AN166298
AA180652,AA180652
BY507498,BY542602
BY478099,BB35611
EH61568,EH61568
CW372218,CM32078
CW653213,CW433609
BY378249,BY378249
BN118499,BL121283
EH694655,EH299713
DZ65094,DX46401
CW1024308,DZ55629
CW156863,CW1045283
EG40334,BP58302
CW1063137,BL380857
CW1156833,DB273074
EH234239,EH9194
CW1055127,CW1055127
BH85348,EH750206
BL399361,AL311555
CW273160,CW438262
BY252591,BY224586
DB218161,DB218161
BH92545,EH245924
CW373850,CW1210905
EH955231,EH955231
CW541438,CW531667
EP44872,CL43684
CW66760,CW108029
DT127813,DT127813
AL133130,AL117024
AL103192,AL51822
EH418323,EH385417
CP41250,BB50772
CG98509,CG98509
DL203325,AX11511
BY370213,EH497724
DL119348,EH321357
AL38983,ES24488
EH1039260,BN459680
BN106608,BN171255
BN378856,AN146157
BR136336,BL339184
EH418863,CW1133129
CW536972,CW448950
EH99894,EH98130
EF93320,CW762626
CW1154381,CW685075
AN157578,EF64432
BH102733,AS87974
CW724721,CW929984
BH147335,CN79722
CW875595,CW760610
CL42542,CH38405
CW629462,CW742845
AN126921,BJ30192
CW592452,CW94634
BY577544,BY314123
EH275472,EH132312
DD40300,AA116976
AA164934,AK132458
BN339789,BN339789
CW305785,CW299316
CW381932,CW411539
CW346209,CW795339
CW1126916,CW707245
EH939343,BL500024
BR61475,CS2421
EH925732,EH661631
BY308593,BY155708
AG8882,AG8882
BL326957,EH933416
AG41045,AG41045
CG130776,CG130776
CW293435,CW491547
AN184633,BN380981
EF86294,EF86294
BE187808,BE179466
CW731374,CW710267
DN142787,DM33101
BY535898,BY325935
BY91944,BY310817
AZ11604,EH478771
CW1193215,CW602700
BN370119,BN368095
EH710744,EH305177
EB76699,EB76699
EH231236,AN52393
BE234193,BE234193
EF133580,AN128095
AL294623,AL294623
CE12415,BL261405
CW823188,BD116229
ER22201,AA69206
EH1050375,EF187464
AD29282,AD29282
CW497250,CW66964
AS73786,CB74457
BE379714,BE129190
AK58710,DE202758
EH888510,EH888510
EM73030,EM73030
BD52486,BD52486
DS86538,EH818103
BR160326,AR10820
AN201983,AN201983
CW549347,CW523104
EH84464,BY354249
DE253266,DE253266
CL51486,CL51486
CW1020874,CZ105639
BY415790,BK35536
BN417416,CB93093
AM45558,BY453721
CW645645,CW384670
CT37751,CT37751
EH392334,EH352026
EH1224954,EH1224954
AK89825,AK97042
BF14080,BF14080
BY589962,BL394161
CW892257,CW508356
BE424746,AD19400
EH636114,EH367083
CW1055602,CW1055602
DB184357,DB184357
CW92740,CW70115
BE182375,BE244651
AL189583,EH642410
EH257635,DT100576
EP47116,CN30399
BL258096,BL250794
EF79632,DB43792
AM60571,EP69693
BB46564,BR123233
EF134372,BR140083
CW639067,CW399847
BW35837,BW50305
CJ40010,DH60341
BN395379,BN304602
CW1078292,CW623399
EH829939,EH829939
CY16112,DX14528
CL23948,BC30516
BY683672,BY710019
BB42501,CC25702
BN336188,BN346973
CW778486,CW933793
BE158248,BE66432
DE289659,DE121646
CW985565,AL99280
CW629125,CW629125
EN35926,CA24128
CP16158,AN5305
BN444848,BN423827
EH1175878,EH1175878
AN141015,CC159189
BY216436,DL16025
DL189520,DL189520
CW954715,CW746967
AL74741,DH4698
EH337284,BS6460
CW704113,CW864325
DS94424,BY617983
EM3261,EM3261
EF121941,EF121941
EH369386,BY262335
BL26212,EH617661
DE311805,DE311805
DE275727,DE275727
EH234963,EH488092
DG49008,DG49008
BE229274,EM88330
AW182036,DE116370
DY16269,EL39192
BZ24094,AM16698
EH1048962,CT52317
DE303581,DE303581
AL31416,AL31416
CW1066465,CW148566
CW1138706,CW1138706
BN423900,BN440440
DB2692,DB49594
EJ21911,CW770474
CW1155769,CW1155769
AN65024,AN65024
CW1034597,CW164061
BE182164,BE182164
EH496109,EH493957
EH1253951,EH1253951
DB54925,DB70313
BR82335,BN456609
BM11298,BM11298
CW582033,CW369498
CW930822,CW1044906
AK141045,AK132746
DE249929,AX58045
BN339394,DP35656
BL270763,BL270763
BN344937,BH78265
DX39555,BB55197
EH650819,EH650819
DD129262,DD140816
CW1184634,DF14889
CM58649,DT169427
EH183163,CB33129
CG124558,CC49072
BN387502,BN387502
ER35225,CG30957
EH983760,CW334744
DD104656,EH342552
CW905926,CW483468
BL444749,BL444749
CB52517,CB38424
BW35837,CC153196
BY166559,BY166559
CW501972,CW632661
CW1085752,CW1348833
DG5402,DG8265
BE247165,BE247165
DD62268,DD62268
AL97376,AL97376
EH794912,EH238244
DD59955,DD186747
CW456213,CW197202
EN74479,DR82159
AK16115,AK106712
DE119609,BN333636
AN199002,AN118084
EH328151,EH328151
AL150685,CB40272
BY270991,BY313294
EH414163,EH884709
EH141585,EH162167
AL127437,AL312554
CW1210516,CW935836
AN161320,CS30949
BY437003,BY225479
CW972917,CW895604
EH967153,EH589258
BE393185,BE267225
DK29835,DK29835
CG62334,CE55136
BR136336,CN44567
AK128845,AK128845
AB25016,EH502296
ER30646,CJ81140
CM53206,DA84128
CW720424,CW720424
CW543269,CW315815
BN409739,BN296479
DL238574,DL229054
CW494380,CW723235
BH156604,BH156604
CW655785,CW756621
EH871497,DK40823
AN162265,AN162265
DB97689,BN142478
BY383163,BY383163
DB163347,BL322117
CZ99541,AL324160
AL179735,AL238267
CW1032214,CW434876
CW1219024,EH730417
CW633845,CW632025
EH972957,EH972957
CW184648,CW570953
EH540620,EH1235532
DE25783,DE193258
CW613612,CW583836
CW439955,CW570953
BN462009,DE319090
EH952417,EH952417
EH390904,DN94150
CW221166,CW651363
DT9413,AY11609
AN95261,AN95261
BB68304,CW662010
CW498346,CW498346
CN55808,CN44013
CJ145199,EH259549
CW441751,BL182975
CW726622,CW492291
BN112855,BN11043
CW543117,CT28398
AA136081,DS86380
BZ47825,BZ47825
CS27881,CS29758
AA145073,CL42086
CZ54100,AL52378
DZ64360,DZ64360
EH1004972,CW895396
BY281355,BY467980
CW998298,CW554611
CW56488,CW407895
DB289938,DB251277
CJ91138,EH817107
EH179763,EH162789
DB111753,CA126134
CW656227,AK20743
CW228630,CW1195710
CW974331,CW974331
DE82633,CJ137567
EH920640,EH500518
BR48044,DL134548
AL75193,EH351268
CW799048,CW742513
BE195441,CB93093
CW879027,CW837799
DL188901,DL263113
CW1196817,CW795435
EH761994,EH761994
BR124940,BF21094
DZ22638,BD122593
BN452330,DE233066
CW902384,CW907572
CP7920,CP7920
BY529017,CL37542
EH621518,BD111914
BR172773,BR98938
CC117747,BK39411
ER40003,DN48729
CW1085819,CW1085819
CW539529,CW575809
DE118999,DE108687
EH177793,EH73077
EH734707,AJ45366
BN42296,BN66022
EH857653,EJ15380
BY573025,BY573025
CW906976,CW721390
CG101583,BN456609
DR44286,DR44286
CW919204,CW919204
AL363676,AL224913
DL244193,AA122605
EH253676,BW22654
CW996973,CW800326
EM91885,EM91885
CW150706,CW240089
DN77256,DN77256
EF217605,EF221284
AS14190,AW72551
CS8177,BN142478
CW729770,CW993110
CW289305,CW933188
BN474433,BN448330
AW196793,BY631472
BZ13921,BZ13921
DE186443,DE183436
AN134959,AN224135
EP54886,CJ183458
BN321218,BN39201
BL261971,CW511403
BY96715,BY750252
EH659999,EH1032787
DB64761,DB64761
BN9703,BN22785
CW184648,CW448950
CW215662,CW519419
BE233590,DE142401
CW177216,CW256427
EM117002,BE425658
CW439955,CW448950
DE234750,AD20732
DE253258,DE253258
DL218544,CG147013
CW448846,CW448846
EH425590,CW253569
EP82063,BM56741
EH1231253,DP36066
CW645045,CW860425
AL255358,BN293437
CW912240,CW913292
CW1242459,CW1106834
CW600966,DA35367
BY287491,BY350274
DW56619,AW131781
CW348795,CW387933
CW330373,CC31247
CB85980,CB39571
EH550936,EH181544
DN81835,DN74903
ED55171,AX30332
CW507763,CW507943
BY469121,CL42086
EG41205,AA87314
AW79887,DB77144
AL30119,BH99038
BY375998,BY386189
BL127802,CW439741
CA4757,CA4757
EH346583,EH429230
BR147269,BR162500
EH302433,EH299713
CW146667,AT3686
CW1141195,CW1117253
BH124216,BH53755
EH504540,EH451174
EH501045,EH595669
BY495296,BY549528
DZ65094,DH32859
AN157765,AP68630
AA115256,AA140751
CG111375,CG102475
BL340807,DE131350
CW600060,CW1061078
EH461127,DL179289
BP26957,EH395013
CW1131496,EF205392
AN107645,CW740059
CW365787,CW530024
BR95672,EH627961
EH1107448,EH299375
DE186891,BY449228
CJ68912,CW469837
CG35992,CG142455
CW829509,CW1170634
CZ92634,CW515155
DB229095,BN462215
EH385417,EH385417
CW537690,CW537690
BL140219,DD104345
BE156922,AB28655
CW517329,CW693878
CJ86363,CW369186
AM45558,BR137911
CW1190660,CW1111027
CW960101,CW783241
BD99432,BD29305
BG32454,BG32454
BL81554,BL81554
CJ64479,CJ64479
EH421842,EH778184
EH57221,EH428944
CW966697,CW1134572
EH694655,EH473436
EH639650,EH488092
EG41205,DB85003
DH54636,AP64158
DS86538,BY705013
EH213587,EH235064
BL288789,CN62223
CW247713,CW448821
EH809927,DN119468
EH493975,EH1119284
BH61955,DX33847
CW1103258,CW783615
EH713533,EH486537
BL196960,BL384414
BL477637,EH875028
CW149341,CW706026
DP3079,DP3079
EH965077,EH965077
BH46612,CC85882
BN459604,BN459604
BE61573,CR11199
EL86159,EG25428
CG84475,CG87699
EN45331,EH470249
BE326687,BE326687
ES7728,AM8791
DB262799,DB265280
DE16598,DE8807
DR108021,EL48301
BD64991,BD64991
BE428313,BE194505
AL251373,BL439267
EH823960,EF69277
CW151254,CW1159813
EH177316,DT29864
CW668832,CW891936
BD104441,EA42814
DL86417,BE78116
EH490290,EH473436
CW714935,CW586650
DA124149,DR94175
DB58570,DB24575
AA75035,BR98938
BN552153,BN339065
CW162116,CW1198882
DK38201,DK38201
BY367440,BY314574
DP23822,DS119225
CZ33713,EH298184
CA73693,EH585306
DZ14961,DX46401
CW524693,CW524693
CW290608,CW191718
CW893573,BR163236
CC120548,CC119579
BY83382,DL10218
BY390551,DS78651
EH320614,BN140070
CW697209,CW373583
DB274043,DB47796
AL153127,BE275894
DL81978,CC69951
BY30405,BE107303
DD44357,CW1018629
AG35875,BN311781
CW1155087,DE193237
CW1027906,EN78185
DL254633,DL262426
EH979375,EH816209
CW513997,CW876823
CW1163675,CW1032137
CW230429,CW473870
EH541670,BB58780
EH561680,EH784706
AZ17373,AZ17373
EF190969,EF190969
EH325311,CJ47056
CW584186,CW629027
EB70025,DS104869
CW1064726,CW1064726
DB141508,EF60450
CE56674,CE56674
BL80414,BL54567
EH448666,BD69812
CW392169,CW48057
EB7780,CC32569
CB60044,AN159237
BE209996,BE209996
AM18756,EH197687
EP47116,BN456609
EH495025,AL159089
CW469575,EL57912
EH41710,EH41710
CA47840,CA47840
EH1130374,EH1130374
EH1178354,EH1178354
CP33997,BG20826
CW43960,CW1231309
EP25493,CH18887
AT13382,BZ22255
CW704517,CW554017
AL213504,EH741973
EH452592,EH116155
EH348783,DB268682
CW580878,CW580878
BN280722,BN280722
CW605075,CW575679
CW404131,CA42781
CW56488,CW73217
CH22390,EH488092
EH834875,EH1303759
EB31753,EB54003
DZ62354,BL322117
BB119413,CE42218
BY337834,BY337834
AN199002,AP64426
AZ9598,AZ9598
EH257023,DE195868
BE379556,BE452701
CW709803,CW717796
EH784578,CW1179660
DT157535,DT139958
DL234617,DL234617
BH53048,CC50314
DD104656,BW24246
DZ20865,DZ20865
CL42542,CC94596
CM41182,CW504103
CW629085,CW629085
DB106227,BL247169
CW650570,CW523104
CW1134570,CX17061
BL398361,BL398361
BL139276,EH240540
EH889984,EH757193
CW1035122,CW1035122
DE97052,CR11199
BN386351,AL228149
CW390593,CW1339797
CL24104,CL12462
BE348216,BE234824
AK78969,AK78969
CW586410,CW732623
CW1080569,CW847237
BN80825,CZ18853
BY720817,BY740268
AK110778,EF69277
CW450284,CW934140
DD107781,EP73553
CW561082,CW339059
CW1096949,CW167446
CC37058,BH39884
EH471387,EH445909
CW1076847,CW1111653
AL36144,AL227299
CW992858,CW269277
EH628614,EH628614
DE119609,DE193178
CW319195,CW60701
BB2830,BB47575
EB6322,ES27975
BB12406,AA11064
EF78228,BH54180
EH896460,EH896460
CH36174,CH36174
CW827452,CW483468
CW361232,CC31247
AL34317,BD20757
DE290296,DE305903
CW695560,CW959820
BB88932,AA69206
BN364918,BN364918
CD8612,EH208036
EG26481,EG13325
EH674778,EH674778
AB36536,DB289197
AF14323,DH32859
DL151000,EH664349
DE270746,AA169664
DB229095,DB229064
CW990787,CW393836
CZ55223,CZ55223
BL301262,AS65255
CJ136719,BL286768
CW296958,BJ30491
CW691329,CW564407
BR27349,BR60874
CW256046,CW1027837
DS88012,DS40755
AE21221,EH477725
BY354947,BY102013
BE341705,BE460625
DA46517,EH281862
AX15444,AX15444
BL437100,EH666160
BY647889,BY648776
EH212006,CZ94766
CW699421,CW734871
CE40331,CE40331
CW800326,CW800326
CW149530,CW235357
CA105577,DE231201
EH704163,BD82285
CW562739,CW184771
EH770566,DE154467
AN107645,EH488092
CW567287,CW604790
DD89186,DD116481
BR229092,BR229092
AD28030,EF140151
CW765881,CW600977
BE182375,CJ138642
AF12193,CW439741
DA87354,BH118293
CW963026,CW664198
CW394194,CW530024
BH54931,CN30877
DN150455,EH1074496
EH589598,EH560280
CW552728,CW552728
CW1298692,DB230850
AA74327,DE147687
CW725861,CW17911
BH96776,BN148819
DB107669,DB142650
CW936813,CW162116
CW312757,CW294583
EH681585,EH192511
BP18718,CE55136
BE350443,BE349536
EH421263,EH128325
AS65905,DN111057
CW356638,CW823835
DR92419,CG148062
BY283249,BY97115
CC32997,CC32997
EH195894,EH246448
CC116994,CA98010
BY238356,DE108056
BZ21341,BZ15168
ES7728,ES7728
AA100490,DL171797
EH238104,DN41692
BN315109,BP40340
DW49639,BN255027
BE284336,AS46834
BW2732,BH15808
BL292607,DL211304
CG50551,BA17881
CW83151,CW961051
DB26855,DB7000
DL202784,DL197403
AL51742,DE155728
DD96175,BR69314
EH1247298,EH876503
BY157369,BY55363
CW869195,CW1263695
BR212602,CM60075
CW1148453,CW1134596
BY383163,BY408420
AL184608,AP35297
CW1023736,CW916361
BC48695,BC48695
EH1205503,EH1205503
EH912476,EH912476
BN205998,BY454626
CE58696,BE452701
CW693571,CW1329056
AM79214,AM9175
BL429510,BL102141
CW138916,CW197151
BY577544,EM21476
CW221166,CW439741
DS98974,EL78923
DT79339,DL168499
DT131303,AP79072
EH285265,EH298184
DT110011,EL21619
BD82887,BD82887
CW293460,CW1025570
BA11249,BA11249
CW149360,CW149279
BY567458,BY468427
CW601297,CW124750
BN421538,BN304602
BT11949,AA190244
CW543117,DL168310
CC29635,CN45217
CW1075206,CW978220
EH1040317,EH1040317
CA95903,CA95903
AL42470,CW507943
CW914803,CW703853
CW507696,CW472230
EH279282,EH365730
BX16061,BY608572
AB37048,DT155471
CW217585,CW299316
EH1118601,EH1005433
DS102387,BY456120
AN34580,AN9817
BY328848,DA68996
AF24276,DL223701
DB112488,DB97930
EL50213,AW163949
EH1062156,AW158497
DE303845,AB35304
DN84503,DN27768
EH923955,EH1274624
BH106487,BH83426
DA70519,DA77105
EH421263,BH151572
DD175648,BJ18400
AL107302,AL107302
CW806196,CW824738
BN411062,BN386538
EM46832,BY619081
BN381302,BN381302
AE30202,CC119579
EN39474,DL94347
CW601297,CW129953
EH359007,EH233961
DD163356,DD163356
DE99913,EH162789
EH878143,EH878143
EH1066003,EH301005
EM120744,EL31786
AW196793,EH990103
CE40331,DN143717
CW765881,CW540196
CW1033151,CW674321
AB37048,BL219910
AL259695,AA168823
DA19284,DA117774
BE373691,AZ7530
CW1184634,CW483468
EP78522,EF143233
BL328173,BN384472
CW1014351,CW1108540
CW1091424,CW683240
BB119379,CN30877
EH504540,CY21303
DE194002,BY617779
AW193663,AW193663
BL265083,DS99879
BL270763,DE205349
CW330373,AX29272
CW621757,EF47436
BY742276,BY200470
CG92474,CG92474
BN382530,BN408261
EF77787,DA110959
DN113484,BL223125
DD87971,DD87971
CR28659,DB280107
DT111028,DT111028
BN400650,EH255732
BG10691,EF144190
CW392925,CW651363
EH860266,BN496463
EH528712,EH807770
EH827693,EH827693
CW1103258,CW175943
BB68760,AL70860
AW150233,AL189080
EH751976,EH751976
BN528931,BN528931
CT24487,CC12785
CW214433,CW214433
AL81754,CW204004
CW358466,CW456221
EH1123074,CM59685
BY461320,BE146692
AR10914,AR10914
DB161028,DB164514
EH963201,DZ64298
CW569916,CW696136
CW796966,CW784174
AL315602,AL315602
EJ24325,EJ16498
CW230429,CW451620
BB63680,CL34430
BR183140,BB93530
DL176050,BF21094
BL307428,BL307428
BY717812,BY465047
AA171681,BL166957
CW202580,BL242130
CG55777,CB53949
CW594016,CW400986
BY645815,BY493249
AY39654,AY39654
BH61955,AN130752
DA73229,DA73229
EH544786,EH394083
BY518625,BY518625
BL111031,CJ2739
EL55483,AW177466
EH655085,EH322447
EH765373,EP55976
CW687178,EF69219
BL139150,BL53934
CW1116818,CW985828
EH712749,AG59675
DT124222,EF239462
CW975643,CW495460
EH640383,BW48570
BN369022,EH1159685
CW793445,CW833967
CW55672,CW107038
CW939201,CW1319088
DK34461,DK34461
CJ111091,AW122424
EH708068,BY550437
EH13283,EH1060898
AL181822,AL211871
BY645747,BY645747
CW498411,CW695552
EH752597,EH646623
BL246855,BY378611
DG58818,DG38703
DP42763,EJ23951
EH579903,AS70763
CS27678,DB207202
BN51763,DA26812
CW358466,CW539837
CN49331,CN49331
CG124558,EH764246
CW743852,CW743852
CW498346,CW305052
ED18854,ED40025
CG98020,AK77630
CA83553,BH32710
EH873631,EH652263
CE39802,CE39802
BY348984,BY368830
BB61123,BB103529
BJ38682,BJ38682
CN25727,BL156586
EH779081,EH779081
CW936305,CW936305
BL302710,BL302710
CW500329,CW301220
BD126353,BD126353
CW668832,CW466430
AB38550,DN134324
BN328076,BN423563
CW441751,DT28999
AA107317,BH184479
EH849072,EH849072
BY318336,BY318336
BD86740,BY79490
CL56740,BN460491
AL326058,AL326058
CW213470,EH515884
AP45706,CL8776
EH444700,EH444700
CW216484,CW632661
BR149267,BR149267
EH200658,EH737779
BE332300,BE213462
CG131204,CG131204
DB311509,BL384434
CL41633,DR92849
BN530276,BY681192
EH246448,BN333636
AW156061,DD204649
AN129961,CS16921
DL214706,BK43902
BN346973,BN462215
DB123604,DB90458
EM36556,EM36556
CW1188602,CW1252535
BY662416,BE141599
BL111568,BL80649
EH134705,BR76677
CW777503,CW1025570
CC99592,CC99592
AX32712,DE160053
CW1211050,CW1211050
DW35455,DD160134
EH624330,EH1036997
DB149555,DB39372
CN88386,BP61954
BR148314,DB198706
BP62177,CW742384
BE297021,DL258725
CW892257,CW1049919
CC134258,CC134258
DZ14961,EA20894
CX11407,DA120102
DB107669,BN333636
CW766651,CW766651
BD45698,CA55702
CW445215,CW1294576
CW216484,CW453847
CP42062,CP42062
EH314684,DS39544
AK56991,AK57613
BD86740,CW268477
CW702002,CW226369
CA83553,BH82959
EM98732,EM98732
CW426989,CW539261
BH122506,BH177219
EH254449,DT95445
BN492903,BR147558
BY265622,BY265622
CW1176573,CW627942
CW238870,CW116887
AL280352,AL280352
CS22553,DB91695
BY638063,BY638063
CS30730,EH900769
BB74007,BB74007
BY401783,DK20324
DL119348,BN336708
CW893134,CW218122
EM82103,DA111086
CW1285768,CW1285768
EH642410,BN315455
CW536728,CW600977
AS48225,AS48225
AX39799,BY350274
CC148483,BR153541
EG44967,EG44967
EN59623,BL421868
CW1273545,CW129953
EH658850,EH658850
DB112488,BH54346
CW759334,CW759334
BY458641,EM61298
DL251423,DD202895
EH250209,AA141031
DE318449,DE318449
EH248860,EH248860
EF46983,EF99131
AW92788,AW29153
CJ173883,EH981467
EH882604,EH1086732
CW964158,CW491199
BY378249,BY456120
CW974648,BR163236
EH745987,EH708569
BY472272,BY468427
CW1154381,EH682523
DB183261,CW571720
BE280391,BE280391
CW221166,CW722936
CW545342,CW545342
CM68981,CE38613
CG76466,CG76466
DE228744,DE224618
DZ39374,EF125338
BA8961,CE51226
CW565327,CW629155
DP47796,DP47796
CW1014351,CW610319
CW51766,CW219808
EH378404,EH440270
BE158248,BE64432
BC66199,BC35769
EH1271595,EH1271595
EH1114905,AZ9872
CT45149,CT45149
DA44817,DN78339
AL226912,AN71861
EH1255587,EH925679
EH246448,EH780520
AW204608,AW204608
EH716223,BN151616
CW251291,CW1301784
AL108527,EH343641
CW331335,CW227960
CW374131,CW673567
AL226912,AL108835
BH102733,DL96397
DB44975,CW131106
CG72782,EP30087
EH334117,EH549330
CJ146808,CJ130292
EL42953,AE20399
EM96620,EM96620
EH258501,EH1037679
BN359569,BN289188
EH878493,EH1054034
DH54636,AM5222
CW53799,EL24058
EH484204,EH444768
EH124636,CZ33885
DL178624,DL178624
EH850463,EH511472
BE136728,BE136728
BW35837,EE5931
BZ23313,CZ33885
CW1226083,CW1294720
EH810121,CW893573
EH270251,EH194006
DN148646,DN148646
DH57508,BM28934
BL429795,AT19007
EH770564,EH770564
DH54636,DL91745
CA76153,BH131746
DL217931,DL217931
CW123085,CW356672
EH960885,EH626999
AK124141,AK124141
EL2049,EL2049
DB94124,BL266337
EH507293,EH281862
AN90698,AN104695
DB77839,DB306615
CW852684,CW852684
ED40809,ED31991
AM45558,DE133697
EH1234471,BN333886
CC162263,CC93792
CJ80670,BL219910
EH945206,EH912219
CW990481,CW295048
BN275683,BH84915
BJ31483,AF25671
BY339333,BY80424
DN142787,AS62439
CW421552,CW421552
CJ36399,CJ36399
AN149199,AN144584
EH961360,AA103692
DB272357,DB247863
BB8438,BB84781
DD193265,DD193265
BR135270,BR135270
AL56832,AL167940
BE318687,BE206336
BZ23313,DM2130
EH884742,EH884742
BL386390,DS68139
DB65585,EH403119
CY14856,EH146826
BN514246,BN463991
DH7899,DH7899
EH1318588,CW985828
BL166601,CC71527
EH810121,EH810121
BY601333,BY718125
EH499774,CL34430
EH832688,EH884345
BR158599,BR158599
CW836948,CW586682
CC90061,EF100296
EH575902,DD146132
CW778486,CW837504
CW794613,CW794613
CW383755,CW526394
EH74282,EH68011
CW158598,CW161335
BY193735,BY193735
EH359007,DN72617
DH57508,DE239045
EH751976,EH570671
EH594430,EF55811
BL80414,BL351270
BH132599,BH132599
AK109695,CN79215
CW403359,CW471563
DT152896,EF98882
CW500329,CW1049697
CW268057,CW1090658
EF163694,EF163694
EP69790,CJ194318
BY199149,EM31182
EH41710,EH229073
CW791102,CW791102
CJ137281,EH391668
BN463209,BN463209
DE229657,DE148667
AN37186,EF55811
BY653581,BY653581
BE207321,BE407379
CC133297,EH563874
DA90644,DA90644
BY64579,BY64579
DT169865,BK33013
EH753079,EH981233
AB3952,CG142455
BR90682,BR123233
BE214212,AL156302
BE391698,BE150076
AR5867,DL69146
CW581030,CW823739
EG41205,CW315693
EP17076,EP53343
DD66533,CW1064993
CW601297,CW227010
AA85932,BL132788
CW1001696,CW1001696
EF136647,EF136647
BY524283,BY524283
EH815754,EH1082915
EH368614,CE19517
AJ19877,BH151756
CW971654,CW971654
BL120208,BL450302
AH27578,AH27578
CW313113,CW251736
DA101642,DA47676
DZ39374,ER24231
CW135312,BL160122
EH977197,EH977197
CW1055116,AL316753
BB57369,BB57369
CJ161237,CJ161237
CW166196,CW166196
EH257023,EH281862
EH438222,DE143885
DW66589,EH146826
DH54636,CM25074
DS113175,DS39544
AA169666,AA173822
CW357548,CW223096
BN203155,BN246901
CZ114781,CG156505
EH703951,EH732311
CW974648,DT122842
EH247088,BL346557
CW827452,AN195173
CW908668,CW740059
DB257474,DB257474
DB311509,DB311509
BH172732,BH172732
BN354347,EH661631
DD143699,DD143699
EH864154,EH784979
CW877227,CW807933
DB236183,DB73119
BY469121,BY469121
EH851023,EH192865
CW1090347,CW945656
BG11394,BG11394
CW451755,CW451755
BL500327,BL500327
DX13014,AF25671
CW925989,CW1061078
CW758081,CW249458
CW552191,AT19007
EH541769,EH318129
EH215180,EH433431
EH611919,EH755518
BH147950,EF201479
DA68310,BD154874
BE19931,BE19931
CN21106,EH840811
BY640392,BY750252
DB143771,DB242340
DZ62354,CG108761
EM96864,EM96864
DB95499,DB60799
AP79216,AP35458
CJ178297,CJ49473
CW929749,CW164061
EH490290,EH301005
EH258501,CC62272
CS27678,DB235779
CL47030,CL47030
ED45394,EH231056
BR188440,BR188440
EH1000889,AW158497
AW89465,EL27176
EH857910,CW1173415
EH700003,EH1005433
DN125150,DN125150
DN107083,DN94131
DE261295,DE261295
BL473777,BL360274
CW495460,CW1090658
EJ13266,EJ13266
BN468876,EH716631
DB190217,DB190217
DB233143,CW798570
CW675891,CW464254
AK73352,AK73352
CW315360,CW612834
EF119824,EF119824
CW1244406,CW1244406
CW1170601,CW393012
DD194623,DD63766
DZ53891,EH528673
CW1225794,CW704858
CW489957,CW244533
AM45510,BN238907
CW1246784,CW1172983
DL238574,EH913416
BH54931,BH189748
BN308788,BN370146
BZ23640,BZ50367
CW940914,DB240524
CW872017,BL395295
AN118122,AN118122
AN74893,CG13355
CW969137,CW86063
CW865091,CW1161743
DS52975,BP69947
EB24634,BH125038
BY301688,BY132048
CW507098,CW507098
BR210362,BN518406
EH595669,EH478013
CH38226,DD175063
EH787128,EH787128
DP23822,BN364847
DN74285,EH516880
CA103037,CC19654
EH116383,EH1024217
BG26909,BG29629
DL138074,CW679232
BN512564,BN280722
BR181773,BR184986
EH294190,EH442330
CW1033151,CW448821
EP88862,EP88862
CW1154717,CW579552
BN72108,BN11043
EH1239589,EH98130
DB226911,BX22848
DL182133,DL211866
CW703967,EF142579
CT48303,AP68630
DS89567,AA73745
CZ57854,EL36455
EH495423,EH499585
CW1026238,CW1026238
CW211086,DL168499
DL41083,AJ15825
EF69405,AL94328
CW710446,CW1083268
EF92283,AN111288
BY400993,EF126293
CW861414,CW861414
BH129005,EL32924
AS34256,DD104726
AW111561,DZ66007
ES14825,ES14825
CW42309,CW19447
BT11949,AB38383
BD113088,BL299779
EP61037,AW117217
EG49165,EG49165
BN553104,EH179149
BP66873,CW973445
CT45437,CZ57785
CJ118606,CJ65393
EH179770,EH313015
BY449713,BY62432
DE287119,BJ40726
DX38014,DX38014
EH704163,CA131266
EH917043,EH917043
AG23235,AS45781
CW645849,CW821298
CW950151,CW878673
AR12800,EH980303
CW1141614,CW1141614
CA96389,DZ54124
CZ92353,CZ92353
AL318435,CM45181
BD124063,EH1060898
EH1166671,EH1166671
BY81656,BY201342
DD35077,CJ158637
BN431890,BN440506
DE82633,CH47857
EH519800,BS10623
AE30202,EA44580
EH963201,EH730417
EH860017,DL98502
AS48225,AS30554
CW268057,CW806660
CW933246,CW550610
ES12226,CX17061
CW268057,AL112656
BN481122,BN466448
CW349887,CW814027
BL228937,AK61995
BN408155,BN408155
AL51742,BY114153
CT50192,BH151572
CG27358,AW155743
DB208331,DB208331
BE56177,BE120913
CW699691,CW699691
DL169044,DL102080
CW780613,CW804661
BN486423,BN486423
BN193565,CZ31312
DB55349,AA50757
CW241382,EJ12672
BW20663,BW20663
EH535420,EH210484
EF53842,BS11673
BB78144,DS39544
EH391071,DT83945
BN7392,BN17582
DZ39374,BW56163
BY288669,CT27633
DB98253,BN78478
DD175030,DD201553
BB88760,BB88760
EP44872,BK45987
BW37582,BH116679
CW519375,CW519375
EF197271,EH388714
AW35105,AW35105
EM123938,EM106031
EH643039,EH512113
CW1170601,CW1036729
AL308651,AL308651
AK106072,AN70167
AL265252,BX18827
CL23029,CL23029
BE187808,BE357131
AK121289,AK121289
EH694655,EH391668
AL83989,BL316914
CJ47915,BY201342
CG102096,BH172075
BN121168,BN128364
EH602578,EH159941
EH729791,EH729791
AL264802,BW56433
CG16769,CG75296
EH776629,EH776629
BY661951,AJ21547
AK155324,AK155324
CW629462,CT31460
CW1230380,CW688772
CW478234,CW221979
CW1110358,CW1199989
EF141831,CC71527
AX32781,DE155728
BE378266,BE378266
DN132837,EJ23951
BL75894,CW88703
AK99929,CL45518
AA101523,AM78765
EH191934,BL292858
BE252406,AK57613
DL104765,EH249687
AW144675,AW124483
EH864154,BY499425
EH200950,EH110194
DE270833,DE270833
BN170950,BR12220
BD24572,BD24572
AR12816,EH1141813
BP22576,EH199168
EH1067245,DD126614
EH862915,EH952359
EA31891,EA54857
DR89681,DR89681
DH57404,DX46401
CA44060,AA73903
CW24017,CW17272
BL494841,CW1337673
AL240597,AL74469
CW964516,CW701441
BR85355,BR90692
EH784807,EH835916
DB164514,DB164514
CW749295,CW861477
DB183245,DB200301
EF144010,EF144010
EH863963,EH863963
BL334930,DH51487
CW279606,CW151881
CW671990,CW1363151
AN94048,AN133394
EM32708,AW65612
DN150455,DN150455
DD44357,EG13035
CG87133,CG36519
AL279828,CW783615
BE279047,BE279047
EH961360,AL89541
EH663168,EH663168
DH52255,BY548969
BE428313,CA80070
BE239527,BE150640
EH944828,EH516880
EH200925,EH168875
BH57030,BH57030
EH960460,EH960460
CG148375,CG148375
CL43269,AS64799
DH42532,DH42532
BL258096,BE141599
EH600776,BN311781
CC103980,CP39697
BH118252,EH642410
BP26583,AW138562
DW36030,EH391668
CE10778,CE10778
CD17211,CD17211
CG134870,DL258522
EP25493,BY114153
BK43621,AA171084
DL259894,DL259894
BR214254,BH32710
AA184428,AA193974
DA20900,DA43863
DG49269,DG49269
CW580730,CW1210905
CW646625,CW629027
CC12673,DD111816
AN81917,AN47308
AL32880,AL32880
DT79339,BL74891
BB85846,CL31416
EH1270249,EH1270249
BN462290,BN311286
CW510062,CW1174587
EM104516,BL439267
CW1085883,CW686329
BN553104,DN53691
AN160859,AN164072
BL80414,BL68866
EF182732,CM29334
CW898215,CW1252535
BY525707,BY741821
CW925199,CW1327462
CW219926,CW222001
CZ104892,BM22412
BY265839,DA10217
EH955631,EH1049876
CW1125816,CW552002
EH1081078,EH535716
CW490263,CW670998
CG137616,CG137616
BX15813,DT99043
CW238791,CW879595
EH666395,EH663213
CW984433,CW784313
AP68309,AA116976
AA56628,BL279691
CW158333,CW146667
CW582017,CW807933
BD94198,DT108942
BH96776,BN238297
AL132675,CC31247
BL489996,BL489996
CA43919,CA43919
BL195371,BN194734
EF159127,CH50510
BD47041,BD147028
BL375996,BL267639
AN138418,DA86613
DE230305,BY454626
BY512312,BY512312
BY556696,BY85129
BN247917,BN247917
BR59933,BR59933
EH917598,EH917598
DL173256,DL173256
CW1176573,CW756621
EH294345,EF146375
BY378249,BY437145
DZ21674,DZ9890
EH768541,EH688954
BN219288,BN266343
AN164639,EF169012
BS15174,DG43733
EH414163,EH414163
EH661256,DT95445
EH841512,EH208050
CW233208,CW395294
CW783277,CW975768
CP38018,CP38018
AG36869,AG36869
BL507849,CE16620
BJ45712,BJ45712
DA112562,CJ167179
BY441002,BY441002
EP86628,BB55197
EH245068,EH1250849
CT13982,EH769815
AX55689,AX55689
CW859216,CW427906
CW784450,CW664262
EH784578,CW253569
AL30699,AL128314
EH565152,AN111288
AM66752,BL290404
BN118499,BN137140
EH921166,EH921166
AA66795,BL142193
CW431137,CW600646
DR110373,DR110373
CJ47915,EH733303
AM12221,AL255570
BN191669,CG13355
DS95662,AA215324
CW70324,CC82395
CW619733,CW679586
BY720192,BY549528
DA109911,DA110612
CW426989,CW662268
EH1244335,EH1311832
BD80192,AW139343
EM43588,DY5843
DB65109,DB40605
BN406920,BN140755
CW247923,AW150233
CW939201,AP83848
CJ46304,AW131781
CJ135868,CJ135868
EH380633,EH546920
CW442660,AL126524
EH1315513,EH1315513
EH1235215,AP38347
CW28913,CW245584
CW495460,CW806660
CW1192961,CW1023001
DY33239,BY392382
CA90055,CA90055
CW724685,CW1067426
BY598432,BY610515
DL76923,DL144645
CW917113,BY612958
CC90061,BR122736
BN140595,BA2179
EH1067245,EH518308
EM124093,CW1045683
CW1121713,CT48183
CW81344,BL188528
BY315422,AS40094
AL137548,AL261351
EF189960,EF189960
CN79629,CN79629
BY522765,BY522765
BD117493,BD28846
CW366848,CW69799
BL23841,BL50362
CW205565,CW79677
CW501972,CW218122
CW719252,CW252020
BG35150,CT8493
EH177316,AY17041
BR115021,BD149833
DL223003,CL49372
EH629832,AY31154
AT19007,EF222225
EF182732,DN139427
CW513997,CW710267
EH1211776,EH921334
CW1065762,CW690742
CJ134915,AM80537
CW238574,DH32859
EH860017,EH237109
BP27546,CW546218
EH810121,BL342612
CA98845,DE280430
CW979446,CW1148051
BB90645,DL214825
AY32462,AL187215
CW552913,CW548381
CG45169,CG45169
EH158324,AX14269
AB28189,CW439741
CW345585,AW45408
CW996882,CW595661
BD106271,DL192964
BE45201,BE360563
CW205565,CW257242
CA66987,DT85402
AS70050,EH433431
BY705858,BY132918
ED45394,CW472474
DR50979,DR50979
EJ21911,CG92211
DW54149,DW54149
EG31949,EH433849
BH153999,BH153999
BP58302,BP40920
DB221476,DB221476
DB207984,DB327781
EH1009546,EH288788
AA107317,CP50046
BJ24129,BJ24129
BP37654,CB33199
DS103749,DS103749
DS102387,BL339184
CW828449,CW152711
AN58494,AN58494
CW888583,CW888392
BL143285,BL180548
BD132552,BL284122
CP38367,BL342612
DF21327,DF21327
DD121369,DD121369
CW518658,CW509829
DE186891,DE199626
CW232491,CW731075
EH712749,CA42781
CW85781,CW241235
BN411274,BH78644
BY64764,CG36519
DE296732,DE296732
AW93697,CC19654
CW917113,CW231395
BY577941,CD26264
EH234963,EH442330
BL384906,DB196030
EH752439,AM76296
BB38883,CC131345
BY291534,CC52647
CW1246784,CW784174
AL108527,DA10217
BH163615,BY389140
BL399867,BL399867
CW552191,CW837799
EH971646,EH971646
CW829044,CW701828
DE159038,DE136520
CW779642,CW1016744
EH400346,EH92168
BB81229,AN146282
DB135637,AW147353
BN481931,DE276114
EH898582,EH979324
DR134273,BP60081
AW125069,AN123163
CT48303,AA169664
EH1047897,AN183820
BH86420,DL164595
BB11778,DE59100
EJ13399,EA19772
CW1043616,CW388946
EH919288,EH733638
CW559812,CW473608
EH592293,EH237430
DL163713,DL163713
DA8132,DE98822
DA89692,BP18718
BN9703,BN183649
EF94501,CT27633
CG6573,CG6573
CW867868,CW867868
EH943815,BY112776
BN380635,BN389188
CW1115348,BL272172
EP64728,EP64728
DT111111,AK66169
BL90204,BL80649
CW569281,CW516340
EH942565,CZ87333
AL300812,AL300812
CW798850,CW66730
DE303094,DE303094
EF134515,BR220712
EH504540,AN51713
BE248751,CW1179660
CH22390,CW879595
EH815527,EH1082915
CG127030,CG127030
EH337976,AP8782
DW64264,DW63589
EH1178655,BZ60372
CC120622,CC119579
AW168632,AW168632
BN219288,BN44126
BN129299,AX70514
EH696566,EH333211
DZ10356,CL51936
BE214212,DX38017
EH815788,EH815788
AS34256,AS2753
BY238356,BY458406
DN123965,BL290404
CW227960,CW491340
DE141975,DE103671
BN349162,CJ114252
CZ104892,EH486537
AN141015,AA164623
AL219270,AL219270
AL266492,BR136341
DB156260,DB53903
DL151000,DA86981
DE106220,DE76432
EH868263,EH868263
BH143909,BN346555
CW1143489,CE42218
CR24077,AD4159
BN436573,BN436573
EH149209,CW1179660
CW1125609,CW1265198
BL261971,CW693878
CW976401,CW966728
EH639650,CW879595
DZ61876,DZ61876
DR31022,DR101088
EH254449,EM56718
EH953832,EH953832
CY28942,CY28942
DL241038,EH987491
AL32947,AL32947
CW662932,CW955581
DN126926,AS44800
DB214903,DB214903
DE189252,DE168415
CW589458,CW589458
CJ35795,CA42781
CW828449,CW828449
EH515748,AM74690
BW28592,BE122711
AW153216,AA93060
AA136491,DS69044
EH732050,DA86613
EH1110649,EH772276
CW1175253,CW1225843
AX50415,DL67396
AA146169,CC25702
CW361232,CW740059
BN68788,BN122576
DL179285,CS27868
BP34837,ER31926
AL198382,BN407464
DR93520,DT108942
DA60672,DA60672
BL131245,BL235687
DL214825,DL258522
DL129125,DL20110
BH97697,DL176078
CA66987,CZ29014
CD24027,CD24027
CW424689,CW638169
CM52276,CM51940
EH784578,BY446541
EH467552,AK132746
EH646991,BL241067
DE22194,DE239620
DL205385,DL37696
EF117342,EF117342
CW466801,CW739853
BL383119,BL383119
DP27053,DP27053
DH23904,DH14062
CW773031,CW1044349
AW172383,AW172383
CN70474,AW102784
EH907151,EH512113
CW123401,CW75567
EF142715,BR81884
DD95751,AC15849
AM42951,CW114861
BP46865,AN160110
CW293435,ER4175
BL48711,BL177237
BY230864,DL124411
BY541673,BY541673
CW752542,AW127232
CW623302,CW1205816
DG10982,CS2547
CW556048,CW338090
AB11948,CC50314
BE355242,AL174739
EF129128,BN342250
DE167300,EH206074
BB93265,EM64756
CW884962,AK132458
EH405519,EH1224138
EH1199786,CW272187
DX60710,CB74457
CW510062,CW511552
BN409829,BN328677
EH839461,EH849205
DB202616,DB202616
CW783055,CW783055
EH550872,CZ33551
CZ22851,AW155743
DD86660,DD14529
BN407660,BN407660
AL159041,AA92303
DA97893,DA97893
CW202133,BL65738
CC132326,EA15385
BB61123,AG35227
CW511855,CW1225843
AG49802,EP84986
AL64042,AL117207
CA32749,AW96606
BG14924,BE106585
CW610619,CW122931
DT152896,AN32830
CW498064,CW842057
CW237097,CW82541
EH359007,EB28538
BB63066,BR106965
EH331520,EH258369
AM98083,CE51343
BR62235,AW138562
EH716221,EH938571
CW985565,CW519494
EH1183291,BY11795
CE47744,CE53882
DD122981,DD122981
EH1061885,EF149374
CW816487,CW816487
EH444618,EH405290
DL240762,BZ36890
AG24128,AA75498
DN85994,AW150233
EM65709,EM65709
AM45510,CW204004
CW1131715,CW149279
EH956708,EH916670
DW58064,DW58064
CA35710,CN64774
CW997238,CW380714
CW70636,CW70636
BC45448,EH488092
CW1226504,CW265797
DE265324,DE201038
BY458842,BY498845
DL124837,BE18331
EH1317538,EH1317538
BN349162,BL241503
CW539151,CW491547
CW894625,CW878914
BA14628,BA14628
DL247273,DL134548
CW1157606,CW550733
CW1131803,CE40804
CW770223,CW928819
DD126512,DD93192
EH101298,EH449567
BY564553,BY401657
DT76541,DL47653
CW800774,CW613922
BL201797,BL130073
CW358466,CW400986
CW1053962,CW745207
DZ44073,EH303764
AL205178,AL139805
BR66385,CW559651
CG52417,BY87145
DD65015,AY17041
CK11966,CK11966
EH421842,AN85247
EH1053052,EH1053052
BE454389,BE438860
BH17505,AG41659
BE253831,BE456245
AS2720,AS2720
DL189769,EK17648
CX16424,BE138182
AL108017,AL108017
CW241382,CW172263
DZ10356,EF64432
BB90645,DL258522
CW1233743,CW657451
CW218712,CW580188
BR165311,BR165311
BY174962,BY637629
BZ22255,BL500024
AL254970,AM57023
CC42000,CC68545
EH579903,EL75139
BY643833,BY643833
CW1244221,BL227329
AM69384,BY430794
CW865871,CW865871
AX79419,EP33765
CG13187,EH1281986
EH786911,EH921109
CW162116,CW162116
DL222669,DL222669
BE320842,BE210572
AL261745,AL261745
CG76010,CA58243
EH366954,EH227212
EA39423,AL126524
AD19251,DZ73712
CZ39047,CE19237
DB259154,DB259154
CW1076335,CJ160210
BR66385,BR66385
CW321296,CW1357323
DL151118,DL151118
BL226261,CM29334
EM104516,BN440534
CC55842,EH168875
EP25493,BL182975
BY435597,EH458630
CW1158715,CW1158715
EH399677,EH433431
EH346979,EH192870
CW1026494,CW581836
BZ24094,BL183734
BN397434,BB74569
AA152890,AA152890
EH596565,EH1205146
BC47934,BC47934
BB10650,BB10650
CW650570,CW515155
CW862954,CW1148736
EH917120,EH388244
DE113391,DE117426
BY361773,DE198193
BN272661,DB34496
BY689143,BY689143
CK3823,CK3823
CW515771,CW201224
DC26168,DC26168
EG36299,EG36299
CW634351,CW721390
CW404131,CW667131
CA83553,EH784706
DA101642,BN220785
CT18001,CT27914
CJ16542,AN60514
CA67473,BL393859
BB37553,AA107809
CA14206,EH66563
EH707724,BY468427
EH1062156,DD124206
EH752439,CA73956
CW775573,CW1250374
CW1083017,CW505963
BR182138,ER40773
CW275096,CW345585
CJ119870,BR136341
EH65645,EH282623
CW234609,CW234609
CC107003,CC90004
BN496145,BN496145
EH374178,EH361395
CW917113,CW1241677
CW958612,CW1327462
CW53799,BL101322
EH755453,EH752756
BY628956,BY446180
CW1124857,CW533290
BN240368,BN153615
CH46942,CH46942
EH979375,DS68139
AP59415,EF45481
CY29403,CY29403
AW27874,AW27874
AL51742,CB41825
CW1197229,CW794120
AK110499,BL300943
CW609644,CW756621
CT20319,EH488092
EH708998,AY21270
BY389185,BY389185
EH288254,AP39528
CW340118,CW244169
AL122497,AL355346
CW646471,CW144884
CW909570,CA58243
BE81378,BY171154
BR5842,CZ48659
AS84240,AL279431
DZ57823,CL23464
CW489957,CW525422
EH194386,BL439267
DN107083,BH119024
EH777027,EH1204526
CW748523,BP40920
EH377300,EH476558
BL459610,BL459610
EH144766,EH144766
CL65235,BY716235
CC20350,CC121907
CW464926,CW411539
EH712749,AB27222
DB150234,EF100573
AL254970,BN380981
DA112111,DA112111
CW806196,CW792079
AW111561,DT155471
AW123425,EL49594
EF74925,EF74925
EF191875,EF191875
DH33738,AW209210
BW19010,CW438119
CW893573,CW893573
BE336810,BE336810
EH866253,EH682523
AL79495,EH205171
AM88933,CS25808
CW441751,BY114153
CW149530,CW149530
CW158821,DP32936
CW296958,CW186287
DN52146,BL216701
CW1037689,CW1149034
BH82134,BH82134
BP32754,BY270792
CW268057,CW380714
EH681114,EH681114
EH684533,EH684533
BN462009,EH716631
CW726288,CW770474
BL370997,BL370997
DB262891,DB117766
BR151184,BR151184
AC3675,AC3675
CW684196,CW529170
AG24511,EH146826
AL226912,EF69277
BN86540,BN396630
CW255615,CW378060
EH246448,BH91491
DN123965,CB93093
CW81598,CW641084
CW1040065,CW1040065
DX59136,DB230228
CW259507,CW67137
EF209109,DB254559
CW127111,CW176364
CG160762,CG153353
AL53400,AP31378
DE294719,DE294719
CK15145,BL49767
EH994235,EH863472
CW958612,CW681124
DE145638,DE233066
AF24276,CC125834
DT9413,CN30877
BF6630,CW693878
EH951737,EH818103
DE284708,DE284708
CW1240746,CW510062
BN417416,BN429385
AN98590,BW24246
EH95777,AK56788
CW517959,CW778922
BL507737,BL91336
CW493553,EF113619
BB13767,CW61328
AW151458,AW151458
EH949321,EH1296540
DD75722,DD75722
EH622027,AW209210
BN324068,BN367234
EH53870,BD25615
EH887753,CC78989
BC44448,BC44448
CJ139338,BY274763
BN320092,BN192079
AN98590,EH116155
DD44723,CW320944
ER41647,ER41647
EH773192,DL229054
DB238772,DB106928
AL157569,BL150614
CW1041261,CW1283047
AN69959,AN7741
CW509371,CW451620
EH1034952,EH665978
BY448066,BY161766
BY400943,BY335624
EH925347,EH130659
DK12144,EM4166
EH368614,DL151118
AE30202,BR174150
CG139134,BB103529
EH857050,EH857050
DL95346,EH340088
AL105489,AL50682
DL72074,BY233341
CW1011449,CW1011449
EH819918,EH819918
CW392851,CW126284
BZ33239,BZ22255
DD95751,AL126524
CW1184634,CW456089
EH469813,EH650779
AL221142,AZ13000
CW890098,CW453847
AW150233,AW150233
CW109980,CW103741
EF108829,EF108829
AS68203,CW347748
DD84959,AN35216
BD95677,BD159774
EH861513,EH861513
EH708068,BY482319
CW1091424,CW592731
CC124162,DB286799
BE248751,CW1028149
BY662416,EL30362
EH223518,EH542520
BL257637,AA109096
BW58781,BW58781
CW1154381,CW595661
CW933141,CW933141
DN88930,CY21786
CA64420,EH483482
EH636114,EH780233
DN86538,EH300476
AN60514,AN60514
CW1016563,CW1016563
BR48044,AM78765
EH314112,EH784706
DB281620,DB264232
EH447915,AK49788
BD136107,DD49160
AM54904,AM54904
BB42501,ER4175
EG41205,DT89719
DB207984,DR99089
CW518470,CW428855
CW276857,CW1372497
CW208185,CW108029
EH171359,CZ67724
CR18299,CR18299
EB66366,EB28695
BG22448,DB118889
CJ112071,BM52915
CW469575,CW996353
AN184633,BY523433
CC48124,CC48124
AW93697,AW126113
CW1235621,CW933793
BR231671,BM26719
EH1214485,EH229974
AA114045,AA146042
DS69044,DS69044
DE300323,DE300323
EH906761,EH1091338
BY526536,DE198193
BR155373,BR155373
BN511874,BN511874
DB244817,DB249440
DB256341,DB96103
CW633823,CW1330915
DT94877,CW525422
CB32958,EH231056
EH803071,EH803071
AN190654,DL269805
EH236583,AL198092
EH997946,EH997946
EH378451,EH531525
DN61592,DN44293
CW518658,CW315815
EF141831,EF100296
CC90061,DL107787
DL175090,AS77768
CW1184634,CW581974
CW556048,CW377063
CW925989,CW430951
CW383755,CW86063
DB206031,DB137388
EF34240,DH24301
BZ33239,EH388714
EH825591,EH825591
EB59571,BL142193
CG148827,CW1256268
CW596989,CW297159
AW4964,CG9312
BY608572,BY608572
CW55672,CW131106
EH938571,EH938571
AN107645,CN24581
DK7799,CY31890
BN481122,BN538321
DA87354,BR76677
CW543117,CR9628
CW319195,CW165699
BZ24029,EH516880
DA100007,EM73739
ED43507,EM104506
CW930961,CW930961
ES14361,CY16389
EP25493,AN72661
CW443365,CW612834
CW751027,CW1316498
CW529112,CW573409
BY688115,BY354249
AL203755,AL203755
CG155822,AL203755
BY434061,BY434061
EH592293,EH428116
EH872369,EH872369
AL271930,DE312848
EH802592,EF56403
EH850732,EH850732
AM22432,AX8764
BD74422,BD137897
EP86628,DB137404
CW228224,CW66730
CW840187,CW1103922
BZ35765,BR106680
AN157765,DN111057
DT150123,AA172119
CW679851,CW433609
DE271233,DZ50488
BE371737,BE148024
CW1076121,CW1326535
CW133108,EH953595
DL138616,EN30386
CW238791,CW268477
EH973663,EH973663
AN148531,CW1220137
CW694405,CW421589
CG99966,CB89263
CW941544,CW1199989
BY720192,BY517266
DR118438,DR97628
BR164868,BR164868
DE24604,DE7816
AL166428,AL240236
CM19488,AP40664
AJ29026,BN343273
ED13895,ED13895
BY463851,BC45671
CJ72976,BW22654
BR143883,BR143883
AL152757,AW118794
AL215435,AS85988
AF11639,EH247373
EF108829,CZ102958
BY704530,BY382110
AL198382,CN79722
DE212670,EH388032
AG61948,AG61948
DD110817,DD110817
DL230261,CA90055
BB84675,CC118192
EH542373,EH486300
CG120926,EP84986
CM72331,DX61178
EH795654,EH795654
EH213587,EH255666
CW747660,CW710335
CJ86363,DE117001
CW403661,CW201082
DL142534,CM32078
DL74926,DL79052
AM95615,CW800326
CW834573,CW834573
BE176318,BE176318
EH699877,EH511411
CW704957,CW370832
CW559540,BJ31743
CW806196,CW783277
EH996104,CW1179660
BS6765,DE178122
EH525872,EH875791
CG93340,EL55493
CW893134,BL138829
EH379393,AL52378
BF20576,BF20576
AB37048,BN307410
DL189769,AS73674
CW613612,CW589269
AL240720,CC153196
BB46564,AW103591
CW469220,CW889324
CW834112,BL355877
EH505192,EH419118
CW543117,CG108761
BH61955,AW103591
EH504043,CW906976
AL83989,AN172019
CW824141,CW1253447
CW54884,CW132972
CW745401,EF234360
CH36563,CH59695
AW89465,EH162789
BL188715,AS30554
DR113413,DR113413
BL461944,BL512722
BY692100,BY692100
BY81656,BY235165
AL216315,AL143340
BR162340,BR177217
BY528883,BY528883
CB75557,CB15982
CW985565,CW724104
BY265178,BY102013
CW221165,CW264546
BR145823,BT10389
AB28189,DN72617
BB9500,BB15159
CW993773,CW269593
BY609593,BY609593
BY315422,CC71527
DK29495,DK29495
CJ135756,BH76495
EH1233655,EH1000556
EH516495,DT81309
EF95849,EF95849
DB197894,DA59719
DL86417,DL188430
DD178652,DD101415
CW751027,CW1071427
AX76044,DE138608
CC95636,CC147438
AL189583,BB115995
AL332569,DS42633
BY497385,BY554082
BR188583,CW556259
DA65927,AP4611
BH172088,BR3520
BY662416,CC89087
CG50551,AW118104
EH420950,EH158229
DR29197,DH47807
EH1316233,EH1316233
DS95247,BD102801
CW231089,CW73387
EA31891,AA71863
AN206160,CW1357279
EH489266,CZ59850
CW185463,CW146667
CW743415,CW719400
BL510501,BL510501
CW1134570,CW203199
CW450375,CW89775
CW544044,CW544044
EH1228167,EH856220
EH1152484,ES14825
DX34626,BR66169
CW946441,CW1368162
EH589000,EH589000
CW731374,CW876823
BP71104,CN30877
ED32864,BR105483
BF15035,BM10553
BY416408,BY333019
EF90495,AG3647
DB137438,DB162635
AK34619,EH255666
DW58185,DW76796
EH539757,AL173589
CW932972,CW931171
BY99203,BY573044
BP26583,DE49425
EB38685,BL452978
CW753995,AN45023
BE371190,BE371190
CG163840,BW62905
CW142311,CW250880
EH1061885,CE27421
DB206373,DB114728
EH428347,BL339418
CM44339,BD46251
CK12455,CK12455
CZ33252,DE211619
BH77004,BH141144
BY400941,BY183400
CW1282509,CW385847
DT29550,BG59423
BY554848,CJ131524
EH1152948,EH839524
EH1003690,EH1055151
BR93164,DD53966
EJ13399,AA116976
DL193166,DL128379
BZ49168,BZ49168
BY163278,BY299343
CW1022632,DL240764
DN82992,DT114816
CW997238,CW806660
BR90682,BM58816
EH234963,AX29272
CW1222807,CW204487
DT22998,DT22998
CT48303,CP41287
CW227002,CW895396
CA117283,CA117283
BN191501,EC8246
AK73352,AK11930
DL193909,BE107303
CW938170,CW938170
CW507696,CH23054
EH569260,EH1086732
BE57103,CM42061
AG49572,DB250904
CW238791,CW530460
BL330188,BL330188
BY495669,EH710037
BE325762,DN128142
CG122569,BN389657
BN444848,BL416576
BE317410,BE386611
DE292767,DE292767
BY639650,BY697685
BN200145,EM56718
CW498283,DB17304
DB74339,BD48703
CW536972,CW570953
EH620897,EH423200
AL198382,BD103303
AS85760,AN87790
DB150145,DB275066
EH748682,EA28570
AZ12462,EP58999
DE312848,DE312848
CW962574,CW962574
BD100222,BD100222
AN77823,AN96190
BR221687,BR221687
AL145336,CN62636
DH2523,DB32606
EH993056,EH335524
AA125926,AA125926
BH151044,BH145480
CW1019191,CW1019191
AA84269,CN30399
BN467997,BG33369
CW518269,CW294583
CW1134570,CW1025693
AW157703,AW157703
BY577498,CC159189
CG121668,CG50682
BD106271,BD106271
DD113778,DD113778
EH860887,EH730562
CW862372,CW218122
CA73693,AN118084
EH784913,EH784913
CT45437,BY548893
DT49065,DT6127
EA36938,EA36938
EH1127796,EH921157
DE228744,DE154788
DE294044,BN267252
BN254174,BN183599
CW731374,CW1060259
AT27760,AM100360
AN92740,CW334171
DB216389,EM68800
BK39599,CW1006848
DD196720,DE231201
DT137346,EB48712
BN328379,DE146243
BR148314,BL421868
CW912093,CW912093
BP18718,DS39544
DL66710,AW112011
EH921407,EH1279835
CW464435,CW221979
BB99552,BB99552
AW101204,CE19517
AN225124,AN225124
BH82205,EG43986
AN171819,AN134670
DL180100,AL116203
CW1027906,CW1020904
EH471195,CW1001164
BS7867,BL277598
EH823960,EH393279
AA124519,BH117188
AL112691,BL154027
AL30119,EH345667
BL429510,CW1022632
CC80517,AL93231
EH760826,EH760826
BN432902,BN432902
BL360915,BL360915
EH257023,AN72661
BR137817,BE328804
DX42662,EB33752
BP16672,AW118104
BY226606,BR90692
CC90061,BN456609
CC114769,CC114769
BL341159,BM21426
EH640738,BL248220
BL185313,EH748990
AL341191,DA84128
EH506488,EH566103
EG41205,EH658336
EN56458,EN56458
EM99067,DL201911
EH729234,EH1307984
EM63376,EM63376
EH383452,EH465240
BL392894,BL362067
BR168832,BR177217
EN56458,DE231201
DA90461,DA90461
CW149341,CW78077
BY191707,CN39612
EF185482,EF185482
DB209311,DB209311
BR138250,BR138250
DD138461,DR124555
BE166506,BE269235
BL245426,BL342560
CW950221,CW950221
CT34034,EP64728
BZ33239,EF73129
BB39938,BN172058
EE6638,EE6638
DS86238,DS86238
CW896761,CW627942
CW769647,CW769647
BR167960,CP39568
BE403758,BE403758
EH208533,EH917571
BL254941,BL188884
EH887760,EH709542
CZ78228,CR23781
CM30234,BH116785
DA101642,BW25561
BY616387,EH1136422
AL171847,AL171847
BP50990,BP50990
BR30927,EH875750
CW749295,CW888746
CW979446,CW979446
AS44800,AS44800
EH348546,EP28473
AS23612,AS23612
EB50207,DY8413
BL395896,BK45458
CW404131,CW1253447
DB150145,EP77797
DL129280,DD124206
DB38045,BN325140
DB112488,BL312834
BE323619,BE323619
BY595905,BY595905
EH251764,AN101201
CW383376,CW106106
CL39785,EH469596
DW43683,DW43683
DS80032,DB179027
BY649254,AA111364
BW35837,BE219529
BY337649,BY337649
CW567287,CW759334
EH254449,BH184479
EF223212,EF223212
CW998866,CW629065
DT9413,AL145628
CA20803,BD74174
EH257023,DE155728
BN482562,BN482562
CW1002830,CG140728
CW353133,CW442219
CJ40010,CY22412
AW182036,CN30399
EL84548,CG100130
AP69088,AA164623
EH458661,EH458661
CW560870,CW560870
CN73488,CN73488
BY591305,BY612958
BG35482,BG35482
DA73371,DA73371
CW246073,CW340776
EF79632,EG15277
DE212670,AX30332
BL420826,BL420826
CW381528,CW502811
EF12286,EF48780
BY451755,BY451755
EH490290,EH392472
CW536728,CW481786
BN121952,BN333636
EH923760,EH907734
AW149720,AW122630
CW600148,CW1319974
CE14329,CE14329
DB207202,DB235779
CC46386,CC46386
CN41256,CN41256
EH748682,AX52225
EH923760,BZ52356
CW707658,CW707658
BY306654,BY138099
CE39001,CE35155
DB111753,DB34496
CW885447,CW1125291
DE191149,DE104590
EP61037,AL300350
DP9187,AH8500
EH665961,EH665961
AA171681,CJ207780
CW313162,CW483468
EF134195,CT51028
EA26816,AG7437
AW172458,AW172458
EH473196,EH143005
CW688785,EH810309
EH153258,AA124272
EH813441,EH813441
AW144176,AN196096
EH489266,DD38148
CW799387,CW799387
CW834112,CW651363
DS118794,DA126853
CW600060,CW1025570
BN409829,BN195834
AH16932,BR59163
CW715729,BN389657
DB185876,DB207286
EH1179356,EH999879
EH77342,EH77342
CW293435,AL129674
BY577498,BY472436
EH101298,EH92112
BP58274,CL39433
CW673114,CW999943
EH874034,DN142696
EH137341,AZ5927
CW1157217,CW742845
CJ209891,AS50213
CA129716,CA129716
CW1210648,CW533290
CG160762,CC49072
BG51275,BG51275
AW186514,AW186514
CW1136775,EF92022
EG45115,BH141019
CW746652,EH192499
DD150280,DD152214
DD40300,CH23054
CW392925,CW439741
CW170688,DM35165
EH1155207,EH1155207
CW796104,CW407077
BL433988,BE409766
DN129793,CE42218
BE18581,AL208861
CN49948,AN87790
AW126113,AW126113
CA80070,BY79490
BH88566,BN261317
CW782902,CW865035
DL170727,AK66169
EP70446,EP84086
CW276846,EH345667
DE230305,DB85003
DN83305,BZ50866
BL336488,DZ64817
DL283920,DK40823
EP47116,EH245924
BR215166,BR215166
BN420416,BN420416
AN199002,EH585306
DS59434,EH285265
CW147964,AS53155
EH409586,CA50534
BY246838,BY355892
EH1143305,EH1135459
CW518470,CW377583
DB273298,CJ175751
DL197520,DL142940
EB67151,DN121191
EH300692,EH264858
AH3648,AH3648
AL255072,AL255072
DL254223,DL247881
BJ18244,BJ15160
BW30643,CG25780
AA101523,EH442330
BY598283,BY537602
CS26830,CS26830
CW989215,CW848320
BH62707,BH62707
EF34240,EH162789
CW885113,CW885113
EH563954,EH563954
AL132675,EH488092
BJ41388,BE258199
CW880904,CW880904
DT49640,DT49640
EH761437,EH470249
BN481253,BN481253
DD36341,AF25671
AL266603,AL266603
EH646051,EH1317538
AM62502,AM62502
CZ68712,CZ68712
CB71845,CB71845
BN381310,BN381310
CW534621,CW563472
EH889984,EH889984
EC14184,BK33127
EH755453,EH321970
CW961273,BR122676
CW1263415,CW988750
BE270562,BE93154
DE257130,DE257130
DL92206,BW31840
EH805437,EH805437
CW596030,CW596030
CG125515,CG125515
EA26350,BN171462
DE302827,BL370905
BE21268,BE429243
DZ52226,DZ52226
CW783277,CW1337673
BC53967,BH70267
BY409669,BY320757
EP65483,AL177262
BW48102,CJ41860
BE282749,BE71723
CW938222,CW1005818
EH814689,EH923798
CW679801,CW1208307
DE268661,DE268661
CP26782,CW581836
CA81676,AH3695
CT48303,EH1126678
BN379671,BN379671
EH786216,EH1136422
AG49802,BE234591
EH91137,DB243685
CW609193,CW543016
BP38694,CB59032
EH1092541,EH1006250
AL83989,DA127612
CW985268,CW985268
BN396929,BN396929
CW128387,CW128387
EH553987,EH807770
CW108162,CW308523
ER30646,DH60341
BR115021,AA92303
EH1064128,EH741121
EH469813,CW1221407
BY554789,BY554789
CZ87333,CZ87333
CW100135,CW339044
EH418323,EH639090
ES14141,BL355877
BL470519,CW1350545
AM79756,DB217222
DB254011,DB254011
AL51742,CN81191
DR56090,EH237430
EH1055927,EH1055927
BD105993,BD101085
BL329038,BL329038
CW554828,CW400986
EH939343,EH295967
CX16424,CX16424
EH833134,EH833134
CL38603,DE288570
EH500565,EH508595
BR192583,CJ128494
CW699223,CW502025
DB247136,DB212065
BL397616,CW475393
AN53407,AN53407
DN105420,EC13183
DS80151,DS80151
CW207242,CW76231
DB97083,BN171018
BT10191,BT10191
CW976640,CW630560
AW164969,AW164969
CW1203066,CW1203066
BE156795,DE94897
BE301611,EH206074
DH41148,CZ62468
CW1233743,BN308262
CG174506,CN90617
EL2049,CT34213
BB47970,BB39972
EH795096,EH971445
CW967344,CW1055965
CW52327,CW223995
CG96986,AK57613
AA84269,CH25942
AM83946,EM34946
AX5627,BL38772
EN45331,CW1031628
BY318757,BY390437
CW1141514,CW1349425
EH825895,AN164072
EH961360,DE218898
CK12744,CW1099568
CC141548,DL250182
BY667707,BY667707
BR187432,CJ137114
AE16597,CW859216
DN58151,DN58151
CR23450,CH36948
DM25349,DM25349
CJ80670,BN307410
BE182375,BB103529
BE394130,BE394130
CJ139338,CE19237
AW92376,EH780233
BY622322,BY622322
BY465047,AL121338
BP70716,BP70716
AL107302,CG41773
DB73297,DB114101
AL51742,DH24301
AL189583,DX63302
AL204345,BN364847
EH716213,EH835427
BL71292,BL488861
CW70003,CW531527
CW313545,CW309368
CJ142021,EP30087
BH178830,BH178830
CW1108447,CW1108447
EF184137,EF184137
DW49323,DW49323
BN527326,BN302289
CG147258,CG147258
DB53986,AW142118
CW498283,CW407897
CW691323,CW579552
DD126817,EH419376
BN71138,BN48871
BY263969,BM54769
CW218379,CW935564
EH154996,BR95968
AA136586,AA136586
EH556475,EH652263
CE17971,CE17971
AP44535,AP44535
DS82648,CH35805
DD125933,CC71527
AY15965,DE137050
AW208204,AW209210
EF51056,EF60450
CW1116818,CW842057
CW1087480,CW746583
CG119548,CG119548
CC124636,CC124636
CW807585,CW304482
CW1103258,CW802880
AN204131,AN204131
BY670720,BY253463
CG141145,EN40780
CC28677,EH1161355
DB235761,BH117188
DL249330,BY682485
CW221700,CW378693
BW32217,EH563874
BP39837,BP15556
DD143931,DD204657
CB81733,BN358757
BL485257,BL485257
EH1000262,BY355735
AW182036,BY272701
EH818024,EH818024
AL314408,AK98535
DE102411,EH98130
EH1000262,CW610167
DB242176,BP55888
CW203419,CW475516
CJ68281,AN105670
AL57499,BE135499
EH603758,DL143055
CW517873,CW670998
BY372155,CD19109
AM73482,AM70145
EF239290,EF239290
CW1168497,CW827017
EH594430,BL149197
CG160762,CG128534
EH246448,CW203785
DW66892,EN66652
BL429510,BP60081
CP26782,CP19069
AM60571,EL38874
AW166575,CW471563
CL14865,CL14865
DE264910,BL433475
EN37930,BL214778
BN387823,AN90532
BH153462,BH153462
CW185489,CW398559
EH993586,BZ52356
BL234924,EH1241097
CW832559,CW832559
BL246689,AH14831
BN339801,BN334888
EG52745,EG52745
EH405519,EH219539
EH369639,EH194362
DB220578,DB212462
DL176050,DL232851
BL145206,DA30311
EH346583,EH389927
CW228695,CW470844
CT29503,AG56103
EP77968,EP77968
BE332300,EP30087
DE207257,BP40920
CW159879,BH47696
EG44967,BK6573
EF6686,EF12919
CT52342,BP63995
CW1134596,EF234360
EH202123,EH389255
EH951737,EH576280
EG41205,DA50805
ES14825,AL238154
BC39141,CW559651
CW1199795,CW1219989
EH359007,EH343641
BZ22255,EH233961
EH810121,EH729179
CW511321,BL214778
CG96691,CG96691
EH694655,EH1109327
DB66189,BL213777
CW246073,CW378693
DL41083,EH205171
CJ150388,CJ150388
DZ31309,EN71580
BN292451,BN292451
CG22291,CC31247
BH54931,AY11609
BP24787,DN26728
BN256869,BN256869
CW643333,CW375418
CW1020874,CW862357
BH137493,BJ34671
CT59613,CZ47378
CW1145433,CW453468
DD104654,EC13183
DR43884,DR43884
DB69067,DB212843
CW747660,CW399847
CB80153,AW166329
CW808445,CW808445
EH379393,BL166957
CW387665,BJ47875
CZ51534,BY376918
EP61037,DR73237
AP67200,CG106828
BY409669,EP77441
DA99314,DA99314
DL244485,BL226203
BK32198,EH228836
BE320842,DL176078
CT51394,EH310964
CW827452,CW253271
AN178625,AN178625
CW1124857,AS77679
EM122721,EH1301885
DH21740,EF60450
DX32248,DL78269
CW238791,CW320944
EF189244,EF189244
BY634871,BY634871
BL198076,BL171172
EH975117,CW1127590
CW809631,CW1235653
AN179649,AN179649
EH513654,EH792781
DR121327,DR121327
BP39837,DE157987
AP31140,DL61561
EH1012337,EH265442
AN136043,BY79490
BJ37585,DB135094
BN9703,BN48623
CW433604,CW320762
CW424565,CC25702
CW615741,CW615741
EH1028545,CB79537
CW613306,BM52949
EH421842,EH421842
BR84411,CZ105639
BL482637,BL488861
BL189965,BL378969
CW85618,CW647529
BN343632,DB139313
CW537400,BN144841
BY584720,BY598350
DL170727,AR10820
AN115062,BE246272
DN49116,BY455948
DL240762,DL180540
CJ111091,AP49499
EH443908,EP82056
BR136058,BR106680
DL185261,EH592817
EH544854,EH233961
EH341947,EH919673
BY529017,BW54596
CW438571,CW438571
BN272661,AF13274
EH1032588,CA137068
EF182732,DT81309
DB288558,EP77797
EH598564,EH598564
EH484581,EH281862
BG36988,EH164982
EH978946,EH1311956
BL405809,BL405809
EH467632,EH414956
BS7867,DE144527
CG124558,CG153353
CW1143489,BD153497
BL200480,BL162738
EB52417,EH233961
BY14224,BY14224
DB241469,EH913416
EF111594,EH592817
AL91993,AL45056
BE258122,BE72627
BC39621,BL154027
EB26687,EB34374
EB58143,EH1101356
BY285945,BY47031
EH827823,BR105483
AL51742,EF56403
CN76262,BP40920
DD129843,AW136867
CW1274859,CW1135846
CW495460,BP17059
AK112333,AN2389
DE266511,EL12103
EH498877,EH237488
BN411274,EA48386
EH615176,EH753129
EH294584,EH1058970
CW939611,CW939611
BY524283,BY307283
CW445215,CW536314
EH752482,EH488092
ES14141,BN216283
CE40598,EH971001
DD68285,AL54623
EH594430,AS27554
AL90315,AL166446
DL40094,AA210000
AD27813,EH861611
EH806977,CG122388
AN4833,AN4833
DL201689,DL201689
CW770223,CW680697
DT94877,DT85352
CS29758,CS29758
BN476704,EH936288
CW946632,CW419752
EJ13474,CW309286
CW799387,CW703973
AK110320,DR111284
BR179410,BR179410
CW637095,CW491199
EL61663,EL66882
EH392334,EH1205146
CA15787,DE48320
EH341947,EH482645
EH794951,EH794951
CW466981,CW162116
BH163973,BH163973
EH667782,BK28509
EH979375,EH585306
EM103737,EM103737
BL284608,AX57450
EN29937,CN30877
EH736386,EH736386
DP54605,DP11861
CW799048,CW953740
BL325852,AS86105
DB192272,DB192272
EN66200,EN66200
BB48501,BR76677
DL138616,EF23181
BD45698,AM47083
AL74175,EH241324
CW554828,CW289594
EF100089,EF153583
BP67967,AA87382
DL183265,DL185796
CW1073079,CW792079
BY100266,DS23113
BY315186,BW45752
BN213800,BN271251
BC25053,BC25053
BR181494,BR184986
CN102071,CG9614
BM11889,BM11889
EH708998,EH496984
DS14670,BH68521
DT157535,EH913416
BM30338,BM17874
EH715626,EH685238
BD72021,DL197516
DX48602,DX48602
BN329571,CA66650
BY544726,BY549528
CW208185,CW711685
AL74469,AL115165
BE216627,BR156584
EH542373,EH414984
AK61851,CW1005841
BE351278,BE351278
DX55509,EF163056
EH279767,EH279767
EH215180,BY205311
BL322869,CJ188455
DD194248,CG148754
DL129280,EA54857
BY355944,BY219975
AS64069,EH237109
BD122699,DZ54124
EH853505,EH558874
DE229543,DD112878
BN442282,BL290675
CB35206,EH575333
CW1268371,CW1023001
AS9986,DZ9890
ER30646,CL43684
AM102002,BJ37987
BE284336,EH470249
CW773295,CW773295
CH48748,BJ40210
BL464228,BL471471
EH421842,AA111364
BW55916,EM48184
BY102514,BY102516
CJ183082,CJ183082
CE36091,DT108942
CW840552,CW827017
CW173003,CW167446
BH46612,BH131437
CC132316,CC150014
CC125687,CC125687
DM26906,AG36431
CW719097,CW629155
EH358076,EH684181
AP38741,AP38741
AA78386,BH106753
BL428775,BL38786
BN395252,EH752837
CG146937,BK39505
CW60152,CW163083
CJ159836,CJ159836
DB248705,DB248705
EH89494,EH659776
AL136744,EH575416
AW101204,AW101204
EH130687,EH117972
EH925347,AZ11400
BL261971,CW1031628
EH743444,EH1109734
BH65670,BH65670
BD124063,CW934345
CC90465,BD154874
EH346583,BL193636
CW1157931,CW764053
BD63849,DF11012
DB32834,DB79388
EH265592,DZ32098
DX50846,DX50846
CW142169,CW142169
EH1016137,DX56155
BK24030,BK24030
AN174801,EH764246
CW229964,CW559651
CJ155201,CJ155201
DN143628,EH840811
BE434485,CA54008
EJ5288,EC4388
CW827452,CW602026
EH1131189,EH1131189
CW1170601,DN94150
ED55171,ED36622
CW1001573,CW1001573
CW736200,BP52837
EF141831,CG2857
CZ106628,AW209210
EH767180,EH816447
CW760241,CW672900
AP68309,BE206995
EJ13399,CH23054
CT29503,AS27554
CG159993,CG159993
EH195894,BN358757
DR84175,DR84175
EH481465,BD48703
EH762654,EH762654
DL144993,EL48801
CT50192,BM5630
BH132532,BH130969
DL205277,DL205277
CW1221645,CW250857
BR79693,DB147421
CW802633,CW292559
CA83553,BR61104
EH550872,EH301005
DT76541,DT76541
DA103735,DA103735
DM8159,AM47727
CW679232,CW679232
BL151444,EH349087
CC150320,EG35557
CW837504,CW837504
CG101583,CG2857
DR111495,DR111495
AZ18344,AZ18344
EH489266,CJ65393
AW160451,AW160451
DE277215,DE314089
BL252581,BN260160
CZ104892,CA50534
BY331367,BY331367
CW428172,CW812684
EH1214485,EH921407
EH132937,EF55811
CW151254,CW79323
CW609077,CW609077
EH328151,EH279335
CG65156,BA9867
CW507696,CW615170
AW157620,DN114579
AD30138,AD30138
EH1072595,EH1072595
DR106631,DR106631
BK43621,BK43902
BN265130,BN265130
CT40411,EH642410
CW418508,CW688772
BB80232,CJ136848
AM112948,AM57023
CW510808,CW617562
BY593190,AN118084
AS76945,DE281909
EH995991,EH272022
CM53602,EH206074
AL204345,BE160362
ED45125,ED45125
DN81835,CJ46414
BN329956,BN314202
CW829522,CW435746
EG13325,CJ175751
CN74246,AK120463
DN121428,DN121428
BN180836,BY325071
BL250335,EH488092
BL254701,CJ183458
EH943743,EH944415
EH830840,BL260160
AL75947,AL75947
EH464331,AM61321
EH409586,CJ65393
CW134351,CW643815
DE330069,CA111495
BB25068,AK10790
DW57565,DD182606
CW230429,CW780453
DL232515,DL232515
CW924631,CW348484
BL494708,CA119972
EH947838,EH431108
AP41153,AP40042
BW52326,DL18376
BY328609,AL196355
CW1317807,CW1370224
AK133636,AK133636
EH1049204,CW1020730
DB161983,DB103826
EH995866,EH995866
BY276269,AM47122
EH707724,EH1054034
CW783560,CW933793
DD74863,CJ183458
CW1101841,CW724104
BN361632,BL234245
BY14091,BY244230
BL444517,BL444517
EH825623,EH825623
DR114299,DR114299
AL52615,AL52615
CW462125,CW315815
AN180459,CA111832
DB142744,DB142744
EH212756,EH212756
DR81969,AW126113
EJ16045,DB53903
EG20618,EG20618
EH1038740,EH388244
CN81322,BR123151
ER35225,CM12059
EH189952,CW244533
CW1026896,CW1026896
DL189769,CW950202
DW63589,DW63589
CW1365817,CW530460
AL271930,EH584495
BL199524,CW568071
BY24977,BY12315
CA94632,CA94632
CW324780,CW321260
CW386879,CW109950
AN117936,AL189080
DE279892,BR227383
EH951597,EH951597
CW353133,CW434160
AN166298,BY641746
BY549488,BY253114
BY276365,EM47815
AW196479,AW196479
BY476733,BY515096
CW675293,DD87571
EH177316,AP8782
DH39120,DH20236
EP44872,DR47644
EM74701,EM74701
BY612146,BY612146
EH1183291,AN130752
CW1008596,CW1008596
CW925744,CW925744
CE36490,CE36490
EH694655,DT66245
DE218589,DE230503
DE264106,DE264106
EH816383,EH816383
CW859216,CW527932
CZ104892,BN272461
CW396223,CW916627
CC89402,CC17589
BE217747,BE217747
DW61505,DW61505
EH1217505,EH1217505
BY577498,BL411462
BL18908,EH892669
EH208955,EH208955
CW163741,CW533927
AP63602,AP63602
DS59434,DS98612
CW122930,CW1301784
AM88933,AA107809
CW735865,CW748539
DB102771,DB137335
CW384482,CW1357323
CB26912,CZ48659
DB287020,DB287020
BY291534,BW37697
CG161627,CG161627
AB14050,BN289775
AL137945,AL137945
DT105904,EH301024
EH480524,EH506087
EH979375,AG56103
EH544854,EH348783
EH208050,EH272574
AA134724,AA134724
DE191149,DE98394
CW1142356,CW1023001
BN444368,BN444368
CW807693,CW807693
AL276571,AL169692
AS81864,AS81864
EH221161,EH388032
DH57508,EH733026
DN82166,DN94413
DW54289,DD220717
AN202000,EF144190
BY346451,DN55551
ED45394,EH1181132
AW92376,DT133783
EH1132411,EH1132411
AJ14619,AJ11216
BB25068,AN171082
DL256113,EH1091984
CG85190,DL79052
CW687294,CW351104
DL162695,AK120463
EH382906,EH382906
CZ33252,AW147353
BD83550,BD83550
BE311957,BE452701
BN272661,EN77314
AP67200,AA107986
CW296756,CW297159
BY532621,BY530728
BB99342,BE372020
BG58456,BG58456
CW636159,BL306051
BY215267,BY136364
CS27881,DX49699
DB231978,DB231978
CC101253,CC101253
BR97251,CA90184
EH966034,EH886264
EH544854,EH840811
CJ107407,AH14896
DA62568,BL100339
AA63367,EF65765
DR85644,BL199684
EM105022,EA48386
BY613975,BY532959
BL103333,AF28718
EH702250,EH1235532
CW878219,AA73745
BL390173,BL518179
CW731420,CW1076847
EB38685,CJ211733
CW342314,CW342314
EA39423,AN85247
DZ63264,BD140150
BY473468,BY434604
EH258606,AA75035
BH102733,BD112806
BY511276,BY294862
BG31979,BG31979
AL319823,AG35227
EH385480,EG34879
CW219926,CW165496
BY523112,BY437145
AL72115,DR138572
ED27671,AM9175
BL36742,BL36742
AS11563,BL295193
DK36909,DK36909
BR220213,AW158497
BN254174,DE41685
CW665169,CW679828
BL434870,BL434870
EH871497,EH925679
EH590136,DB215622
CM76949,CM76949
EH354244,EH354244
CW403359,EG58140
CW910346,CW630560
BY562082,BY562082
BN518753,BN518753
DH49187,DH49187
BE314648,BE314648
CW1043616,CW228359
CW500265,CW669150
AW79887,DB331118
CW1023736,CW704589
CW331778,CW260151
CC12673,DN75806
EH444618,EH385417
EH208533,DR61675
DM32159,EH684181
DR65984,DR65984
EH921057,EH921057
DL216370,DL216370
BN312141,BN429385
BP18718,BD77965
CL38445,BP40920
EH825036,EH825036
BE468046,DR126036
CW998283,CW530024
CW51766,CW425831
BJ37967,CJ79549
DN95592,EH560280
CW893281,CW882196
CW1143489,AA172119
EH346583,BH133779
CW693571,CW727078
BY469087,BY469087
AS58876,BY608572
DE261295,DL111337
EH514875,DP34486
CZ92634,CZ33551
BL386019,EP44258
BP26957,EH258369
BR82335,CN30399
CW639067,CW823251
AW168632,EH254356
CW102158,CW108029
BL500788,BL500788
EH135153,CA90579
AW118552,AW118552
EH579903,BR102258
AA84269,BN456609
BE262505,BE262505
BJ3655,AL16466
BY166043,EH210328
BN454680,BN454680
CW1066188,BN308788
BY484858,CW742384
BY756313,BY705387
DR97753,BD112806
BL127802,EH343641
BR188351,DB183834
EH703951,EH313015
EH835457,EH835457
CW1050058,CW329320
EN46398,BL284122
BR136336,DD68066
CW790392,EL53546
DP36178,DB56902
EH245870,EH245870
BY258944,EF233878
EH596565,EH629260
CW501972,CW453847
EH980672,EH640526
EH164490,EH164490
DM7487,CN88803
EH1204526,AA151333
CW938930,CW530460
DL233839,DA104754
BN336188,BR124597
CW963026,CW629155
CZ45818,EF118430
CW862372,AW158497
DW59906,DW59906
CG102096,AP68630
BY521725,BY521725
EC18455,EC18455
DN130945,DN130945
ES23558,EM106725
DW3898,EN8349
DE217727,BP40920
EH850527,EH310964
CW893925,CW430686
EH111481,CC42379
CD26488,CD24027
DH50205,DH50205
CW343260,CW546218
CG24903,CZ42040
BL229364,AS27554
BN349162,BN266177
BL507849,AM9891
BC46248,BC46248
BZ36572,BZ18151
CW1282509,CW1126437
EA13482,EA28598
CW218712,CW148566
CL42887,BY515096
CW782194,BN311056
DR134273,BN519999
EH811887,EH811887
AS61813,BL112937
BE377530,BE377530
CE57840,EH204661
DR115059,AW97286
EH791155,EH791155
DD80692,DW63371
AN111006,AN100687
EP86540,EP86540
CW878905,CW725789
BR220213,EH116155
EH839461,CW1318572
EH419063,BL154027
EH824865,EH824865
AB28189,DA10217
EF112313,EF161519
BR183465,DL226776
EF107587,BN153631
DB111753,DX46401
AL194670,AL109533
BY671299,BY671299
BN344642,DD84742
AM89332,BZ49864
DL228277,BE125114
AA137121,AA180343
EP64728,CN44013
AJ24456,AJ24456
BN159361,BN148819
CG157446,DE115161
DS17185,DS94105
BL401538,BL401538
DB160785,EH518484
DE142735,DE136721
CW1190636,CW1195824
AR12410,CN92038
AA188491,AY44680
BH128509,CG161588
EH200524,BD12034
BE385402,BE385402
EH865084,EH865084
BE33360,CC82395
AN164072,BR106680
EB50207,AW125265
BL427080,BL427080
AX70448,AX70448
EH392334,EH455198
AL110337,AL312554
AL315166,AL315166
BH87761,BH87761
BE433218,BE433218
EH1069624,BY743104
BY344273,BY465071
CJ132944,CJ123995
CW365819,CW365819
BN157875,BN375209
EB67151,EB83042
AG24511,CS16921
CW732901,CW281862
CW386879,AW51196
AM85552,BY523433
DS74359,DS74359
EH601459,EH99703
EF123975,DW53839
AL241742,AN173497
EH414163,EH570209
AL252974,AL38983
EH758464,EH114475
EH137341,EH508209
BN86531,BN84961
BN423369,BN365488
CN57387,CN57387
DP34486,DP34486
BY551247,BY551247
DB138101,DB60300
EH496109,DR140963
CA17265,AL4823
EH943815,EH581042
DD52645,DD52645
EH681690,EH813186
EF10363,EF10363
EH628614,EH435322
BE381737,BB48159
CW946441,BE273057
CC104394,CC104394
CW594016,CW289594
DL154880,BL326485
EH302433,BL213708
AA60261,EH480220
BE50744,CW610167
AS93927,AS30095
CW312916,CW546858
BY215267,BY198367
AW137505,AN196096
EH704621,EH192499
BR82335,CW526394
CW357548,EF80594
EH494621,BN191414
ED20764,EF95101
EH238104,EH321357
DB150930,DB150930
DE129951,AL132890
CW1082839,CW1037955
DS71919,DS71919
AX19612,AX19612
CW600060,CW430951
BN313637,BE234591
CW389401,CW250880
EH189952,BL154027
CW952020,CW298951
CW927519,CW927519
DD110856,DD110856
CF7752,CF7752
DK3995,DK9949
BN36399,BN11043
DN106428,DA86394
EH285265,CC155514
CW317430,AM72398
CW407850,CW1330915
BL252581,BL234520
AN19878,AN120958
EH666859,EH666859
BW25266,DD53966
EM105022,CC78713
CG80652,EF98591
CW164500,CW224715
BN229359,DN41692
BN310139,BN263774
CW646625,CW1191098
BF15035,BF15035
EH622155,EH83178
BL317028,BL317028
EN29937,DP43062
CW598966,CW779642
EF200326,EF187464
CE41259,CE41259
EH168875,AA65227
AL32880,AL57601
DN147142,BF21094
DD121996,DD121996
CW834652,CW834652
AW128972,EH427605
CW898215,CW1205295
DL241781,DL242561
AN170506,AN170506
AA164802,AA147417
CW1216970,CW1233494
EH752439,EH949350
DR97743,DR97743
EG44152,EG44152
EH316447,BY247671
BL193773,BL263370
CA75755,BN368617
CW748957,CW745207
CM72331,AW220058
EH535420,AS87974
AW157620,DE231201
DS93988,DS93988
CW222001,CW277849
EL16622,EL89879
BD99432,AL64275
CH36563,BD154874
EH984932,EH984932
DN107083,BL315353
DP26597,BD77965
AM66752,AW163949
CW607572,BY356939
BL201797,EH227310
AW89465,EH423288
DT137955,DT137955
DH57404,DL67396
DL217677,DL217677
DL217510,DL217510
BD18622,AL201656
BN520846,BN520846
BD132015,BR105483
CW60614,DE212058
CW657519,CW745207
CW548381,CW760610
EN37930,AW104861
EF47816,DZ47770
BH39884,BH39884
BR186298,DZ46124
BC61691,BE169404
CW517735,CW491199
BN196368,DE61796
CW731374,CW1006848
AL249752,AL113922
BL397344,BL397344
CG186737,CG186737
DN129793,AA172119
EF197271,CM40018
EM106742,EM106742
EF32920,EF32920
BZ35765,EH1079819
CW781404,BN389657
CW1181083,CW945656
CJ162055,CJ162055
AL285381,AA155581
BE403246,BE170604
EH97504,EH662837
CW991006,CW144884
DE304192,DE250983
AL93231,AL93231
BE162413,BE155449
CW229964,CW398559
BN388123,BN388123
CM64526,BL186314
BN200145,CE13921
AL228149,BL393821
CG52417,CC11441
DB63298,EA28598
DT14405,CW895396
BY399322,DD216047
EH979375,BT10245
AX40319,BR3520
EH604602,EH604602
EK16413,BH163625
EH359007,BN216283
EM99705,EM99705
CW924631,BE181140
BR85355,CJ58470
CW1037200,CW1019191
BL333884,BL333884
EH222798,CY21303
BL280511,AC15849
EH810760,EH810760
EL84696,DZ40969
CW101537,CW101537
BZ29757,EL40801
BB42501,EH146826
BL448521,BE219529
DB71691,DB71691
AN77823,AL99280
BB98691,BB98691
EF152002,CR11514
EH866253,BZ41530
EH1217176,EH564196
DD107860,DD121818
DB159765,DB133425
AN127716,DC13148
CA83553,CE55136
BE174993,EF179306
AM37972,AF13274
AN106586,EH366412
CW161422,CW106106
CW662932,CW203199
CW1052685,CW1329664
DB234804,DB223536
EH1118292,EH445952
CG160762,AK120463
DD147531,DD179275
AS7338,CW998779
CW165496,CW203199
BY465844,BY465844
DD150280,BY370856
EH686190,DT77153
CW695560,BN253508
EH742563,EH742563
DM8159,BN191414
EH812392,AN150043
DZ43159,DF19289
AA129795,BD57187
AK74646,AK74646
CW940379,CW940379
CW1059299,DB273074
CW718279,CW959820
EH857910,AW210165
AL295502,AL243163
CG165458,CG165458
BE146371,BE146371
DN149068,DR101427
BE411899,BE411899
CW549347,CW550610
BY715818,CN68353
DE158326,EM49559
CW1018706,CW1018706
DW56619,CJ137567
BE277904,BE277904
CC70081,AW208956
EH480524,EH66563
BP34837,DT29864
BN471128,BN439527
CW1157217,CW1324975
CW824141,CW515155
BE351607,BE351607
DW64697,DW64697
CW623774,CW579640
BN184776,BN238297
EH806934,EH92168
BD153997,BD153997
AJ14754,CJ82252
AJ21218,EB11296
BY269398,EH1060898
BL19455,BL188528
CW953927,CW956874
EL79453,EL79453
CW783241,BE379714
CW1173816,CW516011
DA50100,BR75434
BN107337,BN107337
DA33365,EH261419
CW403649,CW289445
EL68867,EL68867
CW725861,CW339850
CN61506,BY87145
AN118249,EH750175
CG117393,CG117393
BN367769,EH813186
BY498202,BY452442
EG49625,EG49625
EH654987,EH416020
AM62502,BH69959
EH667940,EH1054034
BR79693,AE14436
CW345404,CW592731
DE265324,DE158730
CW558104,CW740059
BD113088,BL287786
BL381779,BF21094
BY575508,AA199006
ER30646,BK45987
EH814767,EH814767
DB139267,DB90458
DL219034,DL201911
BL364554,BL364554
DD164420,AA141177
CW887956,CW260407
BL392235,BL392235
CJ129732,CJ129732
CW984760,CW423153
CW92943,CW121117
DB293640,DB293640
CW868291,CW868291
BN56089,BN28502
CB59319,BE273057
CW691940,CW670998
EH507293,EL48301
AW92376,EF100296
BN491762,EH469596
BY72277,BY99414
EH950106,CP41751
CA82182,CA23167
CW697209,CW526330
CW495460,CW436963
AP68309,DB241315
CM11373,DB32606
BY513388,BY496323
AA114045,AA140994
CN52135,CR16503
BN313637,BL193636
CW834951,CW834951
AL46557,CW555524
BL386106,CW657519
CW808983,DR104635
AA204937,AA204937
BY554848,BY79490
CW1019663,CW1140321
CW1033151,CW669150
DB293640,DB219811
AW89465,DT28999
BY255798,BY255798
CW1003810,CW1003810
AA60664,BJ2552
EH739998,EA33325
EH583523,EH472871
AN147409,DE223264
BE154049,BA17211
EH874409,EH874409
BW3016,BW3016
AN174801,AN51713
DT128822,DT128822
EH828621,EH331681
EF176929,DT133783
CW751034,CW458996
CZ33713,BW28624
BN346973,DS90737
BP16672,AN22558
AN47430,AN69982
AK141045,EH769815
DA68310,BN367234
BZ45347,EH694290
EH310883,EH61140
BN411274,CC78713
AK97282,CW679232
AW79887,DD38157
BD129706,BD129706
CG34019,DR96965
AW94589,BA17543
BY528269,BH131437
CW554828,CW453823
EH742391,EH511472
CJ21942,CG41773
EF85782,BC36216
BL204151,BL197577
CS27322,CJ63362
BN229359,CG106430
EL53033,BF21094
EH704163,BL260427
AL286479,AL247609
CW650570,CW231746
BL317040,BL303543
BL490146,BL490146
DE150101,BL381476
CW396223,CW377063
AL240720,CB93093
EH752967,EH229974
BH127852,BH177176
EH752439,CW1049919
BN411274,BN243786
DE265650,DE278119
ER37711,ER37711
BN91162,BN550322
DE228423,EH393580
BC39621,BL234245
BY672088,CW893573
DB243820,DE229087
DL244193,EH1079819
EH484581,CW1319588
BE242957,BE360563
CW961611,CW961611
CJ20833,EF45481
DT157535,DT160210
CC37058,DE191409
CN38254,BP72138
EK14551,EH921109
CW482765,CW1147092
DD104654,DD104654
DE320631,DE331053
DW56619,AW103591
AA62772,CP11074
DZ44073,DD3685
BK42245,CZ70785
CW452343,CW452343
AL257859,AL247609
BN324068,AP58795
DL80110,DH32859
EH314112,BE123444
DN52146,EH802835
AP77613,AP77613
CW303958,AW155743
CW951208,CW951208
EM83340,BL260160
CW81990,CW339044
CC52647,CC52647
EL81733,EL81733
CW1154717,CW745207
AM88933,DT95445
EH124882,EH584807
BY370856,DS78931
EH813965,BY342270
CW993773,CW297944
CW561362,CW527932
CW1294808,CW1370224
BF29434,BF29434
BL250361,BL80649
BR165814,BR165814
EH921109,EH921109
EP39533,AW102395
EH770065,DT99043
BL322869,BL271131
AN166192,AW181004
BH126084,AP72652
BR188351,BL193636
DA19284,CW388946
CB48332,AW208956
EH1159382,AX71690
CW774478,CW503045
BH118252,BL519779
EH1249363,AM76905
AH24177,AH24177
BN339912,DE182390
CW845909,CW671910
DZ68898,DZ68898
AW111561,AA94944
DD143385,DD143385
CW85781,BR100177
BK49292,BK49292
CW179241,CW364321
CW1230598,CW1302546
BR30548,DZ19258
DA111915,DA111915
CW118357,CW297944
DP51627,DP51627
EP84671,BL409388
DB190100,CZ70785
EH639650,EH688954
CW730929,BY631138
BN365134,EL58969
CW268057,CW231746
DD28349,DD74928
BL408367,BL408367
EP7573,EP7573
EN45331,DH36649
CW543117,CG31775
BN343632,DE201045
AL314283,DH46686
CJ118606,BL234245
CW1240746,AL197991
AN228734,AN228734
DX27159,DX6467
EH868352,EH868352
CW162116,CW469837
EH314443,EH314443
CW944546,CW880519
AL51742,DT28999
BL420826,CW223096
EP39533,EH309644
CW878219,CW340776
AA171681,DS34119
CW346762,CW346762
DB239681,DB239681
EH560287,EH684181
EH1116069,BL352414
BY258541,BY249304
DM2201,DH28003
CW533126,CW1073403
AN192739,AB38383
CM57973,BX19389
CW966048,CW894208
CW226501,CW811937
DT106667,DT106667
CJ96549,CJ142255
EH597113,EH224741
BG26544,AZ13019
DB205340,DB205340
DP42763,DP42763
AW13483,AW13483
BY383163,EH884709
CW555263,CW495032
DE228744,BN339065
AL182934,AL177275
CW464926,CW321813
EH967019,EH812188
CW791353,CW422425
CW276846,AM18679
DS101081,DE225246
EH481465,BA17543
AA169717,AA169717
DS89846,EH1027897
DT150123,BL399361
BY507062,BY741553
EH246448,EH246448
EH1010992,EH674175
AN55806,AN89614
BE389461,BE389461
DB74339,BA17543
BY554082,BY591573
EH626196,BY370856
BE332424,AA168823
CG114327,CG113057
EH972292,CW1104627
CW711046,AG45307
CW171077,BL197577
EH69307,AM13647
DZ53891,DZ53891
CJ146265,CJ146265
CG157446,CG153353
AP9295,AP9295
EH257023,CM20656
EH1124103,EH1124103
CG169637,BS15171
AA172292,AA172292
DE222082,CB61812
DE306605,DE306605
AL239767,AL352083
BY448024,DB160403
CA44060,CJ11208
DL67765,BY255798
EH386518,EH369191
DN73518,DA52246
CW710446,CW329921
CB79287,CB79287
AZ2482,EH811887
EH689161,EH1027897
EH189952,BR81884
EH947838,EH921109
CD24722,BL228388
BN390697,BN390697
BL403256,BL403256
CL55104,BY705013
BY613536,BY608203
DB261275,DB104059
EM79350,BL339418
DB261275,DB137710
DL177947,CJ138642
EH359007,DT26807
CZ33252,EM56718
CW1240890,EF182656
CA33495,BL77161
DL185261,CW218122
AW166575,EM56718
DD42180,DD42180
EH530909,DL211304
AL208077,AL336292
CC52647,BW37697
DR23495,DR23495
CW1235621,CL43774
BN485329,BN485329
CW513997,CW1060259
AL330022,EH642410
BY375908,BY375908
EH545038,EH328318
EH200940,BL502797
CW1086582,CW169839
EH757554,EH729179
BL128592,BL80649
BR212602,BY577813
CR23598,DR102183
DK30364,BN481109
CW692727,AS96633
DB192738,DB250377
EL84696,DH41256
CJ148812,AM81665
DG20548,DG20548
CW893465,CW531371
CJ67185,CJ67185
CW1080569,CW1116783
CP28738,CJ144879
BL274568,BL274568
BD129929,DB182586
CW493167,CW390392
ES23252,CW837504
CW418452,CW799387
EF78228,DT28999
AL333662,AL333662
DL247273,AX29272
CW795435,CW468083
DE218999,DE218999
CW222001,CW393012
DR97495,DR97495
BY392030,BY388382
EH760293,EH760293
AN136043,BN402572
BR221741,BD147292
BY690059,BY690059
ES14141,DD70129
BR157143,CS19926
CZ92634,AM85451
BE60972,BE257735
CW634097,CW483468
AA166898,AA149144
BL340712,CL43774
EH799550,EH799550
CW724128,CW383040
EH354244,EP54258
EP54886,AS62439
DA111984,DA118030
BD61073,EH200724
DB107669,EF55811
DB163347,DL180915
BY613975,BX12753
AM85552,CW802880
CW724128,CW253671
EB58470,BL421868
CW177567,CW11877
BH91007,BL74891
CW1115348,EH493957
CW482214,CW651363
AY22112,AK49788
AA66795,CW1010708
CW1249932,CW1076847
BY433214,BY10656
EH708998,DT155471
DD96349,DD96349
BY291534,BY273348
BN36337,BH52282
BH127587,BH127587
AL189421,CC127514
CW1122944,CW121117
DA69338,EK10453
DE82633,AW131781
BB9452,EH5983
EP61471,EP61471
CW747660,BL237744
CW1170601,CW222001
ED37622,BT10245
AN39533,BN170214
EH325311,BY55068
CW446442,CW600646
BB63066,DT108942
BH134988,BH105228
BL241341,DL67396
CW805677,CW566580
CW786768,CW384886
EH792781,EH537322
DL206996,DL206996
DE230305,DE125306
AN76845,AN76845
CW996882,CW685075
BH86420,BH86420
DG53073,DG53073
EH868281,EH1089922
CW457984,CW116887
BD69993,DD130583
CC102538,CC102538
CW1043616,CW308937
AW200294,CG166855
CW358466,CW718888
CW938930,CW1026894
CJ8529,BN119830
DB127834,DB127834
BY549488,BY250497
DE195178,DE195178
EH234936,EH234936
CW318096,CH47857
EH853505,CH59695
DB53280,BR173650
BY468427,BY468427
BD148617,BD148617
AW137505,AW137505
CW634097,CW253271
EH579903,EH116155
CC118220,CC118220
CW68976,CW278418
EH893217,DE279989
BN419855,BN343625
CW420184,AA73903
BL399686,BL399686
CW429584,CW774563
BR232176,AN120379
CN37656,AL193354
EH864495,EH1035408
EH195894,EH138719
EH718925,AN146157
CW585011,CX17061
DB305844,DT87887
BY325678,BY325678
BN345379,CJ143965
DB260836,DB260836
EH1055294,EH1055294
EH742391,EH1014570
AW39548,AW39548
EH961360,BY454626
BD68978,BD68978
AM74653,AM58008
AL279828,CG172272
CW960101,CW121117
BH142279,DX48012
AK130889,AK120102
CW302773,CW442219
AJ35672,DL61636
CW460541,CW460541
BL116843,AP8405
BJ27784,AL94111
DL139172,DL139172
BD86740,CN24581
AT28247,DE111687
CW529112,DD176503
CW281862,AL57499
AN50007,AN153812
CW801005,CW398539
BY414398,DE198193
EH1159382,EH585306
DT7315,CT27633
BY495296,BY517266
CW1176168,CW1286633
CW1085040,BN144258
CW779398,CW909944
EH419063,BR81884
DS115504,DK40823
CZ104892,CW231025
DN74285,EH238244
BY194239,BY253329
BY257812,DB36424
BY531029,BY250497
EF183662,EF56403
CW578879,CW1026960
DB278629,DB278629
AN147161,AN147161
CW749295,CW560090
AN236528,BN368083
EH592293,EH680454
AN89921,AN90532
EH289014,EH223518
EH627359,EH699501
EH600776,CE37669
BR97251,AL52378
CG20933,EM51862
AW164637,AW164637
EH258501,AX14269
BR124940,BL333359
DN135602,EH816383
CW330373,CW740059
CW804661,CW804661
CK14248,CK14248
BY461257,BY380671
BL376381,BL376381
AS67696,DE332081
CW790392,CW527382
AM37972,EH637721
EH902777,EH902777
CW219926,DN94150
DK35214,EH766967
AK61851,CW1064993
ES14141,CW439741
AT13382,CW1089245
EH1081078,EH949463
DZ47457,BE260395
AW178321,AW178321
DE134607,BK17892
CW278418,CW369186
EH1000197,EH828480
EH302433,EH354506
CW927985,CW927985
DS108033,CG144945
AN127716,AN127716
CG43589,CC100575
EH1050375,DT153130
DE275792,BE226597
EF182732,EF56403
CW765881,CW481786
AX28819,DE62670
DR93520,BE206336
EH442077,DB268682
EM86383,EM86383
AA145073,DE231201
EH850631,EH566103
EF167814,AL241742
EH177316,EL27176
EH1244291,EH1244291
AW150494,AW150494
DK40306,EB63891
DL205437,BE257921
BN112855,CN61506
EF190584,EF173094
CW159535,CW154532
CW293435,CW203785
DX39555,DB137404
EH1057413,DE242925
BY135790,BL66808
CW968596,CW836948
CW493167,AN52092
BY578833,BY544726
CW1036674,DE49425
AN90698,AN193076
EH132937,CJ128282
BY126159,BY247671
CW1190636,CW517395
CW504270,CW799387
AD27813,AW181004
CW1076121,CW784619
EH1130432,EH1130432
DL96466,AX41402
BN311056,BN406369
BN454928,BN454928
CC145025,CC145025
BY584720,BY584720
BC45279,AM32310
CW724721,AS40094
BB60257,CA123932
DD100890,DD100890
CW1122659,CW1122659
BN372819,BL379653
BN425312,BH66507
EH802592,EH650779
DB229095,BD91797
CC33787,CC93792
BM43606,BM43606
DD65015,EH575333
CJ43904,CT59894
EH592293,BL166957
BE6287,BE6287
CW460367,CW380521
CB39800,DD77392
DB142373,DB254545
CW988355,CW1227175
EH241773,EH1235532
BN9703,BN18811
CR19420,BW41796
EH1040019,EH1040019
EH1199786,EH428944
DB206031,DB328495
BL323074,EH409522
CL23948,EH321357
CT41285,AM18679
CW531708,CW341965
EH1158678,EH823996
AN140198,BY604486
BE99244,BE183134
DR93520,BL272172
BN285444,BN285444
CC124664,EF178761
EH246448,EH342552
BN373114,DS99879
BN335388,DD63766
CW782194,AN105804
CW863094,CW863094
BD45698,BD45698
BY483356,BH128302
EH712985,DZ55629
BL233929,CW454894
EH189673,EH378132
EF85782,EF85782
DL169044,DL169044
CJ123344,CJ123344
DE102411,BL73291
DA86202,AL94111
BN297539,AA121623
EP42834,BE169404
DL196634,BX13409
EH875377,EH875377
EF14366,CW35436
CA64420,EH684326
CA74660,CA74660
CW348795,CW229964
EP79841,CM44817
CW613612,CW621990
EH877664,EH877664
DL215931,DL144405
BL261971,DB240162
DZ53891,CJ183458
BE281276,BE281276
CW375963,CW216211
BL127802,BL112937
EH661256,DE239045
CW742384,CW742384
BL115733,BE106585
BA5439,BA16092
BN441466,BN441466
EH385480,EH500675
CW703825,CW807585
AL170522,BY405467
CW925199,BY335235
AL323278,AL323278
EH385419,BY468710
EH752439,CW399847
CT41886,EH628614
EH446004,EH301614
DB107038,BY392382
EH489266,CW266772
DE114565,DE111897
CW221166,BL112937
CW498885,CW739134
EH331520,DD87434
BL115777,CW554839
AM90291,CP38925
CW1083017,CW109376
CN74246,AL208861
CW1029872,DL157234
BE425564,BE425564
BN127269,BN254636
BL137658,BG33825
EH1129021,EH1129021
BL346351,BL346351
AK110778,AK110778
CB29536,BP34570
DE134331,BL271131
CS14102,BD92047
BE110657,AL155567
CW1172507,CW874605
DB206031,DB196954
CW1277776,CW1277776
CW1115348,DT108942
EH473722,EH755518
CW932972,CW1025570
BM74224,BM74224
EH788088,CW1370224
AM45510,CW78698
CW703249,CW1070675
CG174535,CB26768
BN510284,BN553603
BE217630,AL208460
BY99203,BY525580
AM64389,CZ62243
DA93038,DP37847
CW829522,CW829522
BP34837,EP102555
BL392564,AL211183
CW330373,AB22843
AM101471,EB72946
EH541769,EH217127
EH1168498,ES12888
AN149201,AN146065
BE154049,BE321483
EH816468,EH632697
EH961360,EH295967
BH148341,DB250377
EH823594,EH805874
BY283249,BL221045
DZ60422,DZ60422
DL180100,BL326485
EH699016,DE164654
CE36091,EG35557
EH716083,AA71863
AL237825,BL290404
DL196175,EH327742
EH992923,EH497724
EH966034,EH1016525
EH550872,EH632503
BR172012,BR6325
EH250043,EH250043
EA4089,BL188528
BY290541,CW559651
EH280124,EH261419
CW977807,CW222001
EH967153,AX71690
CW396223,CW535240
CW1232404,CW1232404
DL211162,DL220655
BL339859,BL235182
DD107781,CG122388
BD107494,BD107494
DL138616,DL123544
AN208927,AN208927
DN91693,DN91693
EL53033,EL55380
CW875549,CW1352429
DB306203,DB120359
AM39282,CW106106
BN236948,BR4021
CW966108,CW966108
BZ44482,BZ44482
AY23375,AY23375
CW529489,CW982963
DS81216,DY29744
DR101236,DR101236
CW890098,CW632661
EH346583,EH840341
CW346209,CW491547
AL228149,AA119825
EH321861,EH575333
BW44331,CW893573
DB160785,EH478771
CW12736,CW308912
DE126599,DE215595
EH856018,EH856018
AL207414,AL207414
EH708068,BY608203
EM85214,DR84772
BR172654,CL49562
EF76048,EF76048
EH364634,EH670443
CW875595,CH23054
CW993110,AP68630
BY610472,BY591305
CA66987,CW1089245
DD171083,EH927551
DA19284,BM28934
CW521576,CW468699
CW221166,CW471563
EN74533,EJ23951
AW94589,EN38935
CW616156,CW701828
EH94143,EH577133
DB294871,DB207286
DL174032,CW617562
CA115545,DT128152
CZ64847,CW196199
BY501617,CW271528
BE297021,BE321483
BN159043,BN124419
BR212602,CJ211683
CW524785,CW524785
CW957258,CW602545
BL407230,BL407230
EH617173,CX18522
BR82335,CG2857
EH841512,EH272574
EH1088914,EH1205146
EL84696,CJ65482
BB93601,DH47807
CW1150155,CW1150155
AT12294,CC71527
EH655085,EH533495
EH1145280,EH124212
BY523112,DB97930
CW438707,CW456043
CW915754,CW1162649
EH544854,CL34680
AX42838,EH886797
CM54342,CM54342
CW936301,CW936301
AM26699,BP38204
DD188242,DD169096
BR232176,BR232176
EH352557,EH240886
CW1163367,CW759654
BN254174,BN140595
DW36030,CG108761
DL213280,EN38935
CJ198315,BN266343
CG133904,CG133153
BL345643,BL518179
BL427135,BL427135
CS24495,BL310254
AN167018,AW192121
EL96137,EL96137
BL138879,DE167212
BR79693,BH131437
BY678964,BY678964
AA107317,CW742845
DB98120,DB80755
CW687147,EF204621
EH1081541,EH629580
BJ10910,EH162789
EG42137,BD103303
BE257547,BR92811
BN345379,EH751096
AL108527,CL34680
CW511321,CW1005841
CW208185,CW219808
AS72003,BD108204
CW799387,CW723235
AK110778,AK120558
EH1183291,AW103591
EH855278,BL346557
CW211794,CW686329
DE298804,DE298804
BR147269,CM76949
EH481465,BN390697
DL188486,DP35656
EH539486,EH651101
DL81978,BC23025
AK98535,AK98535
CW1108540,CW1014351
DB292000,DB321153
DN99323,AX29922
AL153669,AL37485
CW313882,BZ21351
EH601459,EH356438
CW774478,CW796355
EH786216,DE301784
CW1184109,CW802394
DB305844,CJ65482
CW984889,CW984889
AL313600,AL361858
DD111642,DD111642
EN80551,EN76635
EH750705,EH549536
CW582017,EP84986
CW651683,CW713368
BL321783,BD103303
EH699016,EH570209
CW1052425,CW1324394
EH507293,EH162789
AG52398,DB281963
BE207705,BB103529
BL103333,CW1330915
DW58214,DW58214
CW950856,CW1021078
CC102694,CM20656
DL176050,BZ41530
BK42245,BD132729
EM94332,CW833967
DT152896,AP4611
CW573260,CW251176
AN134973,AW169616
CJ148169,EF162743
AW169857,CZ109344
CW871755,CW871755
BL430211,EH250825
AA113661,AM58008
AL101285,CB30933
BY620616,BY692100
DS17185,DN48729
AB37048,AA94944
CW257241,CW792775
CW935907,CW1327592
BY378905,DL174032
AK8962,AK8962
AS74183,CS27119
DA51053,BR61482
CW1210648,CW556259
DB107038,BL166957
AN124298,AN51713
CW639067,CW404903
DR86551,DR86551
CG24903,BE63985
BE17052,BE315719
CW376435,CW466430
EH472007,EH792434
CW219926,EF23181
DE228918,DE233851
BR130477,BR130477
AX54774,AX54774
BL284520,BL284520
CW53799,CW470124
EM105247,EM63563
EH451788,DD88940
DZ57823,BY5628
EP31495,EP31495
BN540278,BN452330
CB60359,DE146243
DL258413,DL139191
CW946990,CC159583
BE274410,BE133661
DZ65094,DL67396
DT134006,DT134006
DT139488,EH691724
EF134195,AL306724
EH200940,EH301614
CW584203,CW111986
AM28021,AW127927
CT48303,EH1204122
BY537616,BY594463
EH681585,DA76389
BN359220,BN359220
AB14050,DP9260
CW1246784,CW862738
BH141727,BH141727
DL170599,CJ88546
EH392334,EH204661
AL85779,BC42725
CH50985,CH56249
DB256341,DB148807
CW974648,DD202895
BC69831,BC69831
DS34766,DS34119
CW114143,AY16709
BL179866,CW150094
EH489266,DY8413
DR141753,DR141753
BE84049,BE18921
BY644331,BY644331
EH738036,AB31118
CW293435,CW795339
DB163347,EF69277
AL64903,AL162463
CW690742,CW626735
CW728299,CW1331869
CG64943,EH778184
EF34240,EF56403
BZ49864,CG134870
BR124805,EF121627
EF159127,CN80083
AL285381,BY525704
CC95636,CC95636
EH815527,EH1161385
CW770025,CW748539
DB231136,DB193863
CW1326854,CW1326854
CW974596,CH40237
EH717974,CW1116783
CA99750,CA122669
EM65235,EM46820
EH506488,EH219717
DY33239,BD160777
DL151000,DL176078
CW135931,CW135931
CW917158,CW811937
BH92545,CC71527
BL461391,BP58664
DN78339,DX65764
CW146667,CW303863
BD74864,DD105294
DE271831,DE271831
DB235066,DB235066
BW36965,EH884345
EH1224954,EH875028
CW1194269,CW1166128
DN117657,DN117657
EL86159,BP50830
EH443908,EH478971
DS45078,DS77417
BL328173,EJ23951
BL385304,BL237744
AN199002,CW685075
EH8945,EH22185
DB85860,BH96850
EH742391,AP53585
CW1177267,CW395294
EN66564,AW122630
EH497222,EH497222
EH686255,BY608203
CA90184,CA90184
CW562739,CW643931
EH195894,EH780520
AL209153,CW732112
BY244509,BY161535
BW16151,EG15277
EH442077,EH343641
BL455875,AZ9664
AF24276,CT48183
CW472399,CW472399
BN516677,BN182620
DL129280,EH116155
EH419063,DE269401
DE96516,DE54112
EN22726,DX61178
EH860266,DB302368
CJ120973,BP53830
BY436493,EH610228
AA119209,AA119209
EH293300,BY211898
AS72464,AS72464
EH650296,EH213654
CW1078615,CW380282
BY685949,BY434604
BR126739,BR136137
BZ47264,BZ47264
BN91438,BN91438
EH682580,EH1014570
CW935320,CW935320
CG164832,AE29586
AA146169,BY619081
AW166575,BL322117
AN153812,AN153812
CW345404,CW683240
CG94117,EH379995
AL142850,AL151253
BR37426,BA12837
DE239037,DE239037
EF141831,BR128365
EH179763,AN72661
BN436828,BN349480
CA80070,DZ34820
DL195720,DL192359
BD97075,EH751096
EH1064128,EH392334
BN311862,AN133995
CW690742,CW466430
EH1006090,EH1006090
CW419833,AN123163
EH963201,EH923798
EN58204,EN58204
CL39785,DS71477
EH681585,EH237109
EH830759,EH621272
CC122475,CL22527
DN52146,CC85882
BY5723,BY287707
CW102158,CW711685
BY613975,BY392382
CW636313,CW636313
BE31643,BE31643
DG49957,DG49957
EH504540,BH157768
AL293684,AL293684
EH622027,EH622027
DZ39374,EL75139
EH222798,EH451174
BD109402,DB77133
CW215349,CW106463
CW918664,CW1134700
BR181985,BR181985
BH80091,BH80091
DB254446,DB252306
CT30695,CG2857
CW547958,CW1101611
EN56458,EN78292
DD66213,AL52378
CJ135756,CZ50351
DA111211,DA111211
BE131017,BE257735
CD27952,CD27952
BE248630,BE248630
AL136232,EF69218
CW823188,CW993110
DR66960,DR66960
BY645737,EH1219170
CG158084,CG64584
AM42951,AP47860
AX40319,DE86624
DD68579,CW203199
CW1229250,CW1205295
CW1083017,CW167148
BY254179,BY254179
DL155895,DL157516
DT72599,AS67677
BE348216,BB69682
CW885447,CW886156
DA89692,EP82056
BN317680,BY428632
BB37553,BH184479
CW1147049,CW1099899
BN400624,BN435800
BB119528,BB119008
DR134689,DR50275
CW1155120,CW499592
BL272139,BL272139
CW383755,CW468699
BL176549,BY274763
BN334674,CG55500
EH751492,DE180477
BM17632,BM14706
EP85717,DL36976
CW907387,CW841657
BN433430,BN433659
EL27623,DE35644
DP37002,DP37002
EA35184,DS87398
EH428175,BR158478
CH54839,BL137899
EH881605,DT114697
EH658152,BR90367
EH203737,DW45801
BA8961,CB60553
EM108788,DR102183
BN300655,BN64488
DN42298,EG43905
BL217511,AL89541
AL81366,AL43386
CW568256,AP64158
AM24933,BL166141
EM24592,EM24592
CW958747,CA9008
BB42501,DS34119
EH1194986,EH1194986
DX60566,EH423740
DY25105,DW23124
CW826329,EL77093
BR188351,AA110730
CW905854,CW946535
EH143005,EH562549
DD138461,BW55571
EH469813,DT100576
EM115383,AN139468
AL95624,AL95624
EH506488,EH440270
BE15903,BE14446
CW1037582,CW1037582
EH704163,CC78713
AL204345,AP57949
CW1081587,DT120442
EP25493,EF56403
CW1078292,CW1090298
CW989348,CW354122
AL189421,CW231746
AN63886,BD64175
EG38657,AW122424
CA31223,BE178850
BP29977,DD114756
AL94904,CG13003
CW724721,CW287954
BN315392,ES14825
AL285744,AL253486
CW501972,CW306197
CH50502,CH50502
BL521995,EH833848
AA84269,DD38148
EH59862,EH61140
BN339757,CA72381
EH1126820,CE40522
BG14977,DE179224
AP47183,AP4611
EH1116069,EH1157566
AW120443,AW100534
DD134459,CK14552
AN160859,BB103529
AL31416,DX50908
AL176888,AL176888
BN429972,BN429972
CW1145433,CW859216
EH1131242,EH1131242
DB256553,DB256553
EH1110432,EH1131139
EF153583,EF93677
CW977807,CW165496
BH136556,BN304602
EH994235,EH543430
CW553678,CW837799
EH431338,EH249687
CR20402,CR20402
CW148319,CW378060
EL74173,EH934153
BL27060,BL27060
CW1048608,CW759334
DE274205,AM5896
CW679232,CW421552
DE191149,DE234315
BN319764,BN302289
CW830069,CW1148736
CW1131496,CW1019191
BR167960,DZ66243
DR4797,DR4797
BR149304,DL168499
CA51612,CW260151
EF142579,DA52246
BE436547,BE399984
CT39096,EH665425
DK47083,EG26395
EH926766,EH602736
CW552913,EH643039
EH635994,EH295307
EH671716,EP48100
EA9670,CB4213
DB197862,DB197862
EM68272,EM68272
BY28232,BY171154
CA73409,CA73409
CG146937,CG2857
CW798850,CW1272912
EH51413,EH156885
CJ128282,CJ128282
BY505409,BY521083
BL217511,AA94070
CA80006,DE208700
CW1117966,CW457347
BL71292,CW531667
AL74901,AL74901
EH420950,DE129948
BE96033,DS34494
EH905541,EH667745
BY325478,BY325478
EH601459,BN377923
EH50303,EH278786
CM19704,CM15356
CW666620,CW968937
CW600148,CW384670
CW1140326,BR174150
CW828449,CW481071
EK14551,EH780233
DB53986,DS34119
CW687948,CW1081637
CW610619,CW390392
AK73210,EB81735
BN385499,BN354653
AD27177,BN407464
BW48102,AP41813
EL80520,EL80520
DL177947,BH117188
AW140777,CG66476
CW491490,CW135931
CW202580,BL502797
CW438615,CW403110
DB235761,BB103529
CW750029,CW535240
BE246265,CW675208
CW976401,CW990291
CB32958,BK20620
EH498877,EH718651
CW1172507,CW1088566
AN184070,AN184070
BR66385,DY5843
EH219446,AN171082
CW609077,CW305395
CW581407,CW297159
DX60566,EH527741
EH533353,EH1235028
DZ48791,DS78931
CW886816,CW1060175
DT111111,CB93093
CW711781,CW451620
EH108818,EH919673
CL38840,AN98838
DZ65094,AM55688
ER30095,ER30095
EH288711,CW493543
DN107486,DN107486
CW607631,CW560090
DK28923,EH343641
CW441751,CW1052908
BR221099,BR221099
CW732607,CW1124265
BR14715,BR63082
BY376366,BY456850
AP31140,AP31140
EH816209,EH589258
AL115250,AL63509
DG25358,DG25358
DR104635,EH1296500
EB47401,BL300228
EK17648,EK17648
AL254970,AY21270
BH5759,BH54180
BD136107,DJ5647
ES18761,ES28231
EH672738,EH672738
CG64943,EH659569
BL370694,BL370694
EC16039,EH621793
BL216696,BL193636
CW684143,CW684143
CW219926,BE12575
CW1088752,DN132782
DX64582,DX64582
DL119348,BY219975
AL32011,CL20882
CW872017,CW1349452
BY672966,BY699158
CW158821,CW706026
EK17927,EK17927
EF90323,AL150442
CJ178297,AP45754
BN471187,CW1134572
DL187897,DL187897
DX51401,AN155057
CW122930,AW208956
CC12673,CC80097
BP50979,BP50979
EH996104,BL228388
DL241025,DL240764
BN159043,BN293417
EH108048,CW647529
EG29410,DX46401
BE335552,BE79857
EF196683,EN38935
CG90155,CG90155
DB220876,DB220876
BN319722,BR82276
EH794912,EH516880
CW312757,CW298951
BE342456,DL207276
AW164294,AW164294
CW388831,CW363505
BE110829,CW699712
BH102733,CW320944
EH161938,EH342864
CW387665,CW260151
BY370440,DE198193
CW44573,CW44573
CW395672,CW662268
DZ8594,DZ29781
CW265804,CW395622
CW293460,CW739134
DE185407,DE185407
BN424781,BN270677
AL240597,DS80151
EH655085,EH295307
EA35184,DL256663
EH767507,EH767507
BE182375,AK132746
CW956943,CW401024
DR3968,DN71789
BE101114,BE206717
EL15903,CG49989
EH864154,EH699017
DL194572,EN78292
EH1205081,EH1205081
CW582017,CW1099568
CW994009,CW994009
CW597799,CW244384
CW1041136,BC65069
BK43621,EH956654
CW959728,CW959728
EH409309,EH422870
CW242961,EF196430
CW528091,CW272965
BY560789,BY560789
EH234963,EH688954
DX54322,DX61274
BL379743,BL379743
CW662932,CW990080
CW703825,CW491199
BY577544,BL322117
CW173003,CW197202
BR84411,CP51763
BY52575,BY52575
BL156751,EP36253
CW470157,CW470157
EH150215,EH150215
CW1017626,CG144046
DL113082,DL121347
EH119181,AW126113
EH473137,DW42618
EH622027,BE206336
EH663752,EH663752
EH862915,EH875028
EH419376,EH827823
DC3646,DC3646
CW782563,BL314802
BC54287,BC54287
BN254174,DA42039
BE378485,BE378485
BE150227,BN308262
BL342897,BL326345
BY480134,AB25119
EF182047,EF182047
AK141045,DE230503
EH993056,DE239045
EH712985,EH677278
AA46509,EM2509
BE293177,BE246262
CW801005,AK91467
CW664295,CW1250374
EH495025,EH658336
BD86740,CW740059
ES21395,BN194821
CW278418,CA79273
CW947380,CW181578
BY603687,BY544726
DL170727,AP91680
BL433988,EH1318939
BH75556,BH75556
CY12517,CY12517
BN63587,BN35448
CW419469,CW473608
AN157578,CC85882
DX23773,DX23773
BC16327,BW6309
DB137956,DB92115
DB219771,DB209401
EH1129284,EH1129284
BL458638,DL187075
DZ61703,EH149922
BL386151,EH665978
CW723325,CW485190
AS50458,AS28272
EH605416,EH500518
CG56176,DL46164
EH699016,EH405290
CW1082729,CW1082729
CW1001164,CW1327462
EH62011,EH662502
CA100122,CA100122
CN77467,CN77467
CJ142021,BW57720
BB72248,BD82712
DL169595,DL169595
CW628782,CW628782
DM11310,DB57077
AA124519,DL176078
CW1109080,CW1109080
CW1365817,CW399847
EH820282,EH820282
EH370875,BL132788
CH36563,BN367234
AL76934,AL76934
CW1122557,CW1328750
BP62854,CP19069
CW230429,CW1126437
AG47089,BM78168
EM105022,CT28398
DR110373,EM108788
EH867501,DS39329
BY485141,BY11954
AW140015,AS77679
CW386879,CW757837
CW232491,CW44022
EH115349,EH29158
AJ24449,DR96965
BY542602,BY542602
CW872575,BY575610
AM81611,EF205347
EH860266,DD204657
DB292000,DB56429
EH579903,BZ62734
BY96715,BY290319
CW678653,CW761233
CW1063695,CW817679
DJ6006,BL107022
AB28189,CL34680
CW887565,CW1099568
CA67473,BD154874
BY646122,BY754627
DS98391,BL342612
EH859804,EH771411
CW1155120,CW690742
EB14997,EB49709
BN99752,BN186411
BY512159,BY560340
CR20058,CT34328
DB110311,BE42214
DD35153,BR81884
EP25493,EH281862
CW327867,CW377063
EN29937,EB33752
DS108644,DS104869
DB262868,DB262868
EH993419,EH237109
EH710264,BD79009
BE420305,BE420305
DL211701,DL140708
AL101285,BH142185
AW183502,BD90254
CG157446,DD78451
DP24362,DP25029
CW1046977,CW1046977
CL51694,CZ88198
DL274504,AA204937
CW540053,CW330571
BY565219,BY565219
CW988884,CW988884
EH777027,EH777027
BY515683,BY499425
CW165496,CW260151
CW1200501,CW864261
DB285769,DB134230
DL163688,DL163688
DH56828,DH56828
EH629832,EH258369
CN37656,CW623399
CW733120,BL58483
BY310393,BY276073
EH481713,EH481713
BE140203,BE106886
CM58450,CM58450
AL283847,DD194628
AM100758,DB291474
AD22285,CA21449
BE282622,AN144584
CW628719,CW1221039
BE386934,BE217377
DL214633,DL214633
EH1265278,DZ49657
BE445882,BE264478
BE156922,AL126524
CG59205,BD155868
AS24155,BG17458
CW902105,CW837799
BN372584,BN508648
EH666896,EH1267054
DD159280,AY31154
CX11407,DT95445
EH1166671,EH233961
BN86540,BH73640
EH1281712,EH1281712
AA136081,AA136962
EH747175,BD132729
EF185482,CJ164688
EN22354,DZ2349
DL219034,BE334170
AA56628,EH907734
AF15105,BE64432
EH212006,AW73189
BH91007,DL168499
DD124172,DD124172
AN84705,AN157171
AK58633,CM40018
DE230305,CW899235
AL136232,DE227142
EH596565,EH455198
EM38230,CL31416
EH370781,EH1000556
CW198104,CW156569
CL38445,DX63302
CW889234,CW889234
EL34898,EL89793
CW518470,CW629443
CW95005,CW896157
BY321073,BY263146
DB142860,CW550610
BL136798,BL136798
EH925732,EH362745
DR136588,DR136588
AL185920,AL185920
EH481465,CP11074
CW1054529,CW704858
EF150438,EF101546
CW778486,CW761442
AL254970,AL266375
BN430818,BN334888
EH1142979,EH1142979
AN2803,AP18256
CH40237,CH40237
EH193003,EH919673
CW1120656,DD204657
AK116018,AK116018
DB63298,BM27423
DB269981,DB281620
DD74863,CZ47378
AW125069,BN252852
BN94208,BN74134
AA162662,AA164797
EH1064128,EH204661
CA33889,AS8069
CW853127,CW861477
AL254970,AM76905
CW827452,CW524693
CW687948,CW717796
DB291659,DB145608
CW1075206,CW1075206
DN83305,BE136497
BH157414,BH157414
EP52606,EP52606
CW59062,CW322198
CJ189716,CJ189716
EH1318882,EH1318882
CW610619,AF13274
BR153088,BR153088
EL55956,EL59007
BN308692,BN198224
CW600148,CW1036917
AF11803,DR61675
CW602226,CW551374
EH179763,BN238907
DZ47457,BD112806
CW1366784,CW554017
CW103031,CW323813
CW522533,CW522533
EH976060,EH976060
DP44759,BR169843
AN136043,EH488092
EH775560,BN394465
CE48074,BL411462
AA159369,CW1093424
CW975643,BL234245
BL390241,BL390241
EH855811,BJ47875
EH914756,EH497724
CW992591,CW818704
BL310555,BE395199
CW1240746,CW804325
BN288037,BN216283
CA29791,EH592817
BZ2441,BZ2441
EH1000889,BM26019
EH601529,EH601529
AW92376,CG2857
CW654537,CW664198
CW1168592,CW1168592
EG54096,EH1051844
BZ56714,BZ56714
DE82633,CS16921
AM23324,AM27713
BY497053,BD147292
AA164934,EF162743
EB46632,EB46632
DF17648,CW1244221
DP42763,AC15849
CW510954,CW335467
BE333998,BE333998
CW436990,EF38231
CW110649,CW111986
CW325005,CW1028149
CW327861,CW499592
CW439955,CW740059
EF190188,EF204820
AA75035,AA109602
CW561924,CW257242
BN328076,CW419133
AL224389,AL224389
DB20585,AM32934
EM63098,EM58235
AL170900,ER23755
BY560616,BY592426
CC123393,CC123393
BH142262,CM20656
DG7044,DG6667
DZ62026,CW677089
CN16296,CN22110
BL23841,CW13817
CA80070,EH488092
EH1167773,EH1167773
CW232491,BL279691
CW808787,CW950202
CW532846,CW86063
DL187401,DL192964
BY538544,BY576319
BE381737,BE381737
DB139267,DB46440
EH692840,EH703277
AW186027,AJ34556
DL151000,BH117188
BL217511,BL219397
BY167501,BY167501
EH328666,DS69687
AW146438,BY560936
CW507696,DA33365
CW642345,CW642345
CW424466,CW792775
DE276707,CA127325
CW765881,CW609090
DE290357,DE290357
BN278561,BN192079
BL138879,BN95075
EH1003401,EH1003401
BN417416,BN316354
DS102387,AL211408
AT13382,CT22254
CW205012,AX35986
BL127802,BL119194
CJ21187,BH33967
BY531505,EP64728
CL23948,EH592817
ED36711,ED16330
EH104232,EH104232
BN193474,EH186290
EH1020372,EH1020372
BY721069,EH1244884
EH495025,CW899235
BP75046,EH986451
BH164418,BH164418
EH701014,EH1101341
DB189769,DB189769
AL136232,DK23138
EH448007,EH448007
BN312589,BN312589
BZ35765,AA122605
BW24662,DL121521
BL166601,EH921109
BY395120,BY395120
BJ23448,BH101470
CW511321,CW1204073
DS108644,BL416576
DY14316,EG28213
EM123494,BW53806
AE14299,AE14299
EH1138041,DT85352
DB297145,DB220627
CW935907,CW967268
BY428833,BY428833
BY524283,BY328889
CW629462,CP50046
DB157937,DB130912
CW356638,CW515509
BD121324,BD121324
BN108380,BN151274
CX13380,BL434293
AX70186,CW898215
CW455352,CW1146129
CW951423,CW596465
CW1073255,CW990787
CW1035827,CW907801
AA107317,AP42576
DS63747,DS64494
CW1173807,CW600646
CW678964,CW487941
BZ52536,BZ52536
AH16932,AL72084
CD22896,CD22896
CW1298692,CW935836
BN411274,AN69766
BY126159,EA28598
BR123411,BR123411
AW199716,AW199716
CS29824,CS29824
BH158947,BH158947
BL503647,DE230374
AL240720,BL290404
EH849072,EH845716
EH673770,EH667630
EF133208,EF133208
BR209528,BR209528
BE248751,BE182595
EP41278,EH386310
EH661256,EH327031
CW1214774,CW1214774
BN525086,BN462215
CH26068,AS87476
DB269488,DB269488
CZ86627,CZ86627
BR162626,BR162626
BE329908,BR122736
DB312947,DB312947
EH488206,EH488206
EH464331,EG13325
BR220213,DN41692
CG42790,CB26768
CG157446,CJ116394
AW79887,AW138617
CW494380,BN308262
DE223612,BL256496
CW66964,CW38104
CG112418,BE219529
BY564301,BY451369
CW102115,BN304275
CW1078292,CW547078
AK25631,AK25631
BH133434,DR18215
CW493167,CW122931
CW1199968,CW120696
BN490390,BN410034
EH257635,EH281862
AN106361,DT137346
BR242146,BR40448
EH177187,EH529574
EH154817,EH121147
CW1190636,CW407077
AA63367,AA63367
DD122190,DD122190
DL213280,BN452330
CW1366977,CW419754
CJ132319,CJ132319
AL64042,AL176888
AL198382,BL81102
CW556048,CW563497
DA16288,DL70372
EH588708,EH588708
BE391698,BE126650
AA62772,BR98938
EM105472,DT140230
AL319823,BE244651
CW441751,CW1319588
AM85552,AM96481
AL255959,CH32517
AL204345,DB113852
BY571518,EM41375
BG13398,BG13398
CW704935,CW704935
DC23070,DC23070
CW46926,AN13085
BE197472,BE197472
DS58625,DS58625
EH294190,EH488092
EH860017,BE199909
DB175291,CJ130292
BN456649,BN520431
EL56427,EH816209
BR150029,BL272172
DT71100,DT71100
BY147146,BY147146
BY235221,BY155671
CM26544,CM15176
DS69831,AA143809
EH592293,EH574279
EH993056,DE184261
EH752439,BY449228
CW662612,CW1193749
EM100421,EM100421
CW1099789,CW114861
BD94198,AW209210
CW21050,BD10559
EH1287601,EH1287601
BN553104,BY219975
EA50600,EA37616
BK42245,BY482319
EH655771,CL38948
AL204345,BE57173
CW1080569,CW552793
BY209948,BL64383
CW986974,CW1342441
AM73402,EP102555
CW243288,CW319968
EH332005,EH939570
EM122399,BK33013
EH1200887,EH1200887
EH489266,AS40094
EF163917,BL409388
AN151533,AN104695
BL166601,EH245924
DB44614,BH38050
BN318856,DS122774
EH516495,EH246448
EH213587,AM55688
DY29744,BA14628
AM85552,CG197653
EH630724,EH295307
DR40883,AP8782
EH1166916,BL490010
CW975643,CW266772
DR132812,DR131678
AK78969,AG35571
EH564863,AW206449
CW441751,CW204004
BM3987,DX24144
BY722122,BY360221
AG23235,AG23235
AX55176,CJ125646
CW61983,CW61983
CJ142021,DD186768
CW1001432,CW882534
CC33787,CA55702
CW407850,EH175265
EH861643,EH816209
CJ156312,DB252306
BN353103,AP12978
BE128171,BE194505
CW356638,CW475478
CG34100,CG66476
EP58335,BN508648
EH108048,CN22974
CW391025,CW333895
AL51742,EH423288
CW1159527,CW1254032
BH92545,BE141599
CW841079,BL515444
BL188653,BL198863
BW43073,EN76499
CW376435,CW848645
EH257635,EH650779
CW122086,CW17516
EH211677,EG15277
CW100695,CW163083
BY451369,BY404972
AL132492,AL117207
CW327861,CW302925
CC80586,AL189748
BE335552,BE129190
EH610347,EH474071
EH992977,EH992977
EN64494,CE16620
CA62442,BH105661
BW18882,BZ4713
AL77899,AL121338
BS12992,BS12992
BR143883,AW189942
DL193909,EM41375
BR126739,BR126739
EH752439,AW122331
CA40093,DL128403
EP61037,BR105483
DS72058,BL452978
CW158504,CW216211
BE161496,BE174423
AW183962,AW183962
AL33120,AL43949
CW174171,CW174171
DX42662,CN30877
BY558025,AL300026
BN452328,DP45645
BN165337,BN162541
BY383173,BL221900
EH1067793,EH1067793
AM66752,AM66752
BB46564,BH118293
DD67486,BE269235
BR17089,AN52393
EH84431,EH500518
EH561680,EH818103
EH1176877,DL240683
EB42237,EH659569
BY608350,BY608350
BD117983,BD135076
BL506332,BL440276
CG52417,CG137948
CC85087,CC85087
BY475045,DT85402
EH304588,EH208050
EH864154,CW1036917
DE186443,DE95377
EL62841,AW169616
CW335671,CW335671
BY209948,BY209950
EH716213,EH1101356
CW702484,CW475843
AW140777,AW86330
EH641031,EH240540
CM44655,BD106647
DE320631,DE320631
AB5639,AB5639
BR146772,DN123519
EH594293,EH521310
DB98253,BB36111
CW455352,CW999255
CZ84630,AK88409
DE174959,BW31131
DD98983,AY11609
DS58625,AS68203
BE252927,AG59675
DE215965,CW613922
CW351553,CW998779
CW583691,CZ22257
BN471187,BN495415
EH305370,BY527404
DB189372,DB189372
AR12011,AR12011
AZ15160,DL183852
EH592293,AZ10483
CC73657,CW139714
EH825623,EH1110202
BN416978,CJ90684
AW89465,BL182975
CW520354,CW1038205
BL391927,CW519494
EP68664,EP68664
EM78255,EM78255
EH74282,EH428944
AL184608,AA133122
CL38371,CL51952
CW1171246,CW1171246
EH1249363,BL263370
EH678904,EH827823
AW166575,AW147353
CW495460,CC71527
BH131050,BN349480
EH391253,EH313386
BN203076,BN169833
BN180630,BN420502
BY551196,CG93340
DB97689,DB79388
DL151000,EF126293
BH54931,BE57173
CW1085883,CW1242966
BR190210,DA84128
AP69088,BL411462
EH1111890,EH772276
EH717402,EH460022
EH53870,EH441743
EH141448,EH1131269
DL211304,BK31995
CW386879,CW218404
CW100135,CW103741
EH359007,BL112937
BN383310,BN418868
CW363936,CW54444
EH484204,EH466818
EH664129,BY516689
BL198076,CW1025693
CW617186,CW948660
AW179412,AW179412
DN114261,EH418379
AL64275,AN193076
EF159127,DD141345
CW707159,CW1025570
CW1178031,CW760797
BC39621,CA42781
EH873824,EH733638
CW869196,CW934242
BL419023,BL419023
CW1008210,EF182656
CW1064993,BL452978
AN196795,BY439540
CW110376,CW349719
CG142455,CG142455
CW1176168,AK128553
EH537210,CC74568
AW124971,AG37841
EN50049,DB85003
BY390551,BY545171
EH96857,EH118674
CW485778,CW599590
EN50049,AL159089
EF185267,AL180950
EG39579,BM54769
BR182132,BR174150
BE451372,BE451372
EH205528,CJ134598
DB43165,AW111081
DR3968,BE146692
CW182993,CW182993
CL38142,CG97051
CH46942,CB53792
EH1214485,EH485365
BX10488,CG32582
DE237480,BL276267
EA40094,AG35227
EP57308,EP57308
DL110032,DL110032
BN470244,EA42814
BE185298,BE175720
DL217530,DE205814
DE119609,DE127114
BT7683,BE128702
DN79454,EH602062
EH194386,DE115161
AX23674,DE62519
CW602226,CW430802
CW986861,CW833926
EH492158,EH422141
CW404131,CW523104
BH147335,EF162743
AL275974,AL275974
DL169044,DA93027
CW974398,CW974398
DN34588,EG15277
CC36643,CC101010
DN130266,EB63891
BE195077,BE294224
AL244183,AL244183
EH177561,EH441743
CW268057,CW495460
CW645648,CW53593
CW828449,CW145398
CW558104,CW879595
CW693571,EL48801
CW992696,CW992696
CW177567,CW38104
CN41016,CN41016
CJ20833,EH255666
CW624175,CW624175
CW867982,CW1106681
DB61740,DB24345
EH459464,EH422695
EF13899,EF243612
DK30364,EG50858
CW104928,CW72779
AN182346,AN87790
CW964237,CW964237
BN553104,DD124206
CW670470,CW670470
AS24628,DB39051
EH613765,BY608572
CW1055116,CW1148290
AL297831,AL112656
CW700800,CW377231
DB292000,DB258291
DE176397,DE176397
CC125864,CC125864
BY443207,BW37697
CR14544,DB108830
BL393428,BL393428
DN39146,CT7196
CJ139338,CJ66702
BD99679,BD48703
CW221700,CW285437
EH541769,EH273898
CL45460,CL45460
CW310523,CW310523
DN141112,EH1108687
DS75699,AG44275
DB288558,CM52645
BN339394,AD17676
AJ41471,CJ156706
DS25042,BT5114
AH17834,AH17834
AH16932,BE57173
DB160785,EH149027
CW995377,CW995377
CW651095,CW651095
AD27337,BB92976
AM93782,EH852379
DD44723,CC31247
DE134331,DE86993
AA188491,EH839524
EL67067,EL67067
DB124646,DB139738
AG53716,AG53716
DB242984,DB242984
CW1364727,CW1104627
CW630476,CW594140
CJ32494,CJ58973
DW70369,BD71263
DL206624,DL206624
CW241382,BM58816
DT94877,EH778184
EH332005,EH321381
CW990481,CZ105639
AW110036,DE84635
EH420813,EH62435
DH39310,DH39310
BN468876,DE319090
DR82470,DR82470
BY535898,EH702618
EH841512,EH230527
CW356388,CW527885
CW804661,CM59685
CG137534,EH1311716
CW420184,CW350733
EH629468,EH554638
BL344665,BL344665
CW1020874,CW480362
BH183375,BH183375
DB149857,DB149857
AL199766,AL176888
AA101523,DZ34820
BE105648,BE106585
CW419833,CW531436
BZ47606,BZ71110
CW458996,CW718503
CW977084,CW1294584
AT12979,AT12979
CW38783,CW47409
BN328379,BN260898
DW56619,BR76677
EH255628,EH211762
AW191146,BR195893
EH1212994,EH1249169
DW3941,BR181985
EH694655,EH301005
CW1210648,BN508648
CW1024308,BY314085
EF17378,EF17378
BS14253,BS14253
BC57498,BC57498
CW111512,CW475516
CW703674,CW649385
BN243410,EH204661
BY315422,BY272701
BR82335,EH780233
AL175942,BE199027
CW1086058,CW934345
AL244569,BE187606
BL470521,BL470521
BY533906,BY533906
BL340807,DE172574
CB81713,CB94946
CW407336,CW146667
BJ15844,BJ15844
BE156922,BE174423
CW313700,CW764809
EH98880,AX65610
EH579903,BZ22255
BJ31483,AN35216
DH57508,BB55197
EH945704,EH851797
CW976401,CW1199989
BZ10850,BZ10850
AP60453,EH491562
CG134572,CG134572
CW164037,CW536314
BY456666,AN54990
BE303239,BE217377
CB80987,CB80987
BN358957,AX14269
EN74079,AN2389
CM41314,DB185347
BN289406,BN289406
EH368614,EH863195
CW1184634,EH192865
CW529112,CW643657
EH461127,EH429049
CJ97753,CJ84716
DD35153,DD35664
DS86828,AA127641
DR97753,DR25358
AW99833,AW168632
EH205528,DT29864
CW624109,AL90171
BN286368,BZ52356
EH149209,EH575333
AN122793,AN137154
AN136821,AN136821
DX59136,DN84514
BY174962,AB28655
BE269347,BE279868
CW573559,CW395643
DR140963,DR140963
DX44813,DX44813
CZ65730,BL85878
EH550936,EH272574
BN440827,BN440827
EH205528,EH575333
CS31679,BN429900
AG39434,CA115056
BL160180,DA110612
DS113175,BH82959
EH1244557,EH1312920
DN128596,EF160308
EP73136,EP73136
CW904265,CW904265
AM88933,EM56718
EH733420,EH733420
AP85142,AP85142
EH745987,EH812842
CW1013468,CW448950
EH247270,CG83538
CW1073079,CW783277
EB50207,DE147345
DL156477,DL118221
DE134331,EH255666
EH601459,EH267429
CW404840,CW404840
CW518380,CG45169
BL52567,BL52568
AW68027,CG116415
BE44677,CC18365
DA106076,DA106076
AL167409,AL167409
AM83946,EH560415
CW561924,CW79677
EP77473,DT122842
AX40319,CW166196
DA107259,BE337858
DB193184,DB18551
EH713533,AM5896
BY348984,BY559697
BL228699,BL142792
AA84269,BY272701
BY334374,DA116895
DL237792,DD110461
EH857605,CW885447
CJ90306,CJ49473
AL171197,DZ38251
CW493167,AF13274
EH377183,AS3909
DB320263,DB320263
DZ63011,BD117775
EJ3205,AZ8434
EH686255,BY482319
CP46642,BD92705
EH815527,DD100499
CW1086999,CW647529
BN451718,BN427902
BN311056,BN331600
BH150502,CC109375
CW613681,CW811937
CW1170601,CC62272
DB107669,BL250794
AW13483,ED12506
AA100490,CW1221407
DE289921,DE289921
BE326025,BE326025
CW376435,CW626735
BY609694,BY121967
BY591305,BY583047
BZ24858,BY265922
CW391025,BM58816
BL261971,AA143809
BN515231,DD214343
CW347936,CW456043
DB5857,DB67585
EH617173,BP40920
CG129807,CG129807
AN155815,AN58494
CW859216,CW859216
AA84269,EF100296
BY553537,BY553537
EH592293,EH697544
BE221938,AX71690
BN349162,BR98938
CW1366045,CW595661
CW783277,CW1296798
CW976640,CW1158658
DB88256,DB205340
CW495460,CW495460
DA8132,CW556259
CA83553,DS39544
DE82633,EH342552
AL204345,AL145628
AM107743,BL345228
BY384133,DL139259
EM71691,EP68961
CW972453,CW1263274
BR106577,BR106577
CW609916,CW1289978
EH850463,EH1014570
DA100415,BM50017
EH604971,EH1235532
BY528269,BY360221
CW990104,CW990104
BW36965,CG153353
CW975643,CW806660
EE5008,BL121283
DS102387,DS122774
AN167018,BN421241
CW48233,CW222276
BY145561,BY309104
BH102733,BH131437
BM51753,DA29437
CW906976,CW692815
EH236319,EH460205
BY344273,BY344273
AM22432,CW128387
BK12064,CH40901
CW749295,CW464254
AP63981,AP63981
AN19878,AP38347
AL256460,AL277748
DE170593,DE170593
CW389401,CW339850
DT77241,DT97249
EM107449,EM47068
BR124940,CG92282
BN230197,EM17446
AW101204,DE91328
BY577544,CL31416
DE87704,AA173814
BN9703,BN69727
CZ68442,ER23874
BE217630,DT85402
BL164443,EH971935
BR154648,EH659569
BE91742,BE137295
CW719252,CW162664
CW109980,CW339044
BE195441,BE219529
CK7099,CK7099
BE408820,BE344006
EH1231253,DN94131
CW268057,CW244533
CW234609,CW282647
BR38420,CX15098
EH370875,AM47727
BY328609,BY278295
CW241382,CW333895
CW392925,CW471563
DT134858,DT134858
BY383163,DE168039
CW882979,CW882979
DE84469,DE84469
CW610486,CW1006848
DD107781,EH1027897
DE191149,DL81978
DZ10356,BE128348
BL310254,DE205265
BH178287,BH178287
CB35206,EP102555
CW989348,CW989348
CW815296,CW1021078
CW747660,CW508356
CT17971,AD8973
BH60690,BH19705
CW577311,CW284433
DD101483,DD101483
DD182606,BB117664
BY350728,BY350728
EP68759,EP68759
BL166601,CH25942
EF34557,EF230400
EH359007,EN24926
DW3297,DW3297
BH92545,EF100296
BN205998,DE154247
CM65182,CM65182
EM99874,EM46611
DT79339,DX61941
BB93601,BB93601
CW869159,CW869159
EK21590,EK21590
CW313700,CW411298
CW500265,CW448821
CG137178,CG137178
EH241773,EH206074
CW584186,CW1075534
BY591395,BY603420
AL221142,BE456245
EP86628,BW57720
DD89107,DD89107
EH703951,EH249917
EN59623,AN139468
CW887481,CW759667
EM107290,EM110192
AL108527,EH179672
EM2543,EM2543
CY22156,CY22156
AB4114,AB40648
BM35361,BM35361
CN21106,DB268682
BY577544,CD21139
AF17012,AF23663
EH683015,EH621518
BY337839,BA9867
BH140846,BH140846
CW502114,CW377063
BL474738,DE253849
BY193785,BY201342
CW1125816,CW303830
BL391927,BL260427
DE134331,CW1198938
AW140015,BL300943
BN468876,BN433567
DN104911,BN315789
BR166375,EN45020
EP97038,EP97038
EH1204526,EH777027
AP83848,CW747137
CW519319,CW88703
AL41397,CC61033
DE270483,DE270483
BM59835,BM59835
CW607631,CW1290192
CW989259,CW43257
EH816209,DL185475
BL22138,BL30151
BN423369,BN384472
DK27555,BC52311
DR150899,EF47436
CL38926,CL31416
CC109919,CC109919
EN46398,ER24773
CT17872,BM22412
EH535420,EH592817
CZ74430,DD77392
CW1001432,CW955100
DW65929,DW65929
EH486030,EH621518
CW586410,AP58795
EH24900,EH24900
AA117370,CY22733
CW819189,CW1173874
CW703825,CW305052
CW780414,CW154532
CW1016537,CW1016537
DN96034,DN96034
EH200524,CZ12195
CW975643,CW1090658
ES20699,BH94638
CW1244158,CW1000784
BY598446,BY588833
CW508134,AT14624
AK109719,EH766967
AG51189,AX57830
CW512656,CW531436
BE184960,BE168496
AN155549,CW1210905
CW202580,CW334744
BY136232,BY36756
EA31891,CN24581
BL333884,AW70870
CA11753,EP53826
EA40030,EA40030
BH47747,BH130969
EL71267,EL24058
BN390503,BN278171
DL223003,BW53806
EH370875,EH637721
DL211498,DL211498
CW719097,CW664198
CW1185234,CW749739
DA124149,DA117774
EH477815,EH484605
EH1145036,EH1145036
BH93908,BN74134
CW157844,EF157507
CW501972,CW448950
EH718925,BL390173
EF140753,EF140753
BY483330,CM75987
CW715403,CW1173869
BN330611,BN330611
CW252040,AL165882
BL217511,EH226301
EH490290,EH360516
CW1301526,CW1082771
EH1176162,EH1176162
BY466363,DE230503
EH1107489,EH1107489
BN258850,BN258850
BH141915,DB153288
AY22777,CA66457
BY322097,BY355735
AL200357,BY610515
CW568256,CW470885
EH349845,BS3654
DH46266,DH46266
CW946990,CW770474
EH370781,EH1253271
BD86740,CW320944
BL451372,BL451372
BH93484,BH93484
BL513905,BL479951
BL494708,BL182975
EA17031,CC31247
DL164595,DL164595
AW168632,AW46743
DR117559,DR93149
DA96766,DA96766
EF80627,EF32666
AN182600,AN182600
CW749295,BY344273
AA60261,EH167585
AN120999,AN120999
CJ29499,CY2331
CW734328,CW451755
AN68982,AN68982
CW534621,CW1220414
DT179101,DT151334
BD157146,CZ116856
CP22670,AA77648
BN311862,BN302030
CY9267,CP9899
BY658337,BY658337
EH1066003,EH473436
BN102925,BN102925
EN35926,AH14831
CP28738,AK132746
EH623765,EH461106
AW92376,BN288479
BY607933,BY476286
BY216436,BY6071
BN475449,BN475449
CW724721,AL112656
DS113175,BY719203
AP24700,AS15698
CT5415,DL135941
BP62177,BY607933
BW50560,BW50560
AK66739,BF21231
AG34515,AG34515
DE326275,DE284419
CW857454,CW857454
BH178120,BH178120
EH1064128,EH352026
CW781270,CW781270
BY544726,BY517266
CG29934,EH684326
BP37654,EH1181132
CW932542,CW1094725
BY507062,BY573044
CW507696,CW1109218
BE8143,BE8143
EH246433,EH92112
EL66510,AX48730
EH382906,EH234009
DB135637,AS86973
BL35451,BL31434
DN129793,EH875028
CJ122173,EH729535
CW202580,EH175265
DY33239,BD154874
CJ125354,AN147161
CE40331,CN79722
BN367769,BN352480
BB46564,EJ12672
AW169616,AE26833
AL132675,DL134548
EH541670,EH433542
EH370875,EH255666
BW20037,DB47003
EP25493,DE195868
DB305844,BR210249
CW295139,CW295139
DW48347,DW48395
EH1205149,EH1131139
DB206031,DB120081
BE129573,BE121599
CW1141195,CW786067
BW48570,EP77797
DE134331,BN191414
CW147964,CW321697
BE371111,BE371111
EH332525,EH629580
EH326584,EH313386
BL154976,BL102141
CL45979,CL45979
CG36136,CG14604
EH1214485,EH376295
BL259484,EH715354
DK5511,DK12146
CA106806,CA106806
EH265738,EH227310
EH823960,CJ135756
EF106718,CG42958
CW123085,EH68011
EH701014,BL374509
CJ135470,DX71864
DB268170,DB164514
BN361225,AN96190
DX13014,CW990080
CW72641,CW271528
CZ40873,BN232911
BK49307,CW1263274
EH378125,EH732311
CW558112,CW610167
CW86355,CW551919
BR110944,CB67259
EH1047897,CB49852
BE236196,DR121327
CW1031561,CW1031561
CC42460,ER27056
CZ92769,AE17621
EH495025,DE131551
DE115951,DE120564
DT29550,DT43292
DW65380,DW65380
DB243224,DL221220
AN80937,CW468083
BN238912,BN238912
CW846716,CW693878
BE312432,BE312432
BE214212,AM84233
BY68404,BY166509
EH1000889,BL216701
ER37270,ER37270
CW436617,CW320762
EH316447,EH219539
EH229851,EH66563
EH1138041,CA42781
DH57404,EH235064
BY541872,BY663938
AL278949,DL161143
EH1048998,DL282747
CW886816,CW760610
AA60261,CW333895
EH640383,BE174423
BL228937,BL228937
DZ32219,CJ66702
BN473464,BN239365
BL156529,BL242130
DN74285,BL260160
DE95143,EH520795
DK28935,CJ83956
DB334166,DB203486
BL64082,DS40286
CR28659,CW1018629
DB137922,BN491007
EP77797,EL48801
EH827952,EH827952
CW247923,BB64974
BE272273,BY547215
EH861571,EH809331
EH222798,BH168107
EP77473,BE244651
EH2840,DP16620
CW268057,CW287954
CW66679,CW380282
EH992358,CJ163090
BR125242,DW30884
BL226261,BL132788
DB98767,BR75434
EH1006682,BZ5053
DR117151,DR117151
EN49078,EN49078
CW801813,CW801813
EH1159993,EH1135459
AL275102,AL20848
AW92376,EH245924
DS115629,DS115629
BN349162,AA109602
DB258664,DB102185
AM66752,BE219529
BN324068,EH522761
BY241252,BY526350
BY498202,BR81884
CW860698,CW860698
DA65883,BN184101
EH385135,EH40853
CW1044575,CW929013
EH213052,DT26807
CW940379,CW509829
CW624446,CW391490
CW568256,CW298734
CW536972,CW879595
BP38329,CW527932
CW765881,CW806594
EH398806,EH566103
DT99873,EH419118
CW826329,BL152559
CW234609,CW1159813
CW363936,CW281862
AW198259,AW198259
DY25105,CW224715
CW365700,CW339044
BE239651,CA42781
CW594016,CW539837
BN471456,BN471456
AA167572,AA135958
CW227960,CW380572
CP35006,CP35006
DZ10356,BR218797
CN36570,EH458661
CD26264,CD27952
BB54577,DZ30274
CH10592,CH10592
AS66263,AS64799
EH435084,EH435084
CW152985,CW531572
BY544864,BY729817
CC116994,AE17255
EM43474,BE112812
DT72429,DT58236
CJ80204,CJ124758
EL63321,EL65272
EB12958,EB13191
CB35206,ER31926
CW573260,CW639901
AL237825,DE288714
CN54005,BB70173
EH871497,EF160308
CW241382,BR76677
BY375637,BY375637
AG24511,CC25702
AK110778,CL31416
BL313584,BL355877
EH815527,EH496984
BN381345,BN381345
AW92376,AW125265
CW127927,CW127927
BN288037,DD70129
EP84671,BN496463
AA84269,AN98663
CW737617,CW737617
DL164595,CW1357279
CH36563,DB310424
BR129283,BR129283
BN444848,BN427902
EB38685,DE230503
DL185261,AS87974
EH495025,DE218898
CA35710,AW43008
BN298697,BN228258
BL465183,AS62439
BE308884,BE308884
BN298105,EH497724
CW109119,CW219808
CW194579,CW1073403
BW35837,AW163949
BJ36606,DB302368
BG14924,BE257735
DL119348,DD124206
CW383376,CW249458
AE30021,CG147013
CW632174,CW1075534
CW1060067,CW1060067
EH1148620,DT151334
BK42368,BK42368
BK32198,DL254883
EH1211776,EH1001691
DN147142,DL164955
DB74119,EH1235532
AW182036,DL107787
EH87040,EH205171
CC70081,DA111086
BY378249,DN74562
CW917113,CW1181800
AM76129,DB101381
BY587563,BY587563
EH1066003,EH642965
BY380986,BY380986
CW1134014,CW1350545
BL103333,BL502797
DK29919,DL160645
EH635715,EH635715
DN159425,DN159425
CP34874,EF64432
CW296756,CW253271
DR13637,EF60287
CW903403,CW479237
EH167176,EH129704
BN278561,DA35367
BY584429,BY97115
CW1079497,CW713368
CW848684,CW680038
CB26391,EP27360
CW768667,CW807969
BL176549,EH1152484
CB62786,CB62786
DM8159,DE86993
DK44931,DX71864
DB44382,DB130912
CW1073255,CW51603
EH504540,DS89531
EH600776,DD186768
CW1138000,CW1138000
DL199216,BE300276
CB74840,BN525854
CW495460,CW380714
DR25408,AK54863
BL131245,CM19649
AX76611,AX76611
EH1224954,CE42218
CT19987,AA47537
DZ14961,CA126134
BY448119,BY645168
BL314561,DE169969
EF147590,CW846716
AE16597,AA69206
BR198865,BR198865
AK110499,AK105906
EF14690,BN150744
AA119928,BR225279
BY78943,BY203162
BW43028,DL176078
EH455957,CN27277
CG165479,CG165479
DB254935,DB254935
CR26819,CR26819
EH855278,EH181659
DZ19260,CC82395
CW588954,CW592731
CW800495,CW800495
BD63161,CW224715
AA136081,EF149374
EF186635,EH1312123
EH117935,CW487941
AN196184,BL202164
CJ80204,BN358835
BY590893,BY590893
DE188219,DE73081
CW679563,CW679563
AM66752,CW602700
CA66650,CA66650
CW718279,CW450500
CW957015,CW822693
DE274205,EH780233
BL127802,EH1166671
DZ56597,DZ56597
CW974648,CW760797
CW971380,CW50586
EP85338,EH1079819
CW122249,CW390749
AL41397,EG31767
DE264255,DE264255
CW607631,CW1070675
DE285364,DB247863
BL318876,DD157397
BY417500,BY417500
AA46509,CC95636
BR221741,BY472272
DL147091,DL157752
CW952020,DA35367
AN63886,AN57808
BN409739,BN327023
BL405207,BL405207
BY572367,BY572367
CW836948,CW1193161
DW66589,EH342552
EH233499,EH233499
AN124101,AN124101
EH320614,EH320614
CW406626,CW1073403
BN13505,BN545021
BY355944,BY490162
BE129573,BE208676
AN39533,CW411929
BL208403,BL208403
BY239359,BY239359
CW1147049,CW349262
CW926443,CW150094
CW357548,CW272187
EH213587,EF45481
AN138418,EF205869
CJ160210,CJ160210
AL20848,AL20848
CJ142413,CJ142413
CW265804,CW670889
DL99346,DL69146
BL171232,DE92770
CW878578,AK132458
AL66454,AL20709
DB67394,CW140993
CJ18356,CJ18356
CW686133,CW1254480
DT131303,DT85462
DB200957,DB329699
CZ12780,BL180548
BE361781,BB88949
BY275561,BE260395
BY383163,CA50488
AS58001,CB93093
CW391976,CW675208
CW521576,CW86063
CG95892,DB173080
CW710812,CW511403
DB201045,EP77797
EH443908,DA118426
AW159412,AW159412
DS89277,DS89277
CW507696,CW328016
DR101303,DR101303
DE254793,DE229246
CW161422,CW164601
DL53498,DP17797
EH221161,EH423288
EG41205,CG47281
BE31235,BE159254
DE286502,DE286502
CM44655,CM44655
EJ26003,EJ26003
CW700800,CW450500
CC103545,CC103545
BP46004,EP26062
AE24101,EL93736
BY436493,BY612876
EF153583,EF47292
CW1101394,CW807969
AL36758,AL118164
CW293435,BN358757
EH748804,EH194362
EH614606,AS62439
AL278949,BM61547
BE163033,CJ175751
BE150227,BE175291
EM38230,EM56718
DL121382,AL72550
CW893134,CW306197
CW692727,CW899235
BH61955,BH118293
BB99342,EB73332
DE204032,EH599523
EF134372,CC159583
BL111568,BL59134
CW409551,CW1073403
CJ118606,BL148754
BL36864,BL36864
AM51813,CW323267
CW883009,BL105237
EH858751,EH858751
EH638712,EH565147
CG91225,EF189186
AL32880,BA9989
CW416158,CW297159
BN409739,DZ40969
EH624769,EH451174
AN137576,DA111086
DL161436,BL233408
EH689161,AA158488
AN63886,DE180477
CW1099789,CW316607
BD75660,BD75660
CW692080,EF204621
BR125480,BR104026
CN58726,CN58726
BZ46489,BZ46489
DB243887,DB207202
BP57819,BP57819
EH470445,EH233917
CW378693,EH473778
BN280553,AA87382
EH495025,EH455396
EH306205,EH836303
BY288669,BY253329
CW509371,CW638169
CG3771,CG131214
EH745987,EH798467
AL189583,AW156990
AA90708,AA90708
CG172272,CG172272
EH678904,EH515404
EH921156,EH921156
CW675891,CW592873
BY634914,BY634914
BR43328,DE155728
BC43679,EH472871
CW759654,EH671687
EH200658,EH309644
EH1006682,EH339138
EH564863,BN255855
CW640041,CW530024
CG174535,DD49065
EH979375,DS90737
CW1278000,CW1208783
BE220779,BE220779
CW216003,CW216003
EH866253,EH585306
DK31805,DK31805
BY282093,EH343641
BY661951,BY47371
DZ78160,AL173589
EH787477,DL199697
EH433045,EH433045
CP38120,CP38120
CE22283,BL326345
BY447001,BY391794
AA166333,AA166333
BJ35029,CW851047
BY541831,BY541831
BY756594,BN346173
CW893134,CW632661
EH318389,EH313386
BN387823,BN377923
BE243606,BE243606
CW6148,CW53636
BR182676,EH905921
CW242961,CW242961
CW748957,AN132266
EP77473,BR163236
BL340712,BL340712
CW725861,CW725861
EH941807,EH918646
DJ7937,DJ7937
EM53296,EM39678
EH753526,EF69218
EH1076274,EH1076274
AL90475,CW453847
EL49533,BN389657
DE274205,DE269401
EH260191,CW251736
DL223003,EH839524
CW749295,CW554611
BH171852,CW796355
CN64347,BL290404
CC96098,BE219928
BN319722,DT38044
DA87354,AW131781
BY238356,BY314206
CA96563,BD106415
CW973445,CW1152046
DZ65094,CA126134
AS59267,AS74083
BE298891,BE298891
DS80344,DS100219
BL318876,BL351624
EH541769,EH164982
EH1148620,EL82912
BH171852,BH117188
EH929979,EH929979
EH506488,EH420549
AL319823,DS71477
EH189952,CW824141
AM91138,EH856129
CW242741,CW242741
EH970257,EH970257
CW864401,CW864401
DJ13303,DJ13303
BE355597,BY362114
AS16620,AS16620
EH914756,EH560280
BP34837,AP8782
BA11752,CP38120
CT13982,DE239045
EH342228,EH342228
BG14924,CG66476
DY33239,BL166957
CW404131,CW515155
BP30157,EN39245
DE134331,DE62670
CW419469,CW823835
EH707205,EH707205
CW500265,CW487941
CY14856,AL129674
CA66987,EH233961
EH59862,EH110890
EH535420,EH442330
AL255683,BZ36519
AW157816,BD6237
CW1118511,CW852414
CW1210648,AS51361
BY413488,AN155672
CC123421,BR184986
EM95566,DX19605
BE351892,CZ92923
CW325005,CW204004
CW796966,CW1044383
AL221142,DH36649
EH806977,EH402293
CW351966,CW1372497
CW695560,CW581529
CW905926,CW475302
CW257241,CW410782
CW678964,CW773840
AW202525,AW202525
BN175631,BN540673
AL237825,CW1329056
CW1143489,CW1343698
BL296847,EH478013
BL403295,CM52645
BK37773,CA82762
EF4009,EF4009
CL55648,CL55648
EH793468,BL460673
BB54577,EH823960
BR170507,BR170507
BB3727,AP40664
CN35505,CN26629
CD10854,AH15541
DW58948,EM104506
DB258664,DB160403
DT66766,DT66766
CW768739,CW617562
DB256906,AL233116
CW969137,CW468699
CW395358,CW395358
CW986861,CW788482
CA109839,CA109839
CW1154526,CJ149016
DB263621,DB263621
DE194002,DB99089
CG67924,CG176755
CW543117,CC78713
BL412043,BL73291
BY493135,AK92570
BL300997,BL257589
AS23312,EM99067
EH1201627,BY674691
CW898890,CW864325
BE245614,AB13928
DL135542,DL35501
EH844960,EH778184
BE26987,BE90377
AL132675,AM78765
CW381932,CW381932
DL184871,EP30087
CA91688,CA91688
CW567287,CW556259
AL128314,AL128314
EH1312920,EH1312920
EM51100,EM51100
AM19860,DB302598
DT29550,BD112806
EH627149,EH697544
AA14678,AA93921
EH971658,EH971658
AN90698,CL58112
AX72059,AW166329
AJ24449,DL85889
DA46517,DH24301
AL32947,AL195750
CE22670,CE22670
CW118357,CW269593
EH600776,AK163581
CB64038,BC12412
BL81474,BL81474
AK97282,AM88686
DS102387,BL279675
AL51742,CW78698
BY608431,BY377296
BL495097,BL495097
EH909373,EH909373
BY423316,BY155671
BE374044,BE374044
BW37017,BW37017
BL429504,BL429504
BR97251,EF120086
EH826916,EH557486
DD9166,DD11813
DB266892,BL342612
EH867224,EH1136422
BY560616,BY544726
EH419063,AM85451
BL217345,CW380521
EH753526,AA162407
EA35184,EH642410
AA124519,CM52645
AA146169,AW131781
EH589914,EH816209
BY528269,BY457788
CW1035827,CW982014
AL70649,AL70649
BE166506,CW877374
DT126155,BY525713
AW84307,BA17543
BL314561,DE129948
DE260008,DE260008
AN181904,AN181904
CW39884,CW39884
AP15106,AP75040
CB26912,DW10925
AL318060,DB261554
AL344608,DA42039
EM104516,EH233961
EH771382,EH771382
CW1051190,CW1051190
CL38926,EH330117
DD143931,BN440534
EH994868,EH955043
BY555448,BY278437
BS15780,DD46109
BN311862,DL124411
CW890098,EH422695
DL129280,DN41692
ED47082,AB29858
DJ13332,DJ13332
EH96857,EH96857
DN93603,DN93603
AK91857,AK89958
CG34019,DD56695
BY443536,BY79490
BN354347,BN260160
BN343632,BL322117
DB85860,DB158546
BN329571,BN329571
EH995208,EH995208
AT13382,EH233961
CY19833,BH164221
EH441918,CG28503
CW808502,CW808502
BY339333,BY449318
EH359007,EH348783
CG62334,BN358757
BE266490,BE263858
DD29047,DD29047
EH1039260,EH1109734
CW865662,CW381067
AW206449,AW113866
BL127802,EH840811
BE193684,DB156260
DS82648,CW732623
ES25626,ES25626
EH391253,EH510447
AP67200,CY16389
EH488337,EH488337
BJ11304,BJ31468
AX72059,DL223701
AN127481,CW612183
CC120622,AW183431
BE398520,BE398520
AL241742,AL241742
EH682580,EH682580
BE190257,CL21994
BN127269,BN169769
EH575902,EH584495
DL142534,BY90141
EH626999,EH626999
EP67595,EP67595
BE101114,BE66432
CW10149,BL84914
CW595497,CW463585
DS104847,DX51401
CM11373,BN189625
EH257023,EH162789
CW913880,CW913880
CW241241,CW108902
EN46398,BW48570
CW655239,CW602202
EH707883,CW265544
EH465177,EH305177
EA35184,BL315353
CW867868,CW390329
CW872891,CW295139
CW554828,CW691950
DZ74595,DZ74595
CW357548,CW297944
CN47460,CN47460
BY337834,BY335141
EH1048672,EH1055083
CS13245,DR66000
EH286127,BH68521
CW865662,CW1257508
EH1129779,EH1312123
CW363820,AK64845
EH811648,CJ78156
CW931171,CW789525
EF204317,AA169583
BD45698,EG41079
EF204317,CN51790
EH770664,EH770664
CW315951,CW808808
BD132552,AL126524
BY410425,AN69766
EH419234,AN221629
CW484833,CW381167
BL293854,BN308678
AE32311,AE32311
DA98283,AP80469
CW881191,CW1176506
CZ104892,CN30877
EH1138041,EH677278
AL170754,AL170754
EA38191,BL351270
AG50835,CW1021110
DA95090,DA95090
BL472478,CA58243
CW142311,CW339850
DB78682,DB90458
AA60261,BY619081
CJ171312,CJ171312
CL31116,EH657375
BM46134,CJ138311
DA49103,EH209810
EM64251,AM69243
EH1017863,CW862652
CW615538,CW959820
BL252581,EF120086
EH253676,EH197723
DR3968,DR52605
DB247081,DB69304
BL217511,AA103692
DR13637,BL116683
EK9009,EK6298
BJ18961,DA10217
DE232799,DE232799
EH160592,EH160592
EB6853,EB6853
CW1184243,CW135674
CN52523,BL202260
EH838114,EH568495
CW662365,CW662365
BR141845,EH454324
BH92545,CG2857
CW58988,CW398539
CC59391,CC85087
CL23410,BY155671
EH225929,EH180326
DL185261,DL96397
AL70412,AL25335
CC90465,BL393859
DB140810,AG35227
DS98391,BP49647
AN138734,CW526394
BE281970,AL306724
AF14323,DB34496
AA84269,CC71527
CW617186,CW701068
EH179763,EF56403
CW493167,CM29334
DL205437,DA84128
EH884343,EH652263
DY14316,DY14316
EH223518,EH304960
CW1365817,CW959507
CW129278,CW36948
CT17872,AX61310
EH326584,EH510447
BR167960,BR167960
AX79419,CW887481
CG137528,AE29116
DB293633,BL518179
EH961360,EH662502
CZ68884,AA150180
BC39621,BE101251
BL395295,BL447913
CJ21187,CJ21187
BL160600,BL182234
CB70019,CB70019
EH1046640,DW34571
BY521083,BY588302
DD36341,CW260151
EH246448,BL250794
EM87465,DX48391
CW1240746,CM40530
EH1081541,BY86668
DE187478,AX37060
BL140443,CA84307
EH179770,EH249917
BL283946,DB164920
BE308050,BE208709
DL154880,DL179289
CW1018236,CW342607
EH507515,DH32859
EH352213,EH285464
EM133362,EM133362
DE292238,BJ44548
AK20736,BL57359
DZ62354,CW471563
BE154130,BE154130
AK141045,DW64150
CW1105280,EF200326
CW421552,CW679232
BN552575,BN386538
DR73237,EH778184
BR145823,BL322117
BD129013,EH861611
BL325757,BL182975
BH141915,BM43262
CW376835,CW193171
ED35605,BE219529
EH748990,AL312866
EH752439,DL199010
AA96092,AK40151
BN452330,BN266177
EH1217176,EH428455
BN438743,BN438743
AL51742,EH281862
AM79210,EL61499
CG146937,BN194821
CW1020874,AS73674
EH704163,BR218797
CW698800,CW732623
CW795423,CW795423
DN114449,DN163133
CG102096,CL42086
CW167523,CW662268
DB135532,DB135532
CW698800,CW1329056
EJ6362,CP24437
AN144584,AN144584
AX35641,DS83313
AM85552,EH923798
CW1184634,CW416158
EH973276,AS62439
EF111594,DS39544
CW703249,EH1137510
DE292465,DE292465
BE422454,BY668148
CW502114,CW338090
EH813186,EL80827
CW508134,BP52837
BL477637,AA172119
EH1205191,EH1205191
CW679232,EH717617
CW636159,DZ20934
CW1268371,CW78698
DX57751,DX57751
CW517329,CW511403
BP22576,EH646623
EH421405,EH834120
CW919775,CW975531
EH1138041,CS25808
DE98175,DE183895
AW25953,AW25953
CK15753,CW1201552
EH1188315,CC94479
CW318096,BM58816
BY598432,BY405467
CW313113,CW111116
BR57912,BR57912
BL301461,BL301461
BB91744,BB91744
DZ39374,DX14528
DZ62122,EM106725
EH892419,EH1129255
AN138418,AF25671
AS85760,BE152610
BN361632,BR81884
DX12630,DX36009
BN291779,ER31511
EH152233,EH996018
BY559697,DE198193
CG111744,CG202801
DM8667,DR47190
CW541438,CW1232951
AF14323,AL169111
BD142576,BD142576
CN41547,AS32742
CA61374,BH19911
EH832979,EH684326
CW241241,CW241241
CW777503,CW657451
EF145268,AA169583
AW154321,AW154321
EH983760,BN519840
BL128617,EH235034
EH1022703,EH1022703
BL339859,BL393821
DD188242,AS73674
BB54237,EH419118
DL234617,BX18405
CS13195,EM113815
CW581178,CW1220151
CW703825,CW568595
AA111927,AA48568
CW601297,CW131106
CW222001,CW1036729
DL238574,DL232851
CW539401,CW1006848
CW109119,CW711685
BN446915,BN446915
EH294190,EH688954
CW1142299,CW906610
EF181198,EF181198
CW495460,CW387493
AS12249,CM41124
AM27713,AM27713
EM96356,EM96356
CW1157217,BH184479
BR104828,BR121621
CG115424,CN87837
DD193891,EJ26420
EH882281,EH882281
BL166601,EH431108
CW787796,CW787796
BN380000,BN520431
CZ80387,CZ80387
BL329604,DD159323
BH88719,EP45365
EL61663,EL61663
EM51100,EM39678
CG98468,DL193139
DH57404,CM43490
DW61443,BL404663
EH1130258,EH916670
EH845716,EG50065
AL275102,DA42039
AL246264,EH301024
BL422006,BL422006
CW938930,BP54062
CW558104,CW320944
DP38284,AL80148
BY410013,BY390276
DB50864,DB48178
DR117151,CN79718
EH857910,CW453847
EF107399,EF107399
AS41126,AS5255
BJ33683,BJ33683
EH892419,EH914493
CW893573,BE304777
BY446382,BY446382
CW912825,CW942199
BW30789,BW65122
EH421405,EH1161355
CW426989,CW496318
CG162653,CG42912
BL478901,BL478901
CP31587,BP40920
EH385417,EH405290
DL239695,DL239695
CW864320,CW1076847
AW153016,EH521631
EH389168,EH97265
AA124519,DL124411
AN63886,CW712288
BN405205,BN459680
AK141045,BB103529
DE76598,EM115910
CW1012233,CW1034727
DB289197,DB289197
EH549536,EG36627
BM65462,AM92708
CW1003810,EL78297
EH972292,EH952205
EH639650,EH442330
DL243230,BY377296
CZ43156,CZ43156
CW613612,CW1170634
EH504488,DE212670
CW221700,CW220983
DW29105,DT82803
EH639650,AX29272
EH194386,ER24231
BE235220,AE34370
EH639623,CZ57732
DB96636,DB209800
BN315392,BN315121
CW697209,CW434876
BE433032,BE282467
EB26687,BY430794
CW502864,CW531527
EH860017,AN55352
DB78682,DB46440
EH614085,EH568495
DD136187,BE269235
CW536728,CW540196
BE181320,BE59745
DE294044,BL278537
DX3437,DX21707
BR84411,EL30362
BE329908,DE147345
BY469121,AP68630
BY497800,BY449228
BN117802,BN114451
BY720780,BY720780
DL147856,DL147856
CW977987,EF134195
BY78943,EH780233
DA118678,AX65261
CZ39870,DT81309
BD38212,EC8381
EF204317,EF104966
CW495460,CW929984
CW313545,CW600095
DL108482,DG34811
CW365700,CW103741
BE17998,BE74640
EH830030,BY220157
ES14361,BN234657
BY538751,BY538751
BZ6045,DC13469
CW146667,DC17493
EH784578,EH650779
DT76496,BZ36519
AA115256,BD79009
BL159322,CS20962
EH847720,EH847720
CW770341,CW770341
BL76382,BL76382
AL240720,AL173589
EH894889,DT142655
CW216484,BY219975
DE177691,DE49425
ER22666,CC50314
EH1062156,EH488092
EH563954,EH604602
AS83229,AS83229
AE6440,AE9743
EP79841,BE206995
EF209458,AA165493
EA13482,CW387933
DZ65094,AL361026
CW679232,CW629209
EH1198617,EH895329
AP11740,AM88865
DW41023,DW41023
BY663288,BY617633
AN142073,AN142073
BJ21878,CT8493
CG183219,CE61360
BR162499,BR234621
CW513997,CW439605
CW561924,CW337298
AF14323,CC78989
CW1152470,CW875051
EH489266,CW380714
EH515748,EA50238
DE111410,DL69146
CJ133622,CJ133622
CW184648,CW218122
BL269648,BL269648
EH314112,BE260395
CW1117260,CW789525
CW875595,EH643039
CW1099775,AA169583
EP99320,AA119825
DA57822,AW83415
CW309726,CW309726
BY635618,BY635618
CJ162202,CJ162202
BN319764,CG83538
CW424466,CW410782
BL504703,BL504703
AG36688,AG36688
DD192952,CW214433
AL210895,AL210895
DE223264,DE223264
AN146065,EH774569
BE116148,DD66380
CW692727,EH455396
AN117936,CW874605
EH1048493,EH97265
BE134345,BL183734
AM107743,AA155581
BL252581,BL119194
BN456800,BN456800
DL75967,DL58478
DL177947,EF78748
BN186920,BN133225
CW972453,CW685075
AL112691,CA50534
EH213052,EH1235532
CW85618,CW865035
CS27549,BH119024
CW528552,CW391819
CJ165257,BL266141
DB59260,AA47944
CW348162,CW481071
CZ107629,DB252306
BL71292,DC20046
CW596989,EH650101
CL23948,CC85882
AA188491,DL220655
CT51824,CT52317
CW1291609,CW1291609
EH1050375,CE55136
AN184633,BJ47875
AL301090,AL117024
BR212602,DX61274
CW782563,AN117936
AL221142,CJ143965
CC90061,BN194821
EH221161,EH575333
BL450963,BL118045
AA94295,AA69206
CW151254,CW111264
DL151000,DD105207
CW806772,CW497822
AL180293,AL180293
CW1018706,CW806259
CW749946,CW1038205
CW150706,CW475516
CW799387,BN308262
CG129762,CG50682
DR21903,DR19924
CW679851,CW1070964
BZ66561,BZ66561
EH1028545,AW199404
CW102115,CW282647
BN163220,BN435129
CW873643,CW873643
EF134195,DD170771
EH694655,BL213273
CW247713,CW829522
BE113426,DN75806
CH37702,BL315353
BN423900,BN423900
EB72095,EB72095
CW217585,BN74644
EH1206025,EH1206025
EH998654,DL180540
DZ14961,AL361026
BN260953,BN255855
CW964158,CW182216
DB159765,DB194670
BD105993,CG100440
BN44142,BN87436
BL340293,DE230374
BH104406,BY230247
BE217377,BE217377
BY371801,DP35656
BR188682,CA104558
EH983760,EH175265
BY577544,BY457788
CW840899,CW840899
EN22354,EH83178
AA188491,DB315581
CZ42844,CZ42844
CW235461,CW79677
AK58551,AK107112
DL156477,DL144405
CW1125609,CW445600
AW78188,AW122630
EP64842,EP64842
AD31033,AD31033
EH831410,EH800762
CL23948,AA71863
CW927507,CW927507
ED48831,ED48831
EH221161,BL182975
AF23935,AF23935
BY577544,BY287688
BG34078,BN312146
EH98759,EH1110430
BN406920,EP76838
CM37600,EH1024217
DL237080,DD163356
EH1133388,EH1133388
EA41708,EA41708
EP72051,EP72051
CW671312,CW671312
EH510447,EH313386
CW1204421,CM52862
CW318096,CW333895
EH925353,EH1131374
CW716394,CW120696
DB262799,DB291017
DD66533,BL166957
CN71385,EF199977
BD97075,BY314085
BN409739,CJ65482
DP37847,DP37847
DE227004,DE227004
EH966034,EH1129255
BE293602,BE328487
CB54900,CB54900
CW222001,CZ101951
BN195572,BN195572
EA31940,BH103957
DK31805,BZ36519
EH967232,EH967232
CW1278000,CW905158
BH112919,BH119024
CW518269,CW298951
BY662652,BY662652
EH1248644,EH1282250
DN68891,DN68891
BY418590,BY279659
DL251423,DL251423
DB98767,DB52460
CW718279,CW377231
BP61231,BP61231
CW617186,CW771104
DN136247,DN136247
BY558130,BY398265
CW1037689,CW1175739
CW579960,CG139342
DL162842,BY321837
AS85760,AS42038
EH802592,EH802592
CW478624,CW1012847
BE281970,BL342612
EM46832,EH342552
BR212602,BW53806
BL373610,BL356979
BP37360,DB34496
EH208050,EH208050
BE207705,AK132746
AD28923,AD28923
CW35436,CW39134
EN37057,AN12693
AW182036,CA29237
CW838820,CW838820
AK125090,AK125090
CB54900,BA10616
EH564625,EL31731
CN72531,CN72531
BN441596,BN433659
CW736548,CW208798
EA35409,DS87943
DN148549,BY719203
CW597799,CW394346
EH716083,EH592817
CW790030,CW1272912
BP37654,BH157768
DE300585,DE300585
CN90513,CN90513
EH236319,AX71285
CW1157606,CW1185484
EH939343,EH560415
CW973765,CW973765
CW996882,CW1127590
DH54636,AL220271
BH139804,BH139804
EF111594,BC30516
AS24628,AW78998
AX55813,CW748539
EH878045,EH766967
BL258096,BH91491
CW997238,CW1253447
DY39772,DY39772
CW597799,CW497028
EB72152,EB72152
BY265839,BY222155
BL11158,CE8280
CW1279632,CW620840
BY512052,BD18116
BD97075,DZ55629
BR141712,BR141712
EH600695,CJ204721
BE384031,BE409766
EJ13474,EK10453
CW872039,CW1018629
BR82335,AW125265
BE246265,BE27028
EH306205,EH128025
EG48868,BL73291
DL250090,DB99089
EH492254,EH492254
DB165821,DB165821
DZ78160,ED51293
CL16893,BY352219
CW781711,CW854936
AL215435,CN29878
AN77823,AY21270
CW781289,CW781289
BE355242,CW1170634
CW110711,CW585352
BN522906,BN307936
DN100789,DN100789
DL144417,DL144417
BY670091,BY670091
EH1045729,EH304960
AL51742,EL48301
AL181822,AL214756
EH177187,EH110194
BE27497,BE27497
DE99913,DE155728
EH810121,DD170771
DB218743,DB89811
BY456666,AA102710
EH1249363,EH496984
CW1184634,CW602026
DD88940,DD88940
EF183223,CW933793
BB90582,BL345228
BN214157,BN214157
BY621733,BY621733
ER37023,ER37023
CW1173843,CW1175739
CW210693,CW116887
BE18581,AK120463
DL231404,DL205783
EH222361,EH52891
BH52952,BH52952
DS109380,DA110780
CA24571,EH302579
CW875846,CW1199132
CW815455,CW815455
CW804119,CW1254798
EH561346,EH812842
BN471795,AS23688
CR20811,CW1099568
ED32228,AN114371
DN128596,DK40823
AL91253,AL91253
AL117324,AL117324
EL53303,EL53303
CW911932,CW310599
AP16205,AP16831
DC26132,DC26132
BL521995,BL421868
EH490290,EH1109327
CW1035122,EF172273
CW493398,CW801013
DN159827,DN159827
BZ11849,BZ11849
BL395295,BJ40210
EG40882,EG40882
CW450284,CW464254
BL299553,BL299553
EH561680,CE55136
EH321861,BY446541
BE266851,AL135843
BN344937,BN283434
CW72471,CW424233
CW1024308,CW295048
BY376366,BY255029
CW629462,DT95445
EH921109,EH245924
AL147193,BC67774
AL214682,BN60196
CW1330358,CW1225875
CG113196,CG113196
DD196720,CJ147610
CJ130668,CJ130668
CW1020922,CW657451
CW689118,CW432468
EH59161,EH334255
CW983714,DT12396
CW268057,BP17059
BH178265,BH178265
AL208077,BB103529
BH171852,BR106680
CW954715,BN403749
CW726288,EJ23951
CZ100510,EH59161
EH26776,EH124439
EH185791,EH1294069
BY613234,BY294862
CW1070675,AX80722
AL14658,AL304545
BE195441,AK66169
DB18804,DB18804
DE274205,BB103529
DZ65094,CM43490
CW439955,CW218122
CW750466,CW672080
DN129793,BJ47875
CS28702,CS28702
CW237097,CW307063
BH129005,EL25129
CW161883,CW158805
CW376435,CW493543
BL288789,BL180548
EH255628,EH287400
CW1144618,CW1352867
BN274044,BN144258
EH708998,EF64432
DS102387,DS122654
CS28683,CS28683
EH352213,EH324875
CW1152470,CW1173415
DM32297,DM32297
BE166506,BE456245
CW645610,CW345585
DT35208,AA121623
EH537210,DN84755
AN124298,CN30877
CJ102695,CJ102695
CW418699,DE133104
CC58693,BW56163
EH1035408,EK11887
BM58844,BM58844
AA173822,AA173822
EA48804,EH1130601
CW806469,CW806469
ED6827,EA20053
BY423182,BY434604
CW581030,CW1332787
AP69088,CC159583
EH1023657,EH1023657
CW948873,CA61284
DZ63588,DZ63588
EF159127,EF159127
BL60448,AK168451
CW649407,CW284433
EF163917,DB302368
CW122613,CW117785
DD11713,DD13212
CW627453,BL275011
CW543117,BN307410
DD132085,DD132085
BE276301,BE276301
EL56427,EM73739
EH489266,BR128365
EH223518,EH223518
BL151164,BN78478
CW42309,CW126023
BL241341,EH255666
EH564625,BW51607
CY16112,AA69206
ER22201,DB61235
CW455959,AN2389
CW967897,CW967897
BN163220,BN153615
CC120548,EG50858
CW1035390,CW1025938
BR9978,BW58848
EH863562,EH863562
CJ21942,AA103165
CW893573,AL255328
DB261275,DB82652
BE247759,BE247759
EH729540,EH729540
BN475191,BN180897
CW1134570,CW990080
AT19007,AL290555
EH213587,AL361026
EH686255,BY550437
AL152757,BE107303
CW164601,CW164601
CW1140326,CW1173415
CW232661,CW920043
CL64704,CA98372
AL51742,BL182975
AS24155,BJ36402
EM71250,BL242130
CW518470,DD53966
BB96448,BB29226
DL96680,CH49988
CC71533,BL221900
EH343295,EH267585
BP14868,BP50234
BN350833,EH110194
BR129967,BR129967
BB57377,BR128365
CW238870,CW300901
EH860266,BL409388
CW1170601,CW277849
DS102387,BR97372
CW127927,CW1273018
BB78203,BE120788
BR220213,AA71863
CJ146016,DD105184
BP58302,CW602700
BP62854,BE138198
BE271852,BE255083
EF107210,AX29272
EH992256,DR73281
CG52417,BJ3106
CG95834,CG95834
EH594430,DT81309
BY175107,EM33718
EH1166671,EH840811
DE187478,DE164778
EH694655,DN53691
BY529949,BH91491
EG41205,AL89541
CW710829,DL240560
EH957431,EH380810
AA178645,AA154150
CG156159,CG156159
EH830717,EH830717
CW971902,CW919015
BY654732,EH1072918
DR9963,DR35512
CW1034966,CW464885
CW1062547,CW1062547
AS12249,CL12948
DZ43230,DZ76956
DB111753,DH32859
DH52268,AW183431
AL175969,AL267060
CW158504,AM9175
BE330949,BE137295
DR108021,EH650779
DB298240,DB258955
EM29763,EM29763
DE121983,BL161844
BD107176,CZ70785
AW144176,AW157040
DS78392,AK88159
CN58693,CC95098
CW1143489,BL409388
CW133090,CW442916
CW715853,EL48801
EF131051,EF131051
CB35206,CB41825
BH150502,DL152101
DL257870,EH917970
AL145336,BR143883
CW1133902,BL457908
DR101427,DR101427
EH1069624,BD154874
EH980672,EH682317
AH13006,AH13006
BN273478,AA109154
CW411152,CW900175
BY624691,EH990103
DL230239,DL258725
CW117342,CW90635
CW1201552,CW1201552
EG48868,EG48868
EA35184,BH119024
DZ67441,CA113970
BN102803,BN303984
CW694405,CW469837
BW54596,BW54596
CW823188,CW714074
CW363820,CW427616
BY265178,BY233341
BN463069,BN463069
EH1189146,EH856220
EH490290,EH389927
EH889984,DL284780
DB137922,BR97372
CS27678,BH139635
BB37553,DA120102
CW639067,CW710335
EH1022016,EH1022016
DN125631,DN125631
EH134705,EB45789
AL277748,AL335704
DN112545,DN112545
AM89332,AM84517
CW610619,CM29334
DN11180,EH1060898
EH835753,EH603263
BN260953,BN260953
CA29392,DB114457
CW715853,CW996353
CW721351,CW394846
BR136058,EF126293
EH105759,EH457974
CZ54100,EC4388
AA190244,CW1146157
BN165038,AS53009
EL55049,CC62272
EM54505,EM98732
BY411088,BY411088
AN151003,AN193125
CW829522,CW669150
CW441751,BN238907
EF17082,CC18743
CW1160298,CW1207345
DB266892,ER36927
EH630724,EH322447
CZ6445,AL83985
CW1123428,CW1123428
CW712414,CW485190
EF3924,EF3924
DL241511,BW53806
AW95173,DR80528
CW141069,CW822375
DA36999,BH83426
DB288538,DB288538
CM72592,CM72592
BY371801,AD17676
CW983714,CW244519
EH671841,EH1161385
EH616161,EH497724
BL223727,BL223727
AL6709,CW693424
BE253831,BE269235
EH1045729,AM88686
AL145336,AL179570
DN108437,DP36368
EH130299,EH240540
CW885447,CW885447
AN180459,AN180429
EH238104,EH802835
DE306036,DE306036
DB246081,DB283886
EH1229464,EH1229464
CC150320,DZ49657
BP26555,ER24231
EH1006885,EH1006885
CW1024308,CW1324975
BD121004,BD121004
CW568256,CW472474
AL170112,BL149789
CZ85718,CZ85718
ER39045,ER39045
AA107317,EM56718
BN357196,EH486300
CG148827,CG148827
CW430625,CW319968
AN191699,AN184247
CM48580,CM70603
DB115427,DB120081
DS112593,DS89567
CW613612,CW1263274
EH1193120,EH810778
EH465397,EH465397
BL286482,AE18743
EH205528,BL228388
AK141045,AK128553
CR22045,CE27421
BW43407,BW43407
BY77464,BD37855
CW1221414,CW1345755
CR22045,BH132340
CW684196,CW851572
BL484560,BL484560
BE431494,BE276613
CW1062071,CW1062071
AK100251,AK132191
CW281862,CW281862
BM56280,DE238400
DE315072,DE332884
CG42944,CW647529
BN193490,BR176301
CC87264,CC87264
DN132390,DN132390
DK30529,DK30529
CW849860,CW533290
EH534711,EH309644
BW35837,BH177176
CN49647,CN62636
EH691611,DE233885
AD8977,BY262299
CW418699,CW123389
AN114435,CZ58099
CW403359,EH661631
BN309805,BN255303
EH768842,EH664349
CW654240,CW278254
EH285265,EF205347
DE307228,DE307228
EH713533,BY287688
DY33239,DB310424
EH682580,EH511472
ES8589,BN185795
DP35138,CJ207780
AL207969,EH1161355
CJ168772,CJ168772
EH246448,DT81309
DB137922,EF120086
AL297831,BR128365
EH1216763,AN125686
CH22390,AS87974
CW477332,CW79495
EN64988,CG144046
EH816468,CE51226
BE296650,BE305214
CW655785,CW627942
CZ96220,CZ96220
EH191139,EH440311
BN354988,EH272605
CW122613,CW713368
BR215351,DZ66007
CW417011,CW271528
EH702591,EH646623
CW550321,CW251176
EH379741,EH379741
CW1145433,CW1204073
BH131200,BH116312
CW327867,CW338090
CT59613,AL300350
EH1062156,EH321357
AL283847,EH1054911
CW72471,CW557245
EH553987,EH621518
AL145483,AL145483
CW993501,BL287786
EH421842,EH659569
CW1070675,CW1070675
BL321783,CJ128494
CW1278000,AA166333
CW676941,AN132127
EF178170,AN73382
CN35279,CN35279
CW698800,CW1199132
EH163241,EH1285537
BJ7645,BL214170
EH966035,EH224741
DB142860,CL34430
EH1057413,EH1131242
AF14323,AF13274
DR148078,DR148078
EP64692,CW452437
EH489266,BL154027
CW1044906,CW684376
CW875846,CW602700
CC104033,CC143187
EH875791,CW1368162
AN117936,CW1088566
AK17260,AK17260
BY192919,BY142257
CW990457,CW673567
ES12342,AL311924
CW173974,CW173974
AW128972,CH3455
EG29410,CT28649
BB101946,BB80287
BY645737,CH29223
EH1183291,AG56103
BC39621,DN94472
CW1280474,CW1252535
BZ24094,BZ24094
EH831579,EH831579
BL190863,BL139217
AA189921,AA189921
BH118282,EH558216
DB137922,AN85765
EH494662,EH248915
EH856282,EH856282
CW643243,CW643243
EH167176,EH561982
AB27374,BG33369
AL136861,BC35972
CW975643,CW523104
DT120442,DT120442
CW11877,CW66964
EH1064128,EH455198
AA116646,AL150442
BH49160,BH49160
EH616723,EH496373
BL193507,BL212102
AL92959,EF40558
EM62600,EM62600
BE15903,AL168881
CC39137,BR233217
AA107317,CS25808
CW536728,CW515509
EM64251,EL59291
CJ189774,CJ189774
BD124063,EJ14928
ER41803,ER41803
CM26376,BR173650
CW1159022,CW769605
BL386019,CS22553
DE237165,DE139900
EL76592,AR14786
AM88933,CW742845
DB206958,DB196954
DB207202,DB207202
EH836246,EH486300
EH681585,EH380810
BP22576,BL378969
BN275683,AX29272
AL285744,BW50305
BN72108,BN27120
BL128592,BL59134
DE207257,BL330505
DB113932,DB97415
BR78385,EH512503
CW486791,CW563472
AM101551,AM88686
BE229506,BE229506
ES14361,AP35297
BE276301,DA8929
BY165432,BY165432
EH989688,EH989688
DT139488,BL351791
CW485778,AK87990
ED44643,ED44643
EH995975,EH995975
CW826329,CW260208
BY495669,BY622161
EC22683,EH659569
EH878143,ED39945
CG142366,CG147013
CJ148169,BM5630
DA118678,BP60081
CP31889,CP31889
CW1199795,CW1264377
CT50192,BH51331
EH87825,CC114229
CW404131,CW579985
ED47082,CW1174042
BY442127,BH128302
CW1136775,CW887956
CW1208313,CW1208313
CW944689,AA127875
EH708998,EH1082915
BP62854,BL203658
DT87452,DT29864
AN96719,AN96719
EB61588,CW227960
EH605416,DL69146
EH860481,EH860481
AL147240,AL147240
BN159361,BN238297
BP17041,CM10367
DB75458,DB75458
CW81598,CW154717
DB221157,DB221157
BY288669,BY87145
BY456666,BW45752
EH596565,EH204661
EH442077,EH1153648
DD138461,DD141345
EH462104,AA46305
BP11014,BP11014
DN114786,BR128326
BY242968,BY16488
CW21050,CW15145
DB303725,DB205696
CW584186,CW1191098
EH213052,CW1025693
CJ44810,CJ83612
EH944828,EH677278
EH636114,DE115161
ER37826,ER37826
CW532846,CW468699
DH48810,DH48810
DB257390,DB257390
CW55589,CW399763
AL254970,DT155471
BN341520,BN544601
DD168454,DD168454
BN197681,CW1026960
CW148319,CW477095
CW774478,CW886013
DA101642,BL241067
BL241341,BN191414
CP33279,CL6448
CW879027,CW1368162
BY591573,BY554082
DB305844,EL52534
BR192860,BR192860
CW376435,CW891936
EH405519,EH349030
CW158598,CW468699
EP69790,BL272172
EH703938,EH555815
AM83585,AM83585
EH966398,EH1019384
BY371077,BY380986
DX42662,CC49072
EH1214485,EH1119284
BW52107,BW52107
BL317617,BL317617
BE271852,DY33049
DB265836,BP60081
DB299042,DB244603
EH431338,BL326485
CG72782,BW57720
BL492441,CA137609
DS101081,EH528673
AN179540,AW220058
DE112597,DE191441
EH669776,EH669776
AA188491,BW53806
DR111443,DR111443
DT109795,BL463872
BY260922,BY206229
CW813682,CW813682
BL450862,BL450862
CW419479,CW167446
BD84063,BD84063
BM66833,BM66833
EM42871,CT21556
EH222798,CW243008
DB5063,DB307073
DT172763,DT172763
CW975643,CW515155
EH841512,EH510447
BL257303,EH1109327
EM89938,EM89938
AA90708,BL227016
CG62334,CW78698
AW89465,EH281862
DN52146,BY219975
BH61955,EB38966
CL40153,EH931609
EM94093,EH1079819
CG134870,DZ66096
EN27406,DP16620
AN195247,BN153631
BN223605,BN158598
BE297995,BE297995
AK90543,AK49788
CT30695,CH25942
BK41956,BK41956
CM53602,BL171172
AW96208,BD72602
BC36777,BC36777
DL138074,AA119825
EH839861,EH839861
CW102830,CW102830
BN476704,BN476704
CG202206,AS85486
AK60900,BL300943
CW238791,AS87974
DR144859,DR142047
CW479996,CW310599
BE393716,BE122711
EH692922,BY550437
EF247128,EF247128
CW513895,CW649385
DB207984,DB207984
BC30005,CW1221407
EM71250,EH175265
BL414719,BL414719
AL90315,AL159089
CN81322,EH527415
BN112855,BY87145
AW138361,EH440621
CG106417,CW231395
CW703825,CW964158
EH104881,EH104881
EB50207,DD38148
AL161613,BE369384
AW13254,AW60613
CN55593,CN49051
DD163837,DL238574
BG22738,AN85765
CG48821,CG73698
AN23206,AN23206
EF123240,EH1054034
CW1274859,CW1084391
DN107083,DS87398
CN59488,CN59488
EB70616,AA93060
CW645645,CW891936
CW756239,CW1060175
DR148366,DR148366
CW121117,CW121117
BN203155,BN216283
BB27450,BB69990
AW183502,AW166740
BN406605,BN406605
AR2516,CJ10495
CW437800,CP18039
CW1096087,CW677089
BH183558,BN304275
CW66760,CW60701
EH868352,AM58008
BL325547,BL325547
BL200480,EM4514
CZ39047,ES14825
EH815044,EH815044
DB137956,AA89265
BR192583,CZ121627
CP27893,DZ49657
BY693431,BY472436
CW731075,CW95696
EB65248,EH496373
CL54157,BE330794
EH833060,EH744642
DY36631,DY36631
BD76524,BD93988
DW56619,BH133779
CW886567,CW886567
BL66884,BW58848
BE217630,AD13445
EF145789,CW842057
EH303460,EH378132
EJ13474,EJ13474
AL243429,AL71839
EP25493,BE182595
AA132232,AA132232
BY376366,BY345047
AL264778,AL89541
CW724721,CW436963
BN425312,BN222929
DR127299,DB255380
EH516495,BL149197
BY523112,BY456120
EH346583,BL260427
AL216983,AL216983
DL243230,DL193666
BN516223,BN516223
BN159361,BN204016
BR122750,EP84986
AL171197,EF81799
DE174959,CC143187
AE16597,EA26998
BN200145,AA107809
EH1128934,EH1128934
BY585906,BY630412
CW887019,CW887019
DS62335,DS65488
BE447918,BE470521
BB90582,AS87476
CW950087,CW1263695
BY189758,BY185640
BN99429,BN99429
AL70634,AL63509
BL205395,BL121283
DE294044,DE294044
AW182036,BK39505
EH1100543,EH1278700
CW565333,BY356939
EH555894,BN319795
EH745987,EH745987
BY216436,BY46516
CW940914,CW940914
EH200940,EH200940
CW896979,CW976763
CP38367,EH1077371
DL184766,EH684326
BL246855,BL367542
BB6158,BE112812
DY32722,DY32722
DN114786,BY405467
BE195441,CC153196
BH159965,BL273830
CB60359,AL144195
BY342897,BY231826
BN417416,AW163949
EH490290,AN69766
BJ7258,BJ7258
DD12284,DD12284
CW536728,CW475478
CW684196,CW491661
EH708998,BN307410
CC90061,CC71527
BL390173,EH687038
CT13982,CB23508
BE430062,DB77612
BG28518,CE33581
BL345396,BL345396
AL278949,DN92096
DZ63011,DB246104
EF126285,EF176635
EH179171,EH1194409
CW1052425,CW1052425
EH436536,EH478013
EH128317,BY504733
EH350837,CW647529
EB50207,EB32651
CW827452,CW456089
EH213587,EA20894
CW690742,CW891936
BE245477,BE101975
BR188351,CB33199
BJ18961,DB95918
CW908668,CW277029
BH105661,BH105661
EN37930,EN58195
BE217630,CW243008
DT102998,DT102998
BY559697,DN87046
BY670278,BY197275
AL70634,CL23464
DN147142,DN111191
AN107645,EA54857
DL211162,DL229794
CW158333,CW345585
CW238791,CW740059
EM121186,EM121186
CS8667,CS8667
AW167848,CW837504
AW94122,AW188462
DB133203,DB95792
DE294198,BL237000
AM81665,AM81665
DD55908,CW732112
BL476954,DT85402
BH142262,EH650779
CG141790,DB250959
BR146772,BE257921
BN229359,BN367234
CW758819,CW351104
BY448066,BY60524
AX44442,BL130073
EH885175,EH885175
DB107038,EP56950
EH1249167,EH406079
CG9771,CW454894
EH236583,EH232631
EH792902,EH792902
CW1013468,CW570953
CJ99933,BL523678
DL153552,EL59291
DB272312,DB272312
CW797596,CW797596
EH391236,EH545858
BN193474,BN540673
EH779419,EH779419
DD155890,DD155890
BE424746,BE119755
CD26264,CD26264
CW518662,CW518662
CW173110,CW443186
BN344937,BN315121
CZ108175,CZ88163
CW364337,CW214433
BN322312,CW689956
BH127852,CC153196
CC100071,CC100071
BL117656,BL117656
DE294198,DE286502
EH777259,EH777259
CW1283543,CW1122244
BE50744,BB37894
EH359007,EH362745
BR194895,DB295438
EF74722,EF96743
BL203001,BL150614
CW230429,CW638169
EH189952,AL112656
BL317533,BL212102
CR28659,CW349887
CW908668,CW268477
BR172315,DN41692
EH152769,DE84446
EM65529,AL169111
EH1011347,EH1011347
EL40242,DZ51319
EH329088,EH440311
EH834875,EH181736
AA129993,AA129993
EH1185387,CL43774
BN99420,BN99420
EH1218665,DB209085
CW997238,CW523104
CA60999,DB312947
EH222798,CB33199
DB247624,DB247624
CG72782,BB55197
CW496101,CW250857
CW574525,CW466430
CW466882,CW466882
EF145789,EH666160
CW846716,CW1031628
CA62891,CA62891
BP39837,BP39837
BY230864,BL112937
BY315422,BY279659
EA34901,DZ49855
BY383281,BY449404
CW1210037,CW1100402
BP58302,BP58302
DB272023,AS85486
DT152896,DT152896
CW581502,CW581502
DP34115,DP34115
BN329571,EH522660
CW1368241,DA118681
EH428175,EH535289
BL275591,BL275591
CT59613,EH485845
BL364972,CJ125646
DB63298,BD92705
BH54931,BN364847
CN21106,DN72617
CW1085040,CW784619
AN159237,AN159237
BY413488,BY238743
BB63680,CN51790
DZ52245,EH130659
DL188486,AD17676
EH390904,EH1037679
CT42785,AL81374
AN150940,AN150940
CW691329,CW723235
CA75755,DB12210
CW247713,CW669150
BL364972,BN394465
EH815719,EH815719
AS58001,DN41692
AL314408,AM84517
DS66169,DS85325
EH694655,EH840341
DK12144,AJ6070
CE57007,BE452701
BN254174,EM33132
DB261275,BY265922
BD118784,BD118784
DB203046,DB179511
CW490263,CW771684
EL84696,DZ48258
BY254967,BY127521
AL151460,EG30609
EH704163,EH389927
BP27546,CW343260
CA58057,CW395643
DR33725,BL212832
EH386518,EH836303
CW493277,CW823739
BF25016,BF25016
DD150280,BH65670
CW438615,CW341965
AN130339,AN90340
CW931443,CW931443
BN272661,AN162718
BZ22255,DA50805
CW931987,CW1221039
BY472321,BY472436
CW126814,CW172209
BA5439,DD49160
CW921123,CW794216
EH145984,BN100357
AL132675,CW879595
BN371463,DB198706
BL425314,BL425314
CW429081,CW429081
EH775698,EH766967
CG148375,CG134371
BB43524,CM42300
CG107451,CL27221
BY624691,BY631472
AW182592,AW182592
AB41519,AB41519
BL414719,EH1123658
CW1126916,BL538401
AN189459,DY29993
CW796104,CW517395
DE286502,BL237000
BR115522,BR112274
CW827452,CW531908
DB292502,CA90055
EH161708,EH588118
CW967344,CW577627
CW1284003,CW1284003
DS72058,DE230503
EH888510,EH217127
EH939343,AA103692
BR137535,BR136636
BY480134,CJ4996
AL81600,CW509829
EB50207,BL148754
BN184776,BN148819
BD136107,DH51487
CW836487,CW169923
EH672707,EH543430
BL378506,BL356428
CW783277,CW783615
DH30063,BH74140
CJ142337,BW52326
CW871980,CW765834
CW587442,CW451620
CW972453,CW583836
DB284410,DB244577
CW268057,CW436963
CJ80204,BR217292
CW764418,CW158836
AA148654,CW148566
BF12777,AW54935
BR136058,EF78748
CW605075,CW433609
EH892125,EH892125
EH928740,EH928740
CJ123243,CJ123243
EH1154159,DE141859
CW1244158,CW1348316
CN49948,CW357817
BE424241,BE424241
EH890631,EH892125
DG66246,DG56203
CW1085040,CW694818
EH234963,EH210484
BE102128,DT81495
BY161100,BY692189
EH522660,EH522660
EH393234,CW410561
AL232385,AL232385
EH1128950,EH1128950
DE275293,DE275293
DA68310,EH522761
BH46612,AB22843
BL258096,BN333636
CW736548,CW525155
CW366157,CW17911
AL220852,AL220852
CW99061,CW896234
BP37654,BP15556
AA146169,CS16921
BY610708,BY550437
BL328183,BL473246
CW798227,CW1103658
CW578879,CW78698
BN449036,BN134785
DL142534,EC4388
BN344937,BN508648
CW712377,CW713368
EH343295,BD25615
CW1120854,CW685489
CW268726,CW562318
DS103906,DS103906
EH1048266,EH1066384
AN144216,AN133951
AX28819,BL132788
BR193532,CW144209
CW302925,CW1319974
CW938930,DT85352
EH2840,EH197723
CW611853,CW611853
EH1066003,EH392472
DN147142,BE226260
CW990481,CW1147092
CW1081190,EH948463
DE203792,DE247699
CW1162390,CW833967
CW172549,CW163083
AL64275,CB20244
BL459680,BL501384
BN369022,BN354653
CW1116818,CW503045
CZ86050,CZ86050
BN275036,BN194087
BY554082,BY497385
DE289659,DE199259
EF141831,CA29237
BE399516,BE177671
CC37456,EH343641
BL429510,CB79537
EH858309,AM6473
CB81733,EH780520
CW906501,CW811044
CW533512,CW654110
CW123085,CW179470
CW1098385,CW422425
BY133383,DJ5647
CW60785,EH72781
CE57007,DB209085
CW693571,EH827823
DR72261,DR72261
EH123588,EH148378
CW1195436,CW1021078
EP39482,BR59163
EH1233655,AW118104
BL131245,BL85878
DE230667,DE230667
EH1035408,BH134903
BW51719,BB101069
DD172201,BJ40210
EH860017,DL199216
EH219446,EH327742
EH823960,AK110778
AW150155,AW150233
BY309282,BY334102
EH1024276,EH1024276
DB167967,DB152026
CW424689,CW1126437
CW886156,CW886156
DB311073,DB311073
DH46686,CZ97572
EH421263,EH345667
BE335375,EP91526
DB102167,DB140709
CW112878,EH208955
DB238401,AA158894
EP84671,EB68535
EH909205,EH909205
EH690008,DN79454
DW57223,DW57223
BN169769,BN169769
EH181554,CX15657
DR144715,DR144715
DA72935,EG33866
CW1164209,AN61634
BY40652,BY200133
BY530125,BY527742
AL30699,BL435638
CN59488,DA127512
EH257023,DB210389
CW1032214,CW373583
BY418590,EH245924
EH1088914,EH629260
BY363996,BY362684
CW878219,CW180128
CW994137,CW1116783
AZ21366,CK14552
EH710250,EH438279
CW1221645,CW1221645
EH811765,BE409766
BH118252,DX63302
DB55499,DB55499
CJ142021,AR6305
EH179770,EH305177
AL298325,AL347977
AX65621,AX65621
BM73271,BM73271
BY507036,AA107809
AK91467,AK91467
AX57450,DE205814
EH1058988,EH1060898
CW609193,CW609193
CW184715,CW333791
CW536972,CW632661
EH717617,EH717617
BN378856,BN378856
DR101303,DA95090
BE431342,BE431342
BL166601,CA36169
BL198076,CN68353
CW57210,CW817000
CW60016,CW144872
EH792781,EH792781
DS62335,CC54874
EH765373,EL48801
CA61374,CW131106
CW806196,CW1337673
BF7168,BF3505
AA84269,AE34843
EH418323,AH7788
EH894359,EH894359
EH484581,EH423288
BY193264,EP20420
CG133635,EH587081
CW1083017,CW147964
AL204345,AP64158
CW795099,CW833967
EH1265820,EH940253
CW504270,CW723235
BL241341,CW1198938
BY409440,BY409440
BD62963,CW310599
EF175503,CW109950
BY497391,BY497391
BH77320,AJ16046
EH506055,EH508595
CJ106596,CJ81140
EH745384,EH745384
ED37622,BY409931
CC117747,AA155581
DL198943,DL118221
BR215295,BR215295
BN468876,BE210572
BY292455,BY518177
BY579626,DS104788
EH99136,EH622878
EH719415,EH1141579
BE186348,BE9237
AR4660,AR4660
BR107935,BR107935
CW600060,CW765881
DA33039,EH482645
CW31349,CW31349
DT166565,DT149046
EH358076,DS65292
DL251423,AX55737
EH850463,EH473778
DP3250,DP3250
CW606118,CW434160
CW1086513,CW1086513
CA91688,EH704163
BY375988,BY416270
EH1026213,EH1021001
AA169666,CW975531
BL297032,BL297032
DL17888,DL24616
EH556380,EH622425
BE367561,BE367561
AN216548,AN85247
EL56427,BM59157
BY355619,DJ2266
CW256046,EH309644
BL385965,BL272172
CW1049836,EM86383
BL203623,BL203623
BY145561,BY270838
BB61123,BE210572
CW655239,CW1045683
DL109058,DL98502
BN370119,BB74569
AW111561,AN69766
DE230305,BY426570
CN42821,AA64714
AL217368,DE225246
DL194572,CZ121627
BE337649,CZ92923
EH1006682,DB86180
BB46564,BE63985
BP58302,DT81309
EF40268,DT38044
EH364634,EH475055
AM9891,AM9891
AK56991,DA76389
BE290864,DR99089
DL242027,DL242027
CD22944,CD22944
AM106886,AM106886
CW752359,CW675208
DB243887,DB235779
DL95097,DL193139
BZ25224,BZ25224
CW695684,CW310767
DL148301,BE246414
DL170727,CB93093
DZ24042,AA89265
BL432136,BL432136
DE264910,EH733303
CZ98879,AM18679
BS11412,DL24313
EH225065,EH225065
DT105904,EH314830
BN424781,BN344937
AY36358,CW917202
AG47512,AG47512
CW992858,CW152711
CG26030,CG26030
BD108172,BD108172
CB32958,CY21303
EF182732,AW199404
CW238574,CW533426
EH507515,EN78292
BB55638,BB72493
EF162689,EF162689
BY582527,BY582527
BY396679,BY514935
EH961360,DE154247
CW219318,CW255876
AL273829,AL273829
DD114988,EF78748
CW471439,CW1083268
EF163917,AA155581
BY615887,BY453880
CE41677,CE41677
CW609916,CW349211
CW862357,CW862357
CW378693,CW340776
DR108021,DT28999
DL217530,BY360221
CW11877,CW56931
EH704163,AN96190
BL327311,BL327311
DL214942,DL214942
DL98305,CW79495
CW853127,CW464254
EN51629,BE387378
BN293899,BN290286
CJ10702,CJ4996
BY526536,BY368830
BN263085,CJ172888
EH62011,AW72551
AL279828,AL243163
CC132296,CC132296
CW585011,EF45481
BL116843,BL167582
EH189952,AS40094
EH802592,EH162789
CW268057,CW515155
CW245226,CW245226
DL180540,CA100457
AW156888,AW156888
CA75755,CA15609
DS44436,AN35216
AL288168,AL97882
BL342485,BL381476
AM73402,DT100576
CW511321,CW859216
BN467024,EH999287
EH116194,EH59260
CW671990,CW671990
CW977807,CW393012
EH1206489,EH1206489
CW925989,CW515509
AW92376,DD38148
DB287442,DB287442
CW1170601,EN30386
EP69790,AA169583
CA83553,EP82056
DN112351,CA66650
DL234617,DL197368
DR104725,DR104725
BB88942,BB88942
BE359751,EH824305
DD113381,DD113381
EM74956,EM74956
DS78400,CC85882
EH781500,EH781500
AK113591,AK113591
BE254925,AS73674
AB37048,BL263370
DS58625,EH551952
AA60261,DS34119
DW69718,DW69718
BE355597,DB132315
CJ86363,CW284844
AL218464,AL218464
EH318965,EH256670
DZ59217,DZ59217
EG41205,AL159089
EH858634,BR205142
DB289197,DB207202
CW1157217,DD75754
EH806934,AL255570
CW703825,AN55352
BY691618,BY692670
CN27277,DE119336
AG24128,EH473435
AS56514,AS56514
AW209210,CL34430
BN318856,ER24773
DL202561,DL202561
EH254449,BL260160
CL38926,DE184261
BK14357,BK41921
CW428172,BN258850
CG74349,AB27374
AN109541,AN130752
CW317430,CW625622
EH987712,EH1130601
AL189583,BL315353
BY370049,BY405467
DX42662,BY392382
AB27298,AB27298
EC24380,EC24380
AL32880,BE13501
CW661780,CW867793
BL89006,DL68500
BP51066,BN387837
DL273155,DL273155
CW289305,CW151982
EH752439,BR97372
EH1025910,EH1025910
DB259645,DB95792
DH31661,DH31661
CG24903,BH91491
DS98822,DS119344
AH17827,AH17827
CN76437,EC19480
BY18211,BY376703
DT134121,EH778184
DR98133,DR98133
CW1064140,CW1064140
EH703951,EH955093
BZ56408,BZ67073
AW111561,EH391668
DA53207,DA53207
EH94143,AS50883
DN111991,DN111991
CW350618,CW387933
EH104380,BL184441
CW1013468,AM78765
BY538632,BY538632
EH1159382,EL55380
EH247088,EH181659
BB42501,BR76677
BD122699,DT108942
CW124677,CW1045283
AF24806,BE113623
DB263927,DB263927
DS78400,BH131437
EN46398,AL126524
CW171467,CW126284
CW166196,BN407464
EM125808,EM98166
CW852774,CW214967
AL278949,AL139062
DM32159,DM32159
BN375226,BN240840
EH1131643,EH1131643
BL103333,BL242130
BY455362,BY253114
BE350834,BE350834
CW610058,CW377063
CW556259,CW1113062
EH134705,EH138719
ES14141,BY90141
CW455959,CW381167
BW38937,BW38937
EH423740,EH527741
EH704163,CG108761
BY29483,BY449120
CW786768,CW786768
AN183314,CB13118
BY120860,BY138099
EJ6951,EJ14928
CW495460,CW751716
CW1211360,DN132782
AN129961,BN333636
BD10725,EH659776
AA164934,EH1027144
BY523112,BY439183
EH481931,EH478816
CW710812,CW1031628
DB286617,DB103039
BE336431,BE371341
BY663281,BY219975
EH981233,EH981233
EL93736,EL93736
CW1034597,CW612923
EH418323,EH358393
BL427505,BL427505
CW800495,CW543412
CW359739,EF132292
AM22432,AN5453
BN205998,BN239785
AW164777,AW164777
CW71754,AS45560
CF7246,EP53134
EM83340,AA107809
AS84527,EH908383
CW1008596,CW616055
CW747660,CW1205816
EH392334,EH192865
CW507696,CW319968
CN44890,CN12971
AN136043,BD112806
EH494621,EH235064
AB37048,CC127514
BR183337,AW154615
AM100758,DW72711
DH26616,BR90692
BN328379,BX13013
BH17505,CK5851
AP49289,BY155708
AL326332,AL326332
DB255384,DB207624
CD19432,CD28522
EA31891,EH488092
AA143651,CL42086
BE207705,BE207705
EH495025,AM74690
BN436828,BD147292
EN59623,DT122842
EH957431,EH409522
AN203913,EH922561
CA83553,EH237430
BL381779,AA132878
EH862915,BN440534
BY393671,BY393671
EM31722,EM31722
AL119475,AE28672
EN32745,DL145851
EH478930,EH482645
CW1052942,DA110780
AA45439,BK29269
EH694655,CA131266
DW27439,DE165348
EH1115001,EH1238805
CJ111091,EH149027
CW927999,CW847690
EH418863,EH239592
CW928356,CW975531
EH451788,EH451788
CC99831,BH32710
EH1154828,EH842666
EH1042911,EH285265
EH672738,EH521897
DE186891,DE201045
DX53253,DX53253
CW885859,CW791827
AL44336,CR3732
BL422292,BL422292
BB62751,DK21057
CW977987,CW751716
AL60692,AL60692
DT104884,EF95445
CW509723,CW507098
EH829867,EH829867
BE303602,BE303602
EH507515,BD18116
CW892257,CE35351
CW258870,EF123799
EH177316,EH162789
DB201045,DB195946
BY232202,BY264291
CW929749,CW249458
EH1088914,EH349128
CW1151708,CW1357387
DB305844,CW530460
BL176549,EH369191
EH516495,CW203785
EH323925,EH323925
CW637966,AP39528
EH115074,EH355976
CW761459,CW692815
DL98305,BE119297
CW804661,CW975768
BY545832,BY545832
EF122025,DR25358
EH1224954,EE6285
BD106874,BD106874
BC58365,BC58365
DT105200,CW218404
CW518658,CW169839
CW558110,AA203322
DN31715,DZ2349
CW1145327,CW1037955
BY451369,BY451369
BM49501,BM49501
DD36341,CN68353
CW707159,CW539837
BN370146,EG36517
BY122059,AL88455
EH543842,EH442931
EH849557,EH849557
EJ10955,EJ10955
EH1051492,EH1051492
DE228744,DE191604
AN112006,AN153812
CW695560,DB212548
AL36311,AL36311
CJ165704,BN435129
CG128199,CG146362
DN120893,DN120893
CJ134893,EH448996
BY451369,BY453092
CW887565,BL519779
CW972453,CW972453
DL230261,DE205349
CG106417,CW1099568
EH589914,BF21094
DS80032,DS78761
CW751515,CW473608
AN170036,AN170036
CJ137281,DE154601
CW907572,CW579552
AM107743,EN60509
DE296650,DE296650
CW1136775,CW468598
BY98598,DB226080
EP64692,EH751096
BG32424,BG32424
CA125134,DE197589
CW961551,CW961551
EH1128306,EH823777
BL241341,BL132788
BL351270,BL320452
AL189421,AL99280
AM22432,BR167126
BH151570,BD94281
DR72799,BE78116
AL75369,CM66458
BB85657,CZ113609
BN36399,BN15840
CJ142021,BB55197
BN62766,EN8349
CW718279,BL266337
BY665784,BY247671
EH993056,DL157234
EH189952,ED23913
CW650598,CW613682
DW57565,EH388032
CA14206,CZ6299
BZ33865,BL286768
DE176397,CW757837
CH37702,BE245234
BD132552,EH659569
CW1079497,CW535240
EH238069,EH321357
EH622155,DE126599
BL241341,DX46401
CW537400,CW583331
BN411274,BH133779
CW645610,CW146667
CW1155120,CW1036917
BR142188,BR113000
CW1125609,CW617562
DN108124,DN69327
DL199224,CG42958
EM85703,BY581340
CW845761,CW845761
EH314112,BL355877
BY283803,AW102395
BN389657,BN401379
AL210309,AL210309
BY618658,CW1057512
BY548862,BY548862
CW636159,CW895604
BY418590,BY541671
AK56531,AK56531
EH729820,EH729179
CW104441,EF123799
BL193773,EH828621
AW144675,AW116290
BY394134,BB37894
DB262891,BD6237
CW490263,CW802878
CW919775,CG147013
EH1088914,EH204661
EK17648,DG56203
BH150502,BH101859
CW348162,CW269277
DS102387,EH949350
AL218464,DD107972
EH729900,EH889984
BR172315,AW158497
CW158504,CW297189
BB78144,BL538401
EH177316,DT28999
DL156477,DL156477
DL244193,DA86981
DB262194,DB40063
DS100150,DS91530
CW1013468,CW320944
AN222571,AN222571
BE203485,CL34430
CT39373,CT39373
DR110549,DR39938
EH995975,EH805874
BH102733,CC31247
BJ10910,CW201139
CW356638,CW481786
AA148654,AA148654
CW365823,CW1330915
EH1193120,AG49802
CP42075,CP42075
BN515231,BE141599
DB157369,DB157369
CW455959,DE117001
AY9796,CN5354
CG45946,CG45946
CW1033151,CW248122
CW984243,BR122676
CW938930,BN462215
BB42501,CW203785
DD72012,DD72012
DS98391,ER34345
BY601333,BY635301
CL23948,AS87974
DN86342,DN52256
BR192583,AE25450
CR22045,CH36948
AA120402,AA120727
BY356081,BR3520
EH403457,EH733026
AA164797,AA164797
BN200145,BN278413
EH882717,EH1136422
EH943866,EH943866
CA119972,CA119972
CW1167761,CW1167761
CW629166,CW696136
BE21294,BE21294
CW820826,CW820826
BE267512,BE267512
BN369706,EH771382
EH385417,EH426808
EH661256,EH733026
CW745401,CW1134596
CW914508,CW328016
AL304448,AL304448
CN31740,CN68353
EH611127,EH611127
BY507036,EH458630
CW318096,CM44451
CW808787,CW1370224
AT13382,BY392382
EH931851,EH931851
DN29210,BE88931
EN55064,AM80778
EH366954,DT97249
EH775478,DE315733
EH1138041,DT95445
ED45394,CB33199
EA39708,EA28598
CR12300,EH235890
CW346209,CW471563
EH825895,EH1303873
BY528269,BY314123
ED35148,BK33127
CW922825,CW922825
EH861571,DS88113
DB285243,DB178134
EH887753,CT28649
CG89753,CG98876
BN280553,BE128702
AL147193,BE199027
EH431338,EP53411
DD196720,BN365488
EH352384,EH76454
AW195847,AW195847
EH52060,EH291505
CL23948,EA54857
AA14327,BH2310
BY653759,BY653759
CW893134,CW448950
CM41314,DE172255
CW529112,CW414063
AJ21218,DY17996
CW510062,CW804325
CL31095,DL164595
DE138452,DE202758
BY292852,CJ131524
BR68441,BR127807
EH71284,EH71284
CW1057512,CW1057512
CW376835,CW378497
AL109533,AL109533
BN461810,BN365192
CG42944,DE162558
BE377617,AL187215
CW493553,CW442219
EH561680,EH348783
AL204345,CG153353
AR5867,BG26323
DE119609,EF186635
EP79841,EH1152484
EH592293,CN30877
DL244193,BL303543
BL11158,BL7788
BD97075,CT31460
CW1260960,CW1046594
AN134973,BB79054
CW586410,CC153196
CJ137281,BL193636
BD149370,BD149370
BY436493,BW45752
CW925989,CW765881
BY585973,AL241742
DB115427,DB115427
CM53602,BK24914
BY513388,BY475364
CW82193,CW102830
AL237825,BW50305
BZ59925,BZ59925
BY368282,CB93093
BN333941,BN307936
DE96516,DE53509
BL439267,CW1064993
CF7246,CC100575
BY613234,BY266906
BE379964,BE379964
CW351966,AN100687
CS13195,EF23181
CA51612,AF25671
DH57857,DH57857
AL200990,AL218181
AM86855,BD108204
EH666395,EH1312115
AL154147,BL504665
CW849860,CW710267
AA96092,EG48959
AA189574,AA87314
CS21633,CS21633
BB63680,DZ49657
BN553104,CW320944
BP38329,BN462215
DH52268,BJ47875
EH683015,BD111914
BL245952,BL220399
AE16597,CW388946
CW151254,CW151254
EH221564,EH208519
AL214516,AL214516
DE119609,BY619081
CJ109392,BB74569
CB11907,CB26768
CW629085,CW615566
CJ142021,CW724104
EH824338,EH824338
EH883265,EH197723
EB65248,AN85765
CH60203,DZ9621
CW1072737,CW525155
BY613536,BY550437
BE233590,EH238244
DB51303,DB116383
DB307037,AA186914
CW736029,CW932834
BB78144,AN85247
BL90204,CZ47834
CW650570,CW380714
DT106904,AL336292
EF162743,EF162743
BD120601,EH588118
BZ3766,CW156569
EH1129255,EH1129255
AN98590,CP10892
CW59062,CW36948
DC23223,DC23223
BR134459,BR134459
CW610619,AM47727
DL97520,DR13637
BL179473,BL179473
EH853505,EH528673
EF194819,EF194819
EH321861,BL182975
CW331778,CW203199
EL84696,BY456120
BE171398,DB30256
DE127515,DE127515
BL412506,BY715178
DE269617,DE269617
AL54160,DD49065
EH799864,EH1058970
BH96776,BH96776
EH442077,EH179672
CK12744,CW1286633
EH377300,EH377300
DT14405,CW103769
DL92206,BE65694
CW827452,CW445600
AA31107,DT43386
DT92632,CP38120
EF134195,CZ76360
DL81978,DD66195
EH1204779,DB272493
BY576079,BY576079
EH594430,DH68659
CW882979,CW985828
BP71104,AM110076
CW567287,CW1060175
EH1058311,EH1058311
BN347763,BN347763
DE266869,DE266869
EM109928,BH133278
BN295350,EH919673
BA11795,BA11795
CW664198,CW664198
BY346451,BW45752
CG106969,CK5851
CW313113,DA35367
BE318494,BE318494
CL39785,CH59695
AA164934,AB38383
DD55908,EP53411
AJ12556,AJ12556
AP92337,CT43238
AW92376,CW1090658
EH489266,BR81884
EH462104,AW9143
CW392925,CW111986
CW161883,CW1115680
AN130998,BC26367
EH1219645,EH561503
DZ47457,AW158497
BH46612,DL134548
AL41397,CA15609
CL36257,DB160403
CW741065,CW741065
CW859216,CW809749
EH189368,EH211762
BY610891,BY513388
CW166196,CN79722
BY436112,BY436112
CZ64154,BL287268
DB32834,DB56902
EL73458,EL73712
CW196701,CW819189
BH57030,BH87701
BM46222,DG38072
BL39447,AM9175
BL394656,EF136763
CW933246,CW527932
CW203771,CW1231309
BD91521,AP79072
EH516495,BR76677
BY547215,CW694818
CW549347,CW581836
EF147581,EF147581
AT13382,AG56103
BE392603,BE392603
DE153301,DE153301
DH54636,CW472474
DB111753,AF13274
DT140666,EH1077577
BY539294,BY521687
CA67473,AW140475
DL40094,EH50468
EH254449,AA109124
AA107317,AA109124
CW650850,AT28942
BL143824,CM29334
BN452330,BN390697
CW990291,CW990291
CW865091,CW982963
CW655239,CW511403
BY608431,DR101427
CW518470,CW948660
CW512656,CW599590
BB58705,CW390392
EF86306,EF86306
EM85214,EM85214
BE374912,BE411495
BB46564,CJ137567
EH455957,EH987976
BM67762,BM67762
CG132414,CG139276
CW745866,CW745866
BY682715,BY682715
EH419249,EH419249
EH1104198,EH1104198
BL204151,BL19586
EH378125,EH149790
CA106152,CA106152
CA67473,BY743104
CW582017,CW1134572
DT29550,EA54857
BL289808,BL289808
CW1233743,CW723235
EH616161,EH560280
DE224165,DE224165
BE239011,BE239011
CA39315,DT38044
BL355394,BL355394
CW944546,CW1012847
EH546893,EH796223
CE39001,EH389255
AW144675,AN90532
CW657519,AN151860
DR33725,BL278266
CJ80670,AN69766
BN195975,EF123799
CC96098,CZ60023
EH221161,DT81309
CW814027,CW284844
CN35505,BR75434
CS27678,DB289197
CW581178,CW1190210
BE355597,EH840341
CW486815,CW486815
DB98767,DB160403
AL20137,CW393836
EF153583,AL345905
EH708068,DZ56956
AR12690,DE335298
DL104765,AM67740
CW570315,CW109950
CW482214,CW471563
EH544854,EH362745
EH444618,DE164654
BR82335,CK11635
EB58470,CW760797
AS56919,AS74263
BY216083,BY482331
CW145222,CW1073403
DZ67441,BZ67855
EH221953,EH221953
AW144675,AW144675
CW1088497,CW1131496
CW227960,CW227960
EH364634,EH426808
CW1101394,CW1259043
CT29503,DE193178
CT7916,BE392938
DB53826,DB160403
CX13059,CX13059
BL383697,DT161314
EP25493,BH106753
EH513654,BY711165
CN52523,BN184101
DB67394,DB67394
BC39621,BY203162
CZ104892,AS70763
CC128489,BH170436
AN56613,AL184613
BL228699,BL380550
DB179317,DB145187
CW219926,DL168331
DL202138,DX63302
DA80618,BY408420
AA100490,EH650779
BL315711,BL538401
CW1164209,CW297159
BL156751,BL226203
BN409837,BB74569
EH1066003,EH389927
BH122506,BH122506
CW623302,AY20322
AB38880,CG144046
CT39607,CT29989
EH420683,CM25997
EH423281,EH576280
CW806196,DL256578
DS102387,CA73956
CJ41559,CJ96193
CW794172,CW794172
BN381440,BN331600
CW1164209,CW1322904
DT49065,DT140664
CW882979,CW842057
CW278418,CW278418
CW829509,CW583836
EH797899,DH34714
AS54574,AS54574
BL458041,BL351741
CY22997,CW581030
DB116579,DH24301
AS80832,AS80832
BN324068,BN413113
CW1290413,CW900203
CJ60335,BD22841
EH843421,BN234295
EH1129779,EH502296
BE251458,EM82937
BL478289,BL478289
EH1187415,EH1187415
CW679851,DH22231
EH638119,DB247164
CW695560,CW1204073
BR43328,CX17061
BW55753,BY392382
EN45331,BE269235
CW246248,EF3791
DB235761,EH666160
AW173314,EH913534
CB19041,CB23508
EH991607,EH991607
AL267950,AL267950
BD83685,BD83685
CW686133,CW719599
CW574790,CW574790
CW573579,CW602700
EN29937,CG128534
CW1124857,CW876823
DD68768,DD68768
BE326025,BE323619
AS47087,AW158497
CW532846,CW216003
DB110396,DB47796
CW313113,CW310928
EH2840,EH919673
DB239681,DB207624
AW208368,AW208368
EH1152484,BC26367
BN553104,AX29272
BR64990,CN19716
EH699016,EH385417
EH348783,EH348783
AN190654,AN189839
AK141045,CW796355
BE276312,BE203233
DB265566,DB265566
EH368614,EH850455
AJ25658,AJ25658
AM95814,BD121004
DT114979,AN159237
EF145789,BR106680
CW910020,CW740059
BE372335,BE372335
EH648917,EH648917
EH993056,EH660112
DD86660,DL69146
EG20382,BL247328
EH1158250,EH874737
BE330276,DK46134
AL204345,AP13711
AN98597,DB128433
EH826711,EH826711
EH575902,CJ121958
BN471187,DX63302
BL395295,EF156757
DB247968,DB247968
DL217530,BL214778
DE271031,DE271031
CW915910,CW486626
AX18533,AX18533
CA22984,CC19654
CW556259,CW759334
CW1030557,CW719400
CW595381,CW759395
DB231136,DB221157
DL176246,CJ99261
CW1008335,CW847237
AN152499,AN96596
DB139622,DB12210
EH600776,DN111713
EH730220,CZ94752
DE267791,DE275577
CZ104892,EH279661
CW1052942,CW1329664
AZ12361,CC62272
DD153384,DD153384
DD115666,DD115666
EH1006682,EH229921
EH177316,EH423288
EF212299,EF80594
CW331778,CW277849
ED40288,ED40288
CW919015,CW919015
AA152671,DB235779
BD101810,BD101810
AA89254,AA89254
EH1000556,BD87490
ES22451,EH345667
EB43299,AA89254
CW74725,CW74725
DR8841,DR8841
EH952361,EH952361
EH528143,AS30095
DS96488,DS96488
BY560789,CZ87607
BL159322,BL85410
BN305682,BN305682
CG109093,CG47281
AP91371,AP91371
AL185590,AL185590
BL399361,AA172119
CW937761,CW937761
CS13195,BR157341
CW760241,CW447193
BE195441,AT28942
EH370875,AM55688
CW534621,CW559786
CW118357,CW626971
AP97226,AP95364
DS98974,DS98974
ED55171,AM76296
EH680138,BL221753
EH420950,BR106783
CG50618,CW1125246
CA90184,BZ35508
EH890040,EH890040
ES14034,ES14034
BW32620,DE168039
BN313637,BL315353
CW161293,CW307063
BB90645,DZ66096
CW361232,AS87974
EH682580,EH313015
BW35837,BL299779
BL429510,DL240764
BB119379,BE160362
DP52130,DP52130
CJ46992,CW334744
BE175147,AN125686
CW214779,CW199889
EF201175,DL236315
AK158686,DP37847
EH346583,EH496984
AN83298,AN83298
EH254449,DA63286
DS77111,DS77111
DK25197,BH60302
BN407026,BN407026
DL207794,DL207794
CW594016,CW292413
BH143739,BH143739
CJ165704,CJ58973
CW439605,CW439605
EH888071,EH1281712
CW238574,AN52092
DD143931,CE42218
CJ111091,BL346557
EF197271,DA50805
DT84717,AX27668
DB305844,BN410314
CW324780,CW396762
DB172702,DB172702
DN123965,AP91680
CA105577,DH68659
CW552913,CW604790
DD125933,BR122736
BD146562,BD146562
CW790825,CW545190
AJ32500,AJ32500
DS92379,DS92379
CW384790,CW460280
EH635061,EH635061
AM84710,BL345228
CW700842,CW688507
EH440629,EH749742
EH158324,EH206074
BB42501,BR123233
AL185524,AL185524
DE191149,DE139900
BR152129,BR135345
CW238791,CW231395
DB201045,CH36948
EH50303,EH23061
AA115114,DG3054
EF17253,AN32017
DB156260,DE108687
DB244560,DB302368
BH143905,EH986317
BE435074,BE435074
CG48329,DB94939
DZ63310,BR188682
BM19581,DL77329
EH444618,EH570209
EF196683,EF113619
CW898890,CW742384
EH660332,EH850455
AK17260,AK122454
DR42340,DR130228
BM45363,BM45363
BY507003,BY507003
CG34019,BY337764
DB94124,DB139313
CW450284,EL38874
BY278699,BY177766
CG146937,AW125265
BY378249,BY439183
EJ5288,EH348783
CJ68912,CW162116
CA47201,EH309987
BN88309,BN195126
DH63738,DH63738
CB32958,AL193354
CW902451,CW902451
CW1016234,AW199404
EF141831,CJ65393
BE214212,BE116232
BL229364,CW172263
CW407850,BR3520
AL152757,CW439741
BL495421,BL416304
CW968576,CW968576
AA100490,AL190305
CW653213,CW742845
BR124658,CW1101611
BY396679,BY358844
DG54258,DG54258
CC76173,CC29546
CJ85254,CJ85254
DW56619,EL12103
CW805758,CW811831
CA67473,BL290404
CW536972,CW218122
CW361232,CW570953
DL186676,DL115799
EP81690,EP81690
DB305845,BP53830
CW893465,CW521941
EF119464,DL160645
EH1050375,BZ67855
BH39810,BH39810
DR109510,DR109510
DL48392,BL10951
AZ9598,DE176397
DL244381,DL244381
EM43036,EM43036
DL96583,CM15147
BE267497,BE175291
CW827452,CW297159
EP24888,BA6237
BZ32176,CS13243
CW967344,CW407077
BY572531,BY519261
AN136043,EH592817
BH163659,BH68521
EH862507,EH862507
DE260057,DE67527
AM74653,AD18090
ES23439,CC153196
DZ39508,CW487941
BD107176,DZ56956
CA52494,CA52494
CS13195,EN30386
BE221938,EL55380
EH1235828,EH1007120
EF112936,EF112936
CW965897,CW755694
EH594293,EH539463
CR22045,BE206336
EH423740,DE98330
DR101264,DR101264
CW654578,CW617057
CW744723,CW265797
BY521422,BY521422
DB312947,DB97415
ES12265,ES26160
CW892257,CW777732
CW1184634,CW611190
BE233590,AL104595
DW36030,BL193636
EF178733,EF178733
EM80522,EM80522
CJ59032,CC28222
EH975117,EH788507
DL185261,DL134548
BH158657,BL451372
DA33365,EH208050
DE177691,CJ138642
EJ16045,EH528806
DD178652,DD66195
EH158324,AA61606
BM34966,BM34966
CW697209,CW514112
BH150976,EF172821
CG148016,EF56403
DB160785,DB86365
CW929013,CW1013654
EM16797,ER23755
AB10310,AL13711
CW558104,CW217139
CC156297,CC156297
DE82633,BR76677
CW166196,CW116887
CN21106,EF31063
CW559812,CW723235
DN73540,CG108761
AW183502,AW182234
CW400135,CW298951
EA39708,CW387933
BY661951,BD112806
CW324991,CW1073403
AM13354,DB43792
EH477725,EH477725
CW384482,CW509829
BY513388,BN349480
BN355786,BN368083
EH1020495,EH470249
AA162176,CW786037
CW662352,CW1148736
EF148755,AD15980
BR220213,BZ22255
BY103851,CW895396
AP45706,CC19654
CW296756,CW475302
EH655782,EH1109327
AA191106,AA191106
BY448066,BY527404
EM45653,EM34946
CL38445,BH119024
CW1154381,EH816209
CW639155,BH22535
DB38045,CW1018629
EH109750,BL2044
CW568256,CJ116394
DB201574,BN264376
EH548472,DL174744
CW574525,CW891936
AF14323,AN52092
DL170727,BY743104
ER36888,ER36888
DE89763,DE113376
BL166601,DE269401
CA60999,CJ34479
CW1204421,CW1094725
CW498885,CW718888
DL188640,DL188640
EH1205146,EH352026
DP26597,DS70543
EH518127,EH518127
BY699038,BY201342
EH1138041,EH522761
BR240868,DT173273
DS72058,DH47037
DE20789,BD123011
AA168512,AA121623
CW182993,CW356672
CW1110239,CW1197122
DB199588,DB146982
BH98188,BH87761
CW582017,CW1220151
BR172315,DL96397
CW875529,CW615566
CW1256912,CW1256912
EH624769,EH428116
DA103818,DA103818
BS5346,CW990787
EH1068457,BN446468
EH802592,BL182975
DN116694,DN111044
CJ100460,CJ101215
BW17814,BN184101
CW768739,CW1023266
EH1021311,EH693282
CW241241,CW1273018
EH1188315,EH105551
CW887481,CW383040
EH1184547,EH576280
DB288558,BY466363
BY309282,EH1006844
CW610058,CW338090
CW486791,CW1227175
CW517873,CW681124
CW315634,CW631669
AL289792,AL289792
AD15224,AD15701
DB44382,BR59668
DP32100,DP32100
EH973232,EH973232
CW1057295,CW1328479
BL384906,BL272172
BN553104,CC86119
AZ13019,AZ13019
AM85730,CD24597
DL179289,DL179289
EH421842,AK49788
BY555337,BY555337
CT13982,CJ134598
CE24032,AN76170
DY19206,DY19206
BR144572,BR59860
DP32453,DP32453
EH638119,DL211304
AJ25964,AA94986
CJ120973,DB60799
BB119379,BE57173
EH332005,EH332005
EH682580,BR111667
EH868352,AM100599
CW735865,CW1111653
CW1017523,CW778653
DB305844,DB273402
DD62268,DD91977
EH1076567,EH1312115
EH489266,EH720380
AW75624,AW3916
CW806295,CW993110
EH899483,CC159583
CE35351,CE35351
BH11641,BH11641
CW466801,CW551778
CN38254,BH69959
DE196242,CM25997
CW728299,CW715729
EH354244,CW451884
BL304829,DE118647
BL217511,AJ21547
CW1085749,CW1085749
AM45510,DE155728
CW726288,CW993110
EB34388,AA92303
CW931181,CW802787
CW703674,CW771684
EH1138041,EM56718
AL80538,AL31294
CW650598,CW612374
CJ33971,CW232949
AL251373,CW231746
AS6000,AS6000
BL217511,BY454626
EB58574,EB58574
EL93736,CW1134572
CW325005,CW1221407
DB172885,DB137710
BL398131,BL257589
AL204345,CW714211
BN9703,BN55991
DE237309,DE107115
CW552913,CW760610
CW1073079,CW1073079
BD89391,CA70316
CW1032214,CW514112
AA100490,DL76801
DA51288,BE117278
BN211690,DB92509
AP12553,CC28222
BY324926,BY343022
CA46072,CA46072
CZ104892,CL38948
CW212558,CW212558
CW1154381,CW1204073
CW1075534,CW629027
BD100409,BH87146
BY555825,DL100766
EH318965,EN64505
CG102096,DT114816
DB245784,DB251333
CW350618,CW329297
EH639650,AS87974
CJ86363,DL115405
EH1131915,EH1131915
EH614065,EH799540
EH155433,EH177297
AL13913,AL13913
EH504052,EH591003
AL27718,CC32569
CW828449,CW269277
CW669824,CW669824
DB158400,DB99305
CW296756,CW531908
BY577544,BH76495
CW676200,CW676200
BY351999,BY240888
EH1213635,EH850961
EH940689,EH565147
EH810309,DL283060
EH666063,EH666701
ES27975,ES27975
CW1123554,CW581836
CW1368880,DL277795
EH797403,EH753129
CW782194,CW1023266
AK110778,BL219910
BY610891,BY468427
DB310736,DB310736
AG21857,AG21857
CW621757,CW575679
BY436112,BX12708
EH1121464,EH1121464
CW1034597,CW164601
DX39555,DD90591
AN134747,AN134747
CW931987,AW146438
BH80417,BH80417
EH770238,EH770238
DT159406,DT163887
BY238372,BY373652
CW1017568,CW1017568
AS47087,DL96397
EH451906,EH349030
BL332338,DB240162
AW111561,CJ137281
BL146293,CM31322
EH704163,EA48386
BY371801,BY415833
BD12394,BD12394
BY433290,CZ12195
CW615957,EH548872
CW67878,CW17857
CW651362,CW243148
BY495296,BY632741
DB223324,DB223324
BD40980,CA130300
AL186986,CW552002
CJ131792,EH298184
BL429510,CJ164688
EH161708,EH332023
AA72862,AA73745
EH972947,EH972947
CL45518,CL45518
DB137922,DT87887
DE76598,DN94150
EH304588,EH181544
BY709661,BY709661
CW625506,DL196830
EH600695,EH600695
BL188653,BL54567
AG50587,AG50587
AL101285,AP16831
CW507696,CW380521
BE418668,AL255328
BR24439,BR76951
EL55896,EL55896
AA136299,AA136299
BR19684,CZ47834
DB44975,BY750252
EN74479,CC42379
DR14391,DR21714
CW211086,EH181736
EH766195,EH713128
BN139796,BN158598
AN164072,AN168168
CW1126916,CW1074055
CW424565,CW1090658
DT87452,ER31926
EH1064128,EH376280
BP71104,AK120558
DA80618,EH550380
CW923219,CW1044349
EH581129,EH581129
CW1064993,CW1005841
AT13382,AT16946
CW139714,CW139714
AM66752,AL173589
CW1154717,CW907572
DB16947,DB4676
DD65015,CH20461
AM19860,AM47122
CW681124,AN196096
AX32781,EH575333
DS108644,BP56258
DT151424,CW1082771
CW208185,CW60701
BL154976,BL171172
CW334609,CW315815
CW1078292,CW705669
EM31468,EM31468
EH704163,CP19069
EF138191,EF138191
EH555894,BL310254
CW1034597,CL38570
BN272661,DX46401
BB4063,AL167879
CA83553,CY21303
AN155783,AN155783
BR50729,BR57179
EB3866,EB3866
EH766954,EH766954
CW985565,BD82285
EH443908,EH664349
EH586362,EH184353
CW1040016,CW1041772
BN355786,BN319106
EN32745,EN32745
CW232511,CW150260
EH414827,DE323803
AL248450,AL248450
EH860017,CB33129
DS69831,BB70173
ED45623,ED45623
EH458661,DL210162
CC81342,BN251222
EG41323,EG41323
DD44723,EH179149
EP85338,DL176078
CW1307243,CW503045
EH640738,EH684326
EH289014,EH130659
EH926515,EH926515
CW808787,CW935955
CA54008,CA54008
CW409551,CW600646
CB81733,EH342552
BE154383,CW610167
CW811046,CW811046
EH755453,EH422870
AL64042,AL107339
BE356410,BE157097
BB25068,AG41659
AK125466,DF19905
EG18229,EG43403
CW777503,CW691950
BX17475,DS87398
EH449190,EH449190
AL275285,AL275285
EP27615,EL39653
BY99203,AW152065
CW389401,CW725861
AP82608,AP82608
BR49190,DT35208
CG138686,AS83330
EH423281,BW48570
EP68319,EH516582
BN449392,BY558969
DE228744,DE142228
DP9260,DP9260
EF180065,EF180065
EH1126564,EH1126564
DB113448,DB90458
CA105577,AP68630
EH337284,BL68866
CW823042,CW6877
CJ13348,CJ65541
CT51394,CC69951
AB28730,AB28730
EM85214,DR95570
CW695552,CW695552
DE321245,DE321245
BY674141,DS104788
DN147142,EH585306
CB6184,CB7886
EM38230,BM22412
BY466363,DH47037
DA87354,DE127114
CW463428,CW821012
BP18718,EH784706
DS107791,DS78247
DA87354,EH246448
EH489266,BK39505
BH94349,BH96776
EH780402,EH558874
DB298403,DB128433
BD79988,CE38613
CW1126695,CW1126695
EN56841,CT43551
EH868543,BR164861
CW363820,CW640036
DG30915,BZ22255
CW991006,CW816002
BY400941,DT11000
CW366848,CW366848
BY193785,BY235165
BY346451,CL38948
EF180065,CH38405
CW574027,CW574027
EH955093,EH955093
CW1162310,CW850167
EH961360,EH560415
CW396223,CW563497
CW810369,CW810369
AA60261,EH342552
EM2543,BG32499
CE17120,DN48729
EM23015,AX2549
CW675293,CW1108540
DN82992,BH117188
BL515427,EH559370
CW450284,DD84633
AW92376,DN94472
CA66987,AM5222
AL109533,ED39945
DP42763,DD186768
BN305628,BN365192
CW824845,CW583331
CW1132416,CW1019984
BE374859,BE394192
BY507036,CP50046
AF18433,AA143657
DL9761,CS9653
BN409716,BY555313
BY514143,BY592426
DX45233,DX45233
EH552419,EH552419
BL528980,DE296732
CW657451,CW723235
CX16852,CG118882
BY315186,BY36740
EH610347,EH1012705
EH499492,BG22858
AB9839,AB9839
CW197324,CW197324
DB183802,DB177934
EH967968,EH419118
EH694655,EH429230
CW581030,BR125480
AM69243,AM69243
DA79473,DA79473
DM24874,DM24874
EF126887,EH518763
BE11205,BE47991
CW1230375,CW1104639
BH112017,BH112017
BW36965,AP64158
DE82633,BL250794
CJ100004,CJ100004
DN73540,EL31786
CC39446,CC39446
BY101898,BY240888
CW472117,CW298951
DY8296,DY5273
AG47729,AG47729
EH1003345,EH1003345
AW124971,CZ74846
CW783615,CW975768
BB57377,CC71527
CW251854,CW269822
DB241393,DB241393
CW825817,CW1299897
CB35206,AN72661
CW600966,CW294583
BY605906,BY605906
DT120442,CG165479
DN71048,CE19517
EH823594,EH995975
BR62235,BD67776
DE99913,DE153900
BY428454,BY619081
EH1186922,EG46909
EF34240,DT100576
CW887481,CW1154651
AW132511,DB4958
AM76129,AM21961
CT48303,DN114579
CW419833,CW599590
DL217530,EF104496
BR173136,EH461127
DL198713,CX3809
EA17031,DD124206
BB25068,AF13463
BN311862,DH25083
CT27914,CT27914
BL380965,DD114756
CW600060,CW493543
CW862051,CW862051
CW111543,CW245749
AL85569,AK35519
EH155433,EH110200
CW334609,CW398559
EH1217176,EH238244
EH708998,AL89541
CW740280,AN182543
DE187478,DE129468
DS101081,EH558874
CW819891,CW819891
CW1097392,CW873036
CW993110,CC159583
EH208533,DD66380
CW756239,CW556259
CW252040,CW1326621
CZ49419,DT72599
BE356713,EH772456
DE113789,BL73291
BL313584,DZ9621
DA62568,DA62568
AM88933,CW433609
BY672580,BY32081
BY122414,BY436112
ES23252,BR153280
EH849524,EH849524
EP25493,CJ134598
EH794912,EH623882
CT29503,BN333636
BY628324,BY544726
CW688785,EF249384
AN107612,AN107612
CN49948,CW569355
BY610694,BY233341
CW713701,CW713701
DL105694,DL105694
BR188583,CW533290
CW1275983,CW760797
BY157868,BY244230
CJ8529,CJ54916
BR220213,CC85882
AM107743,CW824738
AP71660,AP71660
BN457848,CJ159350
EH994978,EH994978
EH245068,EH670072
CC58693,BE141599
BN475951,BH181794
CW595381,CW610167
BK35536,BE256711
EH546893,EH522761
CW1282509,CW329320
DL241032,CW203785
EF134372,EH1204122
BY607606,BY607606
BL143824,AL169111
EH829260,BN505340
CW11877,AW23906
CW1301526,CW1323696
CW217419,CW599813
BL536821,CC120622
CW698192,CW698192
DB183802,CB67259
DL218937,DL218937
EH975260,EH975260
AM68379,AM68379
EN58095,EN58095
DD194248,DE223744
EM110490,EM110490
DN105420,EN51374
EH1000889,CA20580
DP28488,DP28488
EH949906,EH1093345
EH742391,EH473778
EH860015,EH576911
EH717617,AA119825
AL221142,AS46834
DE127894,AW120490
EA25074,EA25074
ED15717,EF90128
CW921919,CW731240
CW493553,CW493553
DS66719,BL116683
DA107682,DA107682
EF34557,EF34557
EH618089,EH499585
CW787953,CW830049
BY699038,BY11093
AK6164,AK12931
AL81754,CN81191
CW517873,CW771684
CW1065762,CW384670
EF201379,EF201379
DD77392,DD77392
AL132675,AL77201
CW1181679,CW1181679
CW894625,CW1128643
BH85573,AR6679
EH390904,EN30386
AL93897,AL93897
AK142116,EB55207
BN71138,BL42217
CW613612,CG92211
DW56619,EH342552
EH1155234,EH1155234
CJ142031,CJ135922
EN22726,BN74644
EH1074688,EH1074688
CW655785,CW35436
CW638508,BY5628
CW834384,CW1316614
AR6368,BN54582
BR43221,BR29075
EG34410,DN48729
EH620897,EH476428
EH856282,EH594818
DM33140,EM121081
EH768541,EH622632
CW733577,CW733577
EH200925,EH394032
AA100490,EL27176
DL167613,DL167613
EM90761,BE127782
AW114138,AW143193
AY32462,BN392009
EH827823,EP55976
CW222001,CW165496
DD44723,BH165568
EH465177,EH955093
EH506488,EH398806
CL45725,BY210969
DS118517,DR52873
DT166024,DT166024
CW1244221,BY5628
BH22535,BH52282
DB315758,DB315758
DB311509,DB36099
BY532247,BY390575
EP64692,DD68325
BN344956,BN223647
AN90214,AW120490
EH640738,BL421939
CW1027906,CW1339908
CW330373,CW217139
EH246448,CC25702
CW111258,CW557245
EH704163,AL99280
CW748957,CW579552
AL112691,AM5896
BY477325,BY475561
CW1142354,CW842057
CC103980,BE294419
BY542191,BY542191
DA104754,DA104754
BE185586,AJ3062
BY637852,BY637852
DS93203,AL126524
DB262585,DB262585
EH993419,EH380810
CW650570,CW579985
EH280682,DE98822
BL315711,BK24914
CW221166,CW111986
AA207501,EH769815
DE330069,DB327781
CW1054529,CW700210
CW628167,CW1315254
CW630476,CW163454
CW499115,DL158458
BD86740,DL96397
DE191149,DE107517
AL267600,AL267600
EN29730,CM30379
AA173814,AA173814
AL240720,BE218208
CH26068,BL345228
CG165479,EN63980
DL217530,EH755293
AY35764,AY35764
EH59161,EH59161
DK30364,CC31247
DT21361,DT21361
CW15282,CJ109322
CW1010023,CW259771
BW55753,BY523401
DB241315,DB241315
BY312255,BY316333
DL212799,DL212799
CW599651,CW815830
ES21395,DT133783
EH316447,EH1224138
EH1073116,EH1073116
CL38142,BY629671
DH44250,DH44250
DS98586,DS98586
EH489266,CA29237
AJ5381,AT19007
AL174964,DT76494
CW724721,CW244533
AX55689,AX68771
BE140203,BE117015
CW703249,CW1290192
DL204728,DL204728
CW783277,CW824738
BY531505,BL139217
DL260960,CW1199132
AA62772,AA109602
DE233382,DE129948
BZ49693,BZ49693
DD117075,DD116108
EH48323,EH366412
CA93009,DE125306
CW1070675,CW847690
AN37860,AN37860
CW924631,BL213836
CW450284,CW860786
ED55171,AK50298
CT30540,CT30540
AS58001,EH778184
EH981773,EH913534
DB53998,EG23637
EH1130252,EH1130252
DB163347,DB103830
CW1221645,CW259771
EH258501,EM113815
CW404131,CW436963
BY66555,BY66555
EL56427,BR124597
EH579903,BL166957
CA109119,EF167814
EH389168,EH733303
CW930814,CW930814
EM39512,EM39512
BG36629,EB62135
DD61613,CC52647
BN224072,BN241465
DE70312,EF12919
CW732422,CW732422
CW966697,CW807933
CW218379,CC31247
CW458996,CW458996
CN53897,CN53897
EH348783,BE260395
BL446436,BL446436
CW967268,CW934345
BE319876,BE319876
EH802592,DH24301
AX55813,BL356428
EH121147,EH198622
BL228699,BL239315
EH343295,DL56365
BL210971,BL266117
CR25915,AA164934
CC94596,CC94596
BH53627,DE137050
BY466363,BY377296
EP84383,BL501384
BN108380,CJ39067
BL250335,BL216701
CW975643,CW380714
BY168528,EH628690
EH955059,BL429955
CW841657,CW430615
CW365024,CW533426
BY309282,DL91745
CW745930,CW1179660
CW844704,CW844704
AG49802,BL315353
CW322984,CW154532
AL103192,DL69146
BR187760,BR187760
DE214168,DE214168
DE271233,BL301230
EH401705,EH355976
CW1066931,CW1066931
DE239037,DE134957
BN362216,BN435834
CW1078292,CW447724
DS109380,DL240764
BN349162,CR11199
CW145592,CW59310
EH436536,CT41034
EH421842,CG154057
BY626029,BY626029
CJ20833,DD17019
CB23044,CB14237
CW428172,CZ119391
DN91693,DN146519
BN331665,BN340986
DB160785,BE101888
AM66752,CH35805
ES27521,ES27521
EH463920,EH591003
CW619135,CW1234450
BN121952,EB45789
CW967344,CW517395
ED50912,DS80715
EH959836,EH959836
BL243162,BJ15683
BY680836,BY732883
DE274205,DE116370
EH937793,EH937793
BE379714,BE13501
BY495296,BY544726
EF141831,DD116885
AA181927,AA181927
AB39686,CC127514
DB271179,DB271179
BN409739,BY437145
BL495421,BL519816
EH1166671,BL112937
CG124558,CN30877
EH899404,EH561987
EJ16045,DE108687
CW163618,CW163618
EH314112,EH1153648
BR145823,AA110730
DE167300,BL278537
CW1104627,CW1104627
BY524224,BY361060
CG146937,AE34843
BY414398,BY368830
EH682386,EH682386
AL128314,AL356624
DL175525,DL180540
AW93697,DE76265
EH925732,EH840811
EF54208,EF54208
EF142579,CC155514
CW673114,CW1154079
AA178076,CE41545
BE63855,BE12575
CW617186,CW619925
EH884709,EH884709
EH500392,EH1289633
CW302925,CW466430
CW1246784,AN155057
AE7167,DE174283
BR169124,DP9561
BY355944,BY79490
AW173314,EM85615
BE11205,BE125114
CC29635,CL38948
EH967115,EH967115
EJ5288,BN216283
BN295822,BN339685
DD154751,DD154751
BC30005,DE155728
DT16206,DT67878
DB210913,DB104059
BE185586,BE185586
CW559726,CW787457
BL399502,BL399502
EH332005,EH455584
DE191149,DE165348
DE274205,BY594630
DB292316,DB206392
DL91968,DL91968
EH481600,DE323803
CW917771,CW917771
BL405776,BL405776
CG155602,CG155602
DN94633,DN146390
AA164797,AC13557
CW1328557,CW1328557
CW550733,CW520711
EH1059693,EH835427
DL163094,CL34430
EN39474,DE129948
CG25559,CG25559
CW938894,CW643657
AM85552,CW804661
BY226801,BY299692
CY5971,CY5971
AA116228,DE76265
AG32491,AG32491
AN77823,CR9628
EM115115,EM115115
BB93265,BB71998
EH378125,EH305177
AN98590,CW895396
BY287463,DD77392
CW703674,CW1327462
EH81946,EH287400
BN444848,BN457372
BH142262,EL48301
CW1283805,CW1074055
CW645610,CW303863
EH321861,CW78698
ES14141,AL52378
CW445215,CW507916
DN79454,DN79454
AA111225,BL235182
CW464435,DW45801
BE120267,BE128732
EC14184,EC14184
CW632174,CW629027
BE395483,BE395483
CW1278000,CW1205295
AK141045,CJ125646
BY610515,BY610515
EH887753,AF13274
CW1092381,CW111986
BN521282,BN521282
EH907031,EH907031
AL255683,AL159089
EB38685,BL277598
ED45394,AL193354
CW670823,CW670823
DE166357,DE166357
DT111111,CC153196
BL189965,EH646623
DW66589,AW131781
BR124940,BN322055
CW567287,CW548381
EH882604,EH744101
BL109864,BL197998
BA11752,BF22649
CW739134,CW739134
DE214665,DE214665
CW865662,CW669150
BL136523,BL9059
EG40540,DS71641
CW482214,CW611883
EH676960,BD25615
EF201746,EF118702
DB106272,CZ94325
CW1141421,CW1141421
BL512303,BL512303
BY646830,EH345667
BN486659,BN486659
AW70056,BY201342
EH1108561,BL193636
DL141292,AZ7530
BL414990,BL414990
AN196795,EH810309
EH498589,CN30877
BY499639,BY499639
EB58470,EH255666
BN357196,EH388244
CJ46992,DE86624
CE15224,BE26228
CS5323,BN70086
BN525799,BN519809
CW345585,CW146667
CW585011,CW203199
CW819839,CW819839
AL51742,DT100576
CW42587,CW66730
CW645610,CW1322180
CB32958,BP15556
DE232930,DE232930
BY660927,BL370905
AM89332,AZ17315
EP25493,DT29864
DX59136,BL501384
AF23672,BD94051
AW209210,BL272172
EH460044,EH620476
AW151458,BN256361
EH553877,EH625609
AN168522,AN168522
DE199411,DE219082
CJ21918,CJ21918
AS45444,AS45444
AA162863,AA162863
DD194248,CW595661
BY159016,BY191973
CW265349,CW808903
CW601297,CW1182150
BY482541,BY482541
EH305370,BL105599
BL466594,BL466594
EN29937,CW623399
CJ68912,BL241225
CW426989,AX56839
CT51394,DE139900
EH717821,EH717821
AK107526,AK107526
BE99209,CJ128282
EH556817,EH556817
BL449664,BL449664
BL414092,CC120622
BN231367,BN231367
BP37654,EB33752
BE189134,DL150699
CW469499,CW1294576
EH555894,EH886797
CA66987,AL52378
DB111753,AN162718
DN97721,CN59488
CW594335,CW740626
DB185876,BL312834
CW244900,EH235890
EH830717,EH743903
EF40268,EF169728
AX19728,BN244891
CW184648,CA20580
EH694655,EH206074
EH132937,EH480220
CW1101394,CW975225
AL194193,EN40104
AN6162,AW8144
CW817068,CW1278465
CW936813,CW936813
ES14141,EC4388
BY368282,BL287786
CW118471,CW148708
BY368282,DB137404
AK21297,AK74865
CW454382,CW288946
CW1024308,CW575679
BY710522,BY638063
CW672869,CW1327462
BH157549,BH68970
CW1158418,CW71056
DP9441,DL256405
DL238574,BY591305
CW655785,CW632960
EH851023,EH1205146
EH712749,AL126524
BR107040,BR112648
BM31913,BM31913
CG141145,CX21943
CW930822,CW808125
DD95751,EH640383
AL258459,BL394161
AJ14754,AP17304
EH778184,EH778184
EL89655,EL89655
CZ99541,BL333740
DB256906,CX18522
BR125242,CB72541
ES14361,EF73129
CW675203,AN182543
AD22153,EH394032
BN357196,EP69693
AN111107,AN111107
CW1020874,CW575679
DL179680,DL179680
BY376971,BY375540
DD28233,DD28233
EH1053674,EH1053674
EH629832,EH237109
CW1121713,DN116516
EH653448,EL58969
CW478234,CW226369
DB160785,DB161188
BL166601,BL171333
DY46687,DY46687
AN90532,AN84086
BY575610,BY575610
CW904119,CW904119
EL91597,EL65272
DK47083,BL91336
AL208077,EH1079819
CW1064993,CW231746
BY475643,BY434935
EH383452,BL504665
CW700800,CW453468
AL271930,CT56627
DE96920,BL213836
DE304929,DE284419
BR133387,BR133387
BR116182,BR76852
DT111111,BH177176
BE338115,BE338115
CK7716,DS41495
CW1330495,CW1072973
AS73786,CW684376
CW182993,CW154717
EP51311,EP51311
BR24439,DB18551
AN136043,BL312834
CW485778,CW531436
CW1152470,EL77093
DB150234,BN413113
DB262585,DB312741
CJ54465,CJ54465
DE265324,DE168039
CW433156,CW509436
DT98052,DT98052
BR220213,CN24581
DP50994,DP50994
CW384790,CW214433
DT57364,DT57364
CZ68700,DE227142
DD155651,DD155651
BZ26596,BZ26596
BD119520,CY24526
CW454439,CW320714
CW917113,AE34277
AX79419,CJ85718
BL294861,BL294861
EH258501,CN68353
BP58302,CW1199132
CW133457,EH249687
CX18231,EH1219170
EH844960,DE227142
DL241032,BL250794
DR138572,DR138572
EH678707,EH697654
DL238574,DL238574
CA66987,BL166957
BN288037,BN260160
DD143931,AW183431
CW1053804,CW1076847
BH5759,AP49499
BL433100,BL433100
AA195621,AG2791
AL226858,AN68823
CW1150698,CW1150698
AG39434,EH813186
AK90803,AK90803
DB107038,DB113852
CW824555,DD143699
BL360267,BL360267
CA66987,EH237430
EP19888,DK14110
BY368282,EH769815
BE280345,BE280345
EH191934,BP34638
DB253279,DB253676
BN163220,EA19772
DH27083,DH27083
ES21395,DL107787
CW853127,EL49594
BW17724,CK12464
DM14981,AG15324
CJ178602,CJ164688
BN159361,BN157951
CW102158,CW219808
CG121668,EL33868
EH1235828,AL290314
BY216436,DL16672
CW1134596,CW550733
AN63886,CL15887
DK41606,EH963194
CW688785,BR82859
EF158987,EF158987
BL474738,BL518179
CW387665,CW203199
ER17178,ER17178
EN59623,AW166329
EH704163,CH29223
EH671857,EB69887
CJ101000,CJ101000
CW638508,CW1023477
BL476954,BL193636
DF20794,BD89354
BL423978,BL508365
AN141498,CW1242966
CW679851,CW575679
CW973090,CW288766
CW600060,CW515509
BY122414,AF4607
CJ142021,CJ50042
AM51813,AM7851
EK18197,EK18197
EH921109,DB226005
EH849012,EH849012
CW991790,DD66538
DR97372,DR97372
DE315248,CT58959
BL342897,CW1344389
CW691940,CW771684
DL240159,EF188247
CW668832,CW499592
CW581407,CW456089
BY523112,BY449228
EH918475,EH918475
EP84671,BN423827
AK27827,AK27827
EH1027239,EH1027239
BL250335,BL452978
EH795920,EH549330
BH192539,BH70377
EH983760,AH12300
DA33365,DE160053
DD193891,DD193891
BE116703,BE65694
EH1007263,EH529130
CW894625,CW887032
BY209948,BY209957
EA17031,DL134548
CW993773,CW321697
CW993773,CW272187
DB241469,EH935462
CW1118376,CW599590
EH1204322,EH1204322
CG130534,AY44680
BZ66016,BZ66016
AA101523,BH165568
BR148314,BL342612
CW938894,CW555126
CW600060,EF142579
EH768845,EH324549
CW127927,CW241241
BL241341,BY20295
EH684533,EH921334
DE248984,DE248984
CW279606,CW496101
AN80363,AN80363
EH716926,EH443198
EH1074938,EH1074938
EH219446,DE174283
DL198758,DL198758
CW782194,CW782194
BN308262,BN263774
EH221161,BL228388
CW255772,DS105275
CW246073,CW285437
CW750856,CW152711
DA57547,DA57547
BN372814,BN51104
AL107302,DB310469
BY400993,EF78748
BY299273,BY47371
BY683698,BY683698
DA8132,EH388244
CW376435,CW1065762
AL276732,AL224913
CJ139826,EA41708
AW89465,EL48301
CW979479,CW979479
CW60016,CW339850
CW218379,CW218122
BD87115,DB79388
AN207292,AN207292
EH734922,DT108942
EH887136,EH887136
ER26739,BL212832
BH101361,BH160800
CW827452,CZ30626
EH853505,AW188720
BY451369,AA113661
DB110311,BR61029
DL210162,DE186303
CW1076121,CW691419
BY475045,BY238743
BN323252,CJ116394
BN372572,BN372572
EH596565,EH192865
DE257974,DE282773
EA40094,EH478971
CW931171,CW1124265
EH614566,EH595669
CW602226,CW663667
EH147945,EH355976
BH5759,BH106753
EH1315570,EH1315570
ES19846,BL68866
CA131116,CA131116
BL327311,BL290572
DS96677,DS96677
CW727586,CW40818
BN346973,AA136962
DD96673,DE223612
CW1140721,CW885447
EH1088914,EH455198
DB149920,DB240162
DM30240,DM30240
CH53595,CH53595
CY16112,CL38948
BG36717,BG36717
CW824141,CW1090658
BY414765,BY327350
EM48430,EH249687
CW432491,CW259771
CW241382,CS16921
EH52931,CN85521
BL391927,CW1195824
EL91671,EL91671
CW737704,CW430802
DR87846,AN53957
BL446305,BL446305
EH179770,EH955093
EM91971,AP80375
AW94686,AW120501
DL129280,EH233961
CC95636,CB31258
BL345369,BL345369
BH97697,CW796355
AL124295,DL135941
EH677057,EH677057
AA119928,AN65024
AS64069,AN80261
CG133635,AW132511
CW501542,CW492291
EH896965,EH1204744
CW882979,CW1344389
EH843894,EH843894
BE102128,BE21294
EH633139,EH633139
DB111753,DB190426
EH134436,EH771411
EH289097,EH324875
BH149687,CG147013
BL112012,BD47198
BN490190,BN463049
CW982014,CW1235482
AM107743,CW802880
DL240563,DL240563
EL56427,AN118084
CW383755,CW216003
EH614273,EH356438
CW346209,CW203785
CW331335,CW555126
CR14544,DT77153
AL197961,CW556259
CW1118408,CW1328646
CM68981,AP53585
EH601438,CC100575
AL24523,AL53236
EH772163,EH772163
BY593237,BY593237
ER43025,AG55397
CW504270,CW564407
BN165337,DB95792
DS72058,BN519840
BN381440,BN409975
EP47116,CJ65393
CW931171,CW535246
BN301522,BY555825
DD40300,DD132583
BY471632,BY266615
BY152201,AW43008
DR35624,DR35624
BY392030,BY265922
EH499774,BH132340
EH861571,EH663213
ED31995,AL187749
CC111349,CC111349
EH887136,EH382678
CJ40010,CL43684
CW109119,CW913292
EH366954,CJ75773
DT64208,EB50122
CW563472,CW563472
DD135899,EH709542
BY282093,BY222155
EP58984,EP58984
CW467005,CW869590
EH921057,AA168279
AK35892,AK122454
CG115745,CG115745
CJ130014,CJ130014
DL283920,CC127514
AW4431,AB38383
DL141292,DL111074
CW594016,CW453823
BE428313,CC159075
DW39107,DW39107
EH348783,EH343641
BY240823,BY307277
EB62548,BY548969
DE224165,BL276267
EP84534,BW52326
BE332300,BB55197
BE332300,DB137404
BY40652,BY255029
CJ16742,CJ167486
EH642410,DE313119
EH246448,DE127114
EH884709,BY383163
BL406774,BL406774
EH64322,EN45945
EH528143,EF44403
CW522031,CW522031
AL208077,AG35227
BY400993,BR106680
DT134121,BR105483
BY253207,CW555126
EH813186,EH813186
CN87711,CN87711
DR93520,DZ49657
CW613306,DB201045
EM75750,EM75750
AX40319,BN209343
AN157765,CJ188455
BR84411,DD75754
BG41222,BG41222
ER40003,EP53411
BL280511,BW57720
CW513895,CW681124
EH369557,EH551853
BW47287,BW47287
DL283511,DL265385
CW650808,CW650808
CW372218,AW118794
BL340807,DE246590
DA92335,DA92335
CW890846,CW589269
BN473464,BN142347
EH106404,DE73081
AF12193,DB95918
BJ12427,CW771104
ES20276,CC67964
CA29791,AS87974
CW1093367,CW1093367
BR82335,CW287954
CW859082,CW611439
EG50065,EG50065
EH1150213,EH958692
DD125933,CW515155
CW1067934,BL395295
DB246152,DB247863
CW205155,CW158805
BL427705,BL255612
CW423533,CW443151
CW1124857,CW710267
DE230305,DE166091
EH363177,EH533679
BN263017,BN420416
DL185261,AW158497
CT24092,CB29880
DL247273,DE144527
CW131319,CW214433
BY554848,AW158497
DT29550,EH592817
DB203486,DB103039
AA74327,AA73745
BC57340,BC57340
EH885583,EH885583
EH323792,EH423200
AK91857,AK112123
CW1184634,CW699690
CW158598,CW86063
CW935907,EH906761
EH783053,EH682317
CW1241485,CW1241485
DE108173,DE76265
EH816580,EH816580
EH836472,EH938125
EL50213,AL173589
EH699877,EH587081
AX55482,AX55482
EH825801,EH416851
BY639650,BY523401
BL389742,EH870745
EH153297,CT16743
DE52628,DP16620
CW968487,CW305395
EH742890,EJ26420
AL284794,AK164209
AE16597,AA102710
DZ67441,AW219135
CW907332,CW868643
AL47401,AL201656
CW925989,CW823835
EH866024,EH876503
CW600148,CW690742
CK2797,CL8776
BL154791,BL154791
EH923760,EH583605
AL314408,DL272353
EH842344,CC137050
EH650296,EH299375
BN272661,AL169111
CW1059218,CW260407
CW894806,CW707658
DL193909,BY222155
AK56991,DD66195
EH987826,EH987826
BB119379,AZ10483
DE274205,CA50534
CW437800,CW297012
DH47835,EN30386
BY283803,BH23912
CJ148424,CJ148424
CG27358,CG28503
DL121382,CW244169
BE351096,BE351096
EH234189,EA22593
BE145133,BE145133
CW142311,CW725861
CW1193215,CW1329056
CW575864,CW916361
EH561680,EH233961
DB98253,DB210389
DD162279,DR123228
CC34043,CC75864
ER21011,AL69122
CW806196,CW1073079
CJ167871,AN184247
CW237097,CW335467
DB207202,DB289197
CW20391,CW163083
AS58001,DB229064
CW804661,CW769228
AM88933,DL217565
EH586362,EH626999
CW439955,CW632661
DS88969,AA101690
EH1030972,EH1030972
CW626735,AL169692
DD33745,DD97572
BL371279,BL371279
EH936180,EH1080082
EH254449,EH238244
EH1109629,EH1109629
CW395672,CW264737
CZ104892,AN122893
CW1225764,CW1165208
BN33206,BN49239
DB116579,CH18887
EH364634,EH699017
CW702947,CW174181
EH874998,EH874998
EH567973,EH567973
BR136336,CW742845
DX51692,DX51692
BY506839,BY314206
BN387899,BN387899
CP18451,CW1025570
AN164072,DW64150
CC85035,CC85035
DL177947,DL176078
CW216484,CW570953
EH698572,EH1277123
EH246448,CS16921
CW1036674,BL169274
BB37553,AA109124
AL83989,CR18972
BH128143,BH96574
AW123425,DL147093
EH428472,EH379548
BE379556,BE278862
EH784578,ER31926
CB69728,CB69728
DD161070,DD122981
CW490263,CW649385
EH579903,AL52378
BR122750,DT114697
AN120941,ER33795
CT29391,AL137796
EH477684,EH764246
EH1197942,BL321009
DB21808,DB119985
CW691323,CW745207
CW877227,CW1134572
CW356672,CW182993
EH134705,BE138198
CW871755,CW82541
CW902105,CW1101611
EF189900,EF189900
BY175593,BY197017
BE187808,EH621518
BY591739,BY246065
CJ178602,DL240764
CW1104627,CW887032
DL237080,AX65261
CW869196,BN389657
CW807585,CW182216
AK89651,AK89651
BM63964,DA25345
EC15427,EC15427
BD86740,DD124206
CB29554,BY232394
AE16597,CW527932
CW60614,CW1272912
CW441751,AY17041
CW811004,CW1081637
EH516495,CJ128282
BG44415,BL9059
CW964516,CW723281
BD109694,BD109694
CW990291,CW976401
BP19820,CP2313
CW758081,CW1043394
AA188491,CJ156390
BE31235,BE66149
DT139379,DT139379
BH177634,CC100575
CL64704,AA96238
CW958612,CW670998
CE45985,EP24888
BN313637,BH119024
EH1115746,EH1115746
CW510808,CW710267
AL278949,AL139429
AB37023,AW199716
BN229359,DK42586
BN23942,BN23942
DK45634,DK45634
EH613255,EH613255
AL251373,ER24231
BL488861,BL488861
DL176939,DL176939
BR101799,BR101799
CW1317640,CW610167
EF133947,BD25674
BD129101,BD129101
EH1056862,BE407250
EG41205,AA90927
EH864495,DE107517
BY166043,BY12482
DM8159,AF13274
EM101058,EM101058
AN19512,AN19512
CW205262,CW111258
DZ53891,AN113877
CW415163,CW389797
CG155710,CG155710
EH246448,BL206131
CW1226504,CW427007
DT105904,AL144195
DM8159,CW1198938
EP64104,EH561440
EH149209,CW1221407
CW585011,CW990080
DS101866,DS101866
DA19918,AM35063
EL84696,AW122331
CM60229,CM60229
CW756239,CW604790
BL264750,DA106406
EH1017350,EH1017350
EH350837,EH240540
BN229359,AW73189
EF8412,EF8412
EF126990,BL322117
DB134824,DB32598
AA75035,DZ44340
BR79693,DL96397
DY36453,BL409388
DY45386,DY45386
EH661256,CS25808
AE32311,EL89404
BL343866,BL343866
DC17493,CW345585
CW1365817,CW823251
CW1035101,CW1035101
EH382906,DE161983
AW180250,EH250825
EF182047,BB93601
BL97146,BL255460
AN220385,CZ115044
DL176939,CT45149
DL157149,DL119704
EN74079,EH1253271
CW238791,EH622632
CW500329,CW244169
BE367934,BE367934
EH943743,BG39309
EH598457,EH481106
EB65248,CB49899
CW305785,CW905168
BD140885,BD140885
EF200326,CA113970
EH268069,EH128025
EF208178,EH273509
AS68203,DL111337
BN281346,BB74569
AL152757,BE260395
DC26953,DC26953
DN129793,BW55571
CW263922,CW148566
CW60016,CW425831
BE108571,BE177071
BM54296,BM54296
EM107337,EH591003
CW473049,CW622653
DB282553,DB184357
BY541024,BY559697
EF142579,BD137897
CW1052820,CW1052820
BL217511,AL166446
CW203419,CW165243
CA75323,EH301024
EM99067,EM104506
CW610619,AM55688
DN143628,DT153130
CW1029872,CW751716
BE408820,BE179466
EH247088,EH504784
BE56177,BE474212
EH455015,EH436423
BB80520,BR66169
EG34197,EG34197
EH775560,CZ75035
EH113314,EL10126
BL385304,AA154646
CW747660,CW959507
BC61531,AZ7530
AS42345,BZ60235
EH135153,EH423895
EH1000889,EH488092
EH604971,CC34295
BE376207,BE376207
AL152757,EH733026
DD27738,DF20140
CW513895,CW771684
CW439605,CW618305
CW218379,CW740059
EM131891,EM131891
BC39621,CW287954
DT115805,BD100409
AN40604,CN49051
BE187808,DA65165
BR84411,BL251846
BN502299,BN546086
CW1034597,CW167232
AM60862,AM60862
EH1074193,BN410314
EF232783,EF232783
CW1034966,CW676760
BL452324,BL452324
BY591739,BY591739
DD126817,DD186768
EH671841,EH360516
BY561770,BY561770
BL378506,BL378506
CJ198073,DY25514
CT17872,CW231025
DD95751,EJ23951
BE154130,BE180960
CW1013509,CW1013509
CJ103491,CJ184326
EH515748,DE125306
EH195894,EH416020
DD60845,DD60845
BN481931,EH1219170
EH1044101,DD163739
AK76137,AK93849
EH849006,EH849006
EH223518,BL73291
CW550979,CW550979
DB268428,DB203358
DL175756,DL175756
CW498346,CW366899
EH622027,EH576280
DL92544,DL92544
CW691329,BN308262
CW1062984,CW927359
EH1309104,EH1309104
CB79145,CB33129
BA8961,BH76495
BH46639,DN44559
BK33235,BK31995
EP84671,AX57830
BD96200,DB295763
AF14323,AM55688
CW859216,CW377231
EH442077,EH348783
BR212602,BN407464
DM8159,EF45481
AW173314,DE276114
CW756039,CW837183
CY27917,CY27917
EH764537,EH764537
CW442660,EH642410
BH172088,DD160134
CW804661,CW708699
AW167848,CL43774
BH142649,CP38018
EH926355,DD124398
AK76183,AK76183
AL226065,AL226065
CW650570,CW1090658
AB37048,BR218797
AN83770,CW1179660
DT76496,AA87314
BN282680,EH840811
CW302925,CW690742
CJ20833,BH172075
DS62486,DS41948
DB226324,DE146243
EH1050375,EH1281402
EH82112,EH247373
EK18408,EK18408
BY103070,BY169403
EF164472,EF96522
BE176318,AW133011
BW18882,AX11511
EH649851,EH863472
EH1239589,EH529574
CD20632,CD20632
EH222798,DP43062
EP44941,BY142397
EH919169,EH919169
BW30643,CJ98621
CL49593,CL49593
BY415984,CZ51534
BR146350,BR144723
EH927410,EH927410
BW22810,BW20384
BR158768,BN266343
BY678686,EP31495
CJ142021,CL31416
CW1065762,CW499592
CW807618,CW342607
BC61921,BC61921
CW1050058,CW385847
AB37048,CP19069
CW185489,CW1357323
CT42001,DD63705
EH257023,EH650779
DN88495,DN88981
EH699877,BL244883
EH632006,EH527415
CW1071199,CW1098367
AN3202,DE21796
CW157844,CW933188
DN130635,DN130635
DE237309,DN55551
BE255100,BE148507
AN77823,CW1317488
CW1084668,CA15609
EH864327,EH1027144
BY497800,BY437145
CW683476,CW546321
BH128509,BH128509
DJ12779,DJ12779
BL336834,BY631138
DB176793,EF125338
EH961360,BL500024
AN179745,AN179745
BN205998,AA90927
BY476286,BY476286
BP22576,AA87382
EA29984,AG28502
DR43529,DR43529
AW179985,AB38383
CW641958,CW873699
EG29410,CC28222
CW946441,CW837799
CW144872,CW250880
BH122175,BD44600
EM91885,EM96293
EH550936,EH230527
CG112951,AM83754
CW615538,CW1204073
DT53289,DT114816
AK118090,CP10892
BY649254,BY705013
EH391253,EH230527
EH755147,EH637545
CS14102,BH131437
CW896761,CW571079
DN74285,DB91730
CW430625,CW380521
CW700800,CW859216
CJ35795,CH25942
EH994235,EH744642
BE26987,BE63212
CA57086,CA57086
BY137305,BY28646
DE254102,BL398825
CW275096,AT3686
CW433604,CW474148
AK88575,AK88575
ES20699,AK10790
AN108688,EF29086
DH44337,DH44337
DL2944,BD7721
CN37656,AN155672
BY436747,BY553717
BN9703,BY19820
BN298105,AG39434
BR79693,BD112806
AL332437,AL332437
CW1101841,CW1195824
EH809927,AN160025
EA31940,BN133026
CW999192,CW1026813
BY507236,BY270792
CW128703,CW128703
CW953554,CW953554
EA31940,EB49709
EF216409,EF216409
DL243230,DL124411
EH517670,BL215067
DS92379,BL356428
BE310010,BE310010
EH1076567,EH1126678
BN121952,AN130752
CZ82157,EH522761
CW1029872,CW523104
CW600060,CW823835
CW1083017,CW265544
EH473298,DS75225
DE134331,AM55688
ES12342,BL403887
DL131422,DD70129
AL223960,AL269394
EH681585,CW244169
EH257635,AN72661
DD65015,CB41825
EH712749,DR73237
CA33495,EH370887
CW1056526,CW1056526
BR147054,BR147054
CW203130,CW340189
EH510447,EH272574
EM128552,EM128552
BL308661,BL308661
CG150039,CG150039
DE270647,DE270647
EH1020495,EH558874
BE267339,BE247036
EH704163,CT28398
CW795133,CW746967
CW268057,CW387493
BH163659,DX50908
CG93340,CG93340
CW450284,AL124784
DE240773,AS74263
AL251373,DH47037
CW707159,CW456221
DS99040,DS99040
CW449010,CW610167
AG24511,BR76677
BX11892,DT65603
EH484204,EH481106
EH837604,EL58969
AM93782,CW976763
AL147193,EH744642
CW275096,CW146667
EH490290,CL51936
CC80517,CC105979
DB192796,DB192796
DH47835,EM113815
AL321848,AL180401
CA27573,AG60639
BN362520,CC31247
DL142534,CL34680
ER26941,ER26941
CW218122,CW218122
CJ209891,AK62294
BL245134,CW530024
EB58470,CT48183
CW578879,CW204004
AX70514,AX70514
BY621240,BY621240
AG51189,AL311555
AF12193,CL34680
DB302154,DB302154
EP39482,CM25074
CW522717,CW454528
BY714260,BY722173
CZ115373,BL530731
AL267301,AL319188
BE276645,CN59488
AA151162,AA151162
BL134235,EL18779
BE355242,DL164955
CW1254948,CW592373
AA119928,CN40857
EF71616,EP67581
DB120664,DB120664
CW454439,CW486390
EH938571,EH1295446
AX24587,AW52809
BD132254,BD132254
DB235761,EL50356
BD108252,EG59342
EH444174,EH684326
CW871980,CW524263
BR69301,CA61284
DL215224,BE18331
EH370875,AW69618
CW598435,CW395622
BY387248,BY387248
CW309952,CW102028
CW1310230,CW1310230
CW1244221,CW1244221
AL74469,DH20188
DS78400,BY79490
BL280511,BE213462
CW1175253,CW302439
DB238401,DB238401
DN86526,AW146145
CS13195,CW1025693
AA188491,CJ156706
CW908668,CW708699
AA60261,EB45789
DB274823,DB274823
CW1211228,CW1211228
CW102158,CW60701
AJ3528,AN2389
DL210767,DL210767
CW1043616,CW247263
CJ57778,EF23181
EC22413,EF172821
EH501965,EH561503
EH564827,EH564827
DL193909,EH343641
EM21087,BY666464
CW165243,CW203419
BN36399,BN73658
EH148983,EH955093
CW483266,CW704858
CB80153,AN139468
CZ63091,CZ63091
BN413374,EP46493
BY135790,DL18376
EG18229,CC159185
EH1205146,EH395013
EP61037,EP55976
AL159341,AL238267
EF78228,AP8782
BN375226,BN335336
EH729900,EH757193
BH101859,CJ169888
BN443446,BN443446
CW15779,AX14860
BN199806,BN153615
DA105379,DA105379
BW30643,AA143809
CW703967,CW430951
DD184138,DD184138
BZ49251,BZ49251
BL277118,DE225494
BL217345,BL380550
CW632002,CW632002
EH257023,EL27176
CW424565,EJ12672
BY383281,BY220267
BE399984,BE399984
DE190886,DE227142
EM105472,EH431108
EH176807,EH176807
EH29771,EH114082
AW92376,CA36169
BR136058,CW796355
CA62891,EH178290
BY720192,BY632741
DB210399,DB255959
CW543031,CW475516
EH1265278,EH818103
DB172411,EH556817
BY533642,BY530275
BM71200,BM71200
CW558313,CW26085
CW1103258,CW527932
CW216484,CW448950
BG46102,BG46102
CW1029872,BR81884
AL152757,AL52378
CW146667,CW345585
EP42043,EP42043
EH939343,EH388714
EH1244335,EH952483
DE176397,DE208529
AA31107,EH339180
AA31107,BL73291
BE76499,CA142580
BL88997,EH255666
EH710264,EH324875
EH213052,BK24914
AM64389,CG83163
CW202466,CW1106834
CW1056042,CW1056042
BN352599,BN359541
CW917113,EH913416
CW1147442,EL86157
EH735060,EH158229
BE178540,BE294362
DN109972,AP35297
CC29635,BN228258
CW1275983,CT48183
AN176040,AN125686
EH195894,BL250794
AS82328,AS82328
BN139796,BN169638
EA47279,EA47279
CJ91086,DB211018
CW667434,CW667434
CW617396,CW617396
BY423258,BY228073
CW1080569,CW746289
CW1072860,CW1072860
AL298325,AL241803
AA144994,AA144994
CW883533,CW883533
CW952747,CW326531
BH102733,AE14436
BH132610,BH132610
CW713701,CW545190
EJ5288,BL112937
CW607631,CW444681
BR176135,BR176135
BP24787,DE208529
BE185586,BE65694
DX55345,BL462586
EH489646,EH627079
AL278949,DN53691
EH324112,EH324112
CW536972,DR93149
EH617173,EH642410
EF185482,EF205526
BY411452,BL421939
CL49740,CL49740
EH1096022,EH752967
EH1223650,EH1223650
CW575864,CW704589
DS112593,DS112593
BE274149,BE274149
BL404319,BL404319
DL174032,BY559697
BH141915,DE319090
CW1110358,CW1162649
BL143824,CW533426
DZ65094,AW69618
CL28266,AN37860
EH999116,EH999116
BY57115,BY155671
CP27893,AA169583
EH796263,EH796263
EH257635,BL182975
CJ148169,CC119579
AF10948,AF10948
EH1239589,EH396959
DB28983,DB76520
EH812188,EH812188
EF97623,EF97623
CJ180081,DB153288
AL43078,AL43078
CL49060,AK36663
DR49620,BL150288
EM74098,EM79726
DD77392,DD88979
DD104654,BY328889
CW241382,CC25702
DE301910,DE77222
CW763850,CW873976
BH173475,BY495583
BN425312,EH512503
EN56259,BN352480
DE216014,DE216014
BL64631,BL64631
EH794912,EH327031
CW268057,BL154027
EH660332,EH124327
DN94633,CC85882
CW679801,EH485845
CW686133,BN239785
CW864169,CW800495
AS90465,BY106630
BN205998,BY345047
AA188491,CM60075
BN9703,BN63919
DS98391,DA86813
CW125787,DA110959
EH738501,EH215666
CW222950,CW1030387
BY137305,BL48670
DH23309,DH23309
BY362692,BY548750
CW747230,CG136608
AM74653,AW174856
DR93855,BN357193
CW858689,CW685607
EH653454,CW975211
EH712985,DH22231
BY414765,BY320757
CW1033151,CW829522
CJ190542,CJ190542
BY678884,BY107685
DZ10356,AE17255
DS102387,DZ48258
CG69213,AB21455
EH670533,EH187159
EH254449,EH428455
EF120415,EF120415
AL230278,CW356526
DL151000,AA122605
BY145561,BM26290
CW227002,CW103769
BL185313,CC107761
BN268887,BN268887
CW1125609,CW556259
AA100490,DT28999
CZ54100,DZ9621
DL244193,BL326345
AL68783,AL68783
DN147142,EH816209
EH1001090,DT151334
EH522892,EH550976
EH1138041,BH184479
BY534919,BY402055
DB195846,DB195846
CN78334,BD144831
CW219926,CW393012
CW347936,DD53520
CW289305,CW780453
CA111863,CA111863
EH794555,EH1112563
BP37654,DT85402
DN123965,BE219529
CW499115,CW703973
EH961360,EH226301
EH920640,BL197577
DA8132,CW244169
CW304949,CW304949
AS74619,AS27554
DY36453,AL311555
BY68404,BY131298
EA46109,EA46109
BY145561,BY762465
BN343632,CP19705
CW1013468,CW268477
AL184608,AL159089
AH6509,EK9647
DS75699,DS75699
BM53988,BM53988
BN354411,CW811937
AP61639,AP61639
CW571720,CW571720
EF197271,AP35297
EH667830,EH667830
EH385960,AW94589
CW60614,CW228224
AH21322,AH21322
EN66564,EN80933
AW33732,DE111953
AA171681,BY392382
DT111290,DT128152
EH595669,EH595669
CC104033,BE220136
BY276073,BY276073
BE314790,BE314790
CM19649,CM19649
BN78606,BN60348
DB44975,BH19911
CG83957,DE218999
BY558025,BY398265
CJ19683,CJ19683
CW977987,DT122842
CG162233,EM82035
CW1103258,CW1296798
CW645645,CW1319974
EH966035,EH966035
EH638712,EH324875
EH490290,BL219910
EH890463,EH890463
EP25493,BN238907
BL203001,DA43620
BL399114,BL399114
EH541769,EH541769
BW42240,CZ54672
DS95247,CC99592
EH533095,BP58302
EH1188315,EH327742
BH177634,EP53134
BY87422,CY5418
CW907572,CZ84947
DT48482,EH309987
CN21106,CL34680
AN37186,EH780520
EP75359,EP75359
CW900375,EH548872
CT45838,EH249687
BN450261,BN450261
EH1050275,EP29388
DL258522,DB320373
CW779007,CW779007
CW643770,CW771104
BE296677,BE296677
EH979375,EH810778
CC90465,AK66169
EH1114905,EH178043
AK97282,DH60825
CM26376,CM26376
DH39120,DH39120
BE214212,BE208709
CW747660,BR97372
CW1131214,CW730450
CW969137,CW216003
CW365024,AN52092
CG182134,CG182134
EH765479,EH516880
BE245035,BE245035
EN63888,EN63888
CT13873,DB181664
DK41854,DN139325
DE303756,BW53806
BE116703,BE185586
BR84411,BE115648
CW1081205,CW889746
EH351182,EH555185
EH752439,AX30332
BE375398,BE393465
DB293633,EH737095
BY571038,AL267347
CJ21942,CJ158637
EH74282,DM32297
CW184648,CW740059
CH42279,CH42279
BN123205,EH349030
EH707308,CW527932
CW893134,CW217139
CW522717,CW388946
EH208050,EH230527
DL247273,EH488092
CW697846,CG140946
CJ111091,AA102710
AE30202,AK132458
BP31208,CP38018
DE317804,DE317804
CW887501,CW787054
CW624932,CW1090298
DB207984,DL193666
AE16959,AE16959
BY554848,DL96397
BB72248,BB63066
CW1042340,CL34430
BY570686,BY28656
BL384636,BL261405
BL385304,BL279675
CW872575,CW983893
CW1295101,CJ53597
CW391025,CW203785
CW858950,CW858950
DW57874,DW57305
CW629085,CW590626
EH254449,EH327031
BL345010,BL345010
CW1053729,CW1053729
AK61851,BL452978
EH734374,EH816257
CW534463,CW534463
CW598454,CW441972
AA173588,AA173588
EH1121620,EH1121620
BN447735,BN447735
AA180047,AA122339
CW917113,CW1074774
EH923760,EH198622
AS44514,AS48057
BL244923,BL244923
EH399260,BL184441
BN213981,EF81909
EH710250,EH852904
EH506488,EH526288
CW1063288,CW1063288
EH292868,EH389852
DZ19469,DZ19469
BE406145,BE180960
EA22593,EA22593
CW302925,CW848645
CW1121580,DE231201
BN419835,BN216522
DB334166,DB286617
BR192583,EH181659
CG174441,AN94568
BE241284,BE14446
DX53223,DX53223
CZ86627,DB300162
BN391438,BN391438
DE310494,DE310494
BY383163,AG48318
CH36563,DD85688
BY588648,BY588648
CW268057,CW929984
EH1318151,EH1318151
BR21131,BY325071
BP38329,EA26998
BP24017,AN171082
BH129836,BH129836
BN463231,BN463231
BE310409,BE137295
DL196175,DL195775
CW938930,DY33049
BN385499,BN281755
EH827823,BW48570
EF134195,EF205869
CW185463,CW345585
CC90061,BE141599
DD125933,EF100296
DN34588,DT140664
CW623302,CW530460
BR84411,BE156646
ER3858,DB123626
AS58876,AS58876
BL476954,BL203658
EL68495,EL68495
CW218379,CW632661
EH914734,EH662837
ER30646,CY22412
CW278275,BL502797
DM26764,DM26359
CB85980,CB43501
CW695560,CW427906
BN462009,DE230503
BE290864,DN121191
BL301761,EG13325
BW35837,BL290404
BY475643,BY312578
DD138461,BR174150
AR8127,CZ15161
ED29286,ED29286
BH111912,EH652263
BN405820,CW381932
BL359421,BL359421
EM104225,EM104225
EH869795,EH869795
CA75755,ED45438
EH455957,BR102506
AA145206,DX46980
EL54271,EL54271
ES24999,ES24999
EH305370,BC28587
CW884338,CW884338
AL226912,AB23808
AN182346,DT58844
BL166601,DL107787
AT13382,CJ116394
AF24276,CT51028
AL42015,EF144190
EH257023,EH575333
CX21943,CX21943
AK24508,AK11930
AA201184,BL283872
CW1063137,CW1063137
CW886301,CW1135132
AS64799,AS64799
EH211812,EH313386
CW511321,CW453468
CW709803,CW1081637
DB218350,EH614457
BH163104,BH163104
BY596451,BY367438
CJ71199,EN45945
DL174070,DL174070
EM7388,EM7388
CW1004873,CW1004873
CW171467,DD14529
BL429837,BL429837
CW948329,CW745610
CW886816,CW604790
DB102167,DB77133
AJ37882,AJ37882
BL188190,BL188190
AK113306,CN80021
EH564709,BD100410
BN405205,EH1219170
CH53531,AR2753
DR34162,DR65948
DT161314,DT161314
AA154686,AA22828
CW289305,CW451620
CW806196,AA155581
AN127774,AN127774
BY696718,BY694977
AX32712,DE129645
DZ32219,DZ32219
EL53033,EH816209
CW904237,CW519494
AG52562,DB24575
EF71616,BD43918
EH1046640,BG21045
CW1366977,BE154383
CW518662,CW248122
DE239382,DE239382
EF191754,EF191754
EH128317,EH334255
BE248751,CW1221407
CW1178336,CW1178336
CW500329,DD75135
EH834983,AS62762
DN94633,EH442330
AA84708,AA119928
AW179985,CC119579
CW774478,CW842057
EH955551,EH955551
EH756628,DN121056
BY497385,BY236950
ES14361,DL180485
CG117881,BE385469
AM107743,EL97212
BE94515,BE186719
BL193773,EH331681
DD35153,BR128365
EH920012,EH920012
EH257023,BL182975
EH1076567,EH809331
CW817593,CW1332787
DT134121,BN519840
CW562854,CW562854
CW668832,CW626735
DD44723,CW935564
AL132675,BN402572
CW1025570,CW400986
ES17968,CX21652
EH1028545,DL240764
CW1184243,CW269277
CW634351,CW563015
EH1218665,DZ64298
BH137585,BN381440
BN412400,EH1027144
CW694771,CW694771
CW455959,CZ33165
EH352557,BL20646
CW1063861,CW251659
DB112488,DB147421
BN340205,BN307936
CW923219,CW954688
CW135312,BH121213
BY368282,CW1199132
DE212058,DE87883
DG31287,DG31287
CW550509,CW328016
DB150145,DE227142
BH133434,BH133434
CW908668,CW217139
BR82335,BY203162
EH425590,EH650779
CL38142,AA132878
CW1070675,CW554611
BK37189,CN53897
CW1026494,CW550610
EH1084097,EH1084097
BB63066,BB63066
CW731075,CW44022
CW654240,CW193171
DZ53891,DE225246
BN328076,CA9854
EH1159382,BE226260
CW108324,CW1027837
CW1126191,CW1126191
DR56090,DY8413
AN184633,BY729817
CW216484,DD124206
BB119379,AP65662
EH414087,BR128365
BL486984,BL486984
EH1000889,EH422695
BN147276,AN214651
BY333019,BY333019
CH18011,DN100363
BY389519,BY390437
AL253499,AM94899
BM49222,BM49222
BE465091,BE376927
BN322212,BN322212
BY92663,BY521687
BY50798,BY659679
DL186008,CW284844
CW356638,CW430951
DL86417,DL92069
CW1040632,CW1040632
CW1088752,EH1130602
CJ148169,BR174150
AW110036,BH81044
DE267011,CK14511
BB54577,AR6305
BY551083,DL212755
CW755694,CW800495
CW1139058,CW725789
DD164420,CG92211
DA97499,DA58962
EH661853,EH641404
CZ106628,CN51790
BK10331,AH22082
EH773192,AA203322
CW996257,CW996257
CW634097,CW546858
AA78831,AA101866
EH999879,EH999879
EH712749,BR105483
DD143931,DD169096
DE266511,DE127114
DT79339,CW1027837
AA182486,AA182486
CW1142299,DB252306
CW528091,CW764809
DL151000,CW796355
CW787228,CW787228
CW558104,CW448950
BR82335,EB32651
EH762654,EH1001691
ES12226,CC62272
EH444188,EH444188
CW990481,CW575679
CW823308,CW823308
CW563497,CW535240
CL55104,BH82959
DS72058,BY377296
CW407336,CW345585
EH235034,EH229125
DT137955,EH830077
EF55526,EF131582
AA189574,AA133122
EH318148,EH406605
EH473298,AA120727
BG35063,BG35063
CW892257,CW710335
CC85363,EH778184
CS25795,EP46201
BB80416,CZ89386
DR22876,DR96965
CW11006,CW11006
CW752359,CW1012300
BH61955,AW131781
DZ24746,AN10663
EH218548,EH50468
EH661256,CW724104
AL285381,CG197653
BB63680,CJ194318
BN452431,BN452431
CC36643,CH19782
BL216696,BL154052
ES14141,BY222155
BP54179,BP54867
BY365786,BY365786
CA115356,AW110025
BH71206,BH71206
CZ33252,CP50046
DT130436,DT130436
CW998298,CW464254
DD184138,EH321438
DY23283,EH59260
DL164540,DL164540
BY308261,BY233341
BB63966,DL168310
EH860236,EH568495
CW676200,CW330571
EH650101,EH650101
EH134705,AW142118
EM95566,EM30010
CW581575,EF123799
BD87346,EH617661
CW1317807,DD216316
CW1076847,CW837183
EH605860,EH844520
BD71529,DB331118
CW878905,BY497053
AS55175,DL119609
BE288454,BE288454
AK14153,AK14153
DL138616,DL168331
ED34632,BD88663
CW747660,CW1049919
BN490190,BN404711
CC90465,BD160777
DR60486,DR65948
AA124519,CJ138642
EH765373,EH515404
CW53799,CW227010
EH966712,EH1117185
CG99966,CA16563
AL133130,AL133130
CN52523,CP23451
DN136326,DN136326
AH16932,AL193354
DE207164,DE114266
EH194386,CJ65393
CW1059218,CW468598
BD95790,BD95790
EH1062156,BL216701
EH495025,EH295967
BL371621,BL359912
ES6993,DE4290
BN170082,BN170082
CW650570,CW436963
EH431830,BN239365
BY625395,BY434604
EP77473,BR237904
DE274205,BN456609
DB124646,DB148161
AL249331,AL89541
BN318856,BW48570
CW639067,CW1205816
CW464435,CW303830
EH665837,EH665837
BN469677,EH496984
CJ132944,CJ132944
AN126423,BD92047
CS13195,CC34295
CW327861,CW1065762
BY460750,BY505886
CW887501,CP53371
BL308942,BL419805
CW1056582,DW69368
BL243162,BL261092
EM78620,EM64794
EH642410,EH955043
AA84269,EH376204
CW835686,DD120049
DG5937,DG5937
CW1186724,CW581030
DB248135,DB248135
AN138418,AW166329
BY627046,BY627046
AB37048,AB37048
CG29390,AB2040
EL75037,AZ11400
AL288168,AL169692
CW182993,CW685184
CR26164,CR27079
CW877227,CW1220151
AA167730,AA45269
EF178574,EF178574
BY28232,BY617779
EH973276,EH704209
EH500392,AS90165
EH484581,EH402293
CW318096,EH342552
CW489957,CW575407
AS65905,AL325889
EH712906,EH873620
BL429510,BL429510
CC120622,EP82056
DB137922,CN44567
CW1235482,CW1235482
CW290093,CW132972
EH993056,AL126624
CW735088,CW735088
BL454207,BL454207
CW740280,CW969864
EH917120,EP70736
DA73371,DA14714
CE29091,CE29091
AL320106,AL133130
EM68030,EM99878
CW431137,BG16742
CW854731,CW334171
AK141045,AG35227
EH314684,DL283060
CW1086582,CW315815
EF175520,EF175520
EH39043,EF234017
CX4221,DB246111
EH939343,AL89541
CW998732,CW998732
AR6368,DN46366
DP35138,AW163949
CW400135,CW294583
CW224715,CW224715
CW600060,CW604891
CW605075,CW862357
CW906786,CW906786
EH1046293,EH1318939
CW993773,CW626971
CW1122944,CW728904
EF161056,EF161056
EH838998,DL160999
CW863544,CW863544
DB226607,DB149772
CW391976,CW1012300
CC93527,CW320762
DB178321,DB137404
EH495025,CG47281
DZ14961,CW533426
CW278275,BR3520
BN161683,BN186625
BN359569,BN408261
AL112691,DB123626
DL209888,AS88577
EH213052,EH206074
CW1076737,CW109950
CN65343,CN65343
BE126650,BE126650
CJ35795,DD35664
CW510954,CW82541
EH241876,EH733303
BL116843,EL33335
CW781404,CG139342
EH933338,EH502864
CW862315,CW309368
CC120622,BD121143
EL77093,EL77093
BE373691,BM53996
CW675891,CW1290192
AN154367,AW157990
DT103618,DT103618
AD27177,CN79722
CW1298692,DL230175
BZ22255,EH388714
CW502114,CW563497
BY21662,BY57782
EF145789,BL303543
CW1366045,CW583836
AL191746,AL132274
BZ68561,BZ68561
CW605075,CW1147092
CW161249,CW125268
AS27083,AS27083
BN471128,BN485329
CJ123344,EH194006
CG106417,BH119024
BW35837,CW732623
DD70874,DD140816
EH652366,CZ96220
DL254223,EG44459
BD116110,DD101596
DL138074,CW756621
CT53991,EH259549
DB281930,CW1336712
BY397944,BY377752
BY568445,BY568445
EH713533,EH181659
CW940379,CW390217
CW985565,CW1195824
CW1070675,CW592873
EN66806,EN66806
CA59256,CA59256
BW36965,EH428116
BL433834,BL433834
CW318096,CW795339
DT95577,DT95577
EH359007,EH1303021
CA45121,CA45121
BN100325,BN24300
BH137741,DT58236
CW335671,CW367326
CW1316841,CW794541
EP47116,CH25942
CW490225,CW432184
BN368737,BN457767
BE247646,BE247036
CH60203,EH348783
CW70636,CW113834
DT19906,BL240714
AK141045,EF126293
BY518401,BY278437
CW584607,CW381167
BR188583,BR71846
DD129262,DB103039
DR59606,DR59606
EH994145,EH994145
BR90682,CW299316
BE166347,BE166347
CW159218,CW273466
AR12690,DE211619
BK37947,BK22676
CW583679,CW201224
CW623302,CW471563
EH234189,DT65595
CJ21187,DM14206
CH36563,ED51293
BW42352,BW42352
AL255358,EH555815
AK171748,AK171748
EL71345,EL71345
BL156286,EH965077
CW790030,CW420469
CC80557,DS83313
CT29503,EH780520
CJ159015,CJ159015
EH309570,EH50468
BN320092,BN312691
DE114565,DE202758
CW550509,CW319968
CG164495,CG164495
BR154834,DX51401
DG68099,DG68099
BL156751,BL207879
EH550872,CW824141
BL71292,CZ12195
DL170599,DL170599
AN156561,AN156561
CW932972,CW732607
EH570754,EH533679
EH94143,EH549330
BZ35765,BE244651
AN94048,CW452437
DL217530,AW150647
BL453733,BL453733
BY572565,BY572565
BL391927,BR218797
DB161983,CA55702
AB38880,AB38880
BZ22255,BZ62734
EB70025,BP56258
BR138384,DD195532
BL387931,BL387931
EH521310,EH328112
AA180047,AA89652
DA41586,BN361423
EH639650,EH210484
BY730916,BY730916
CW325005,CW253569
AN188408,CW163746
BY309282,BY324566
DP23822,DP43062
ED45394,EH237430
DB270485,DB270485
CW758868,CW904265
CW1003810,CW1074774
DB299023,DB251333
CW147964,CW265544
CW300273,CW163746
EH801606,AL185062
CC102538,AW128430
EH1004483,EH1004483
CW1011449,CW931171
CA73341,AA141177
BY427371,BY468710
BN419077,BN433659
CG134671,CG134671
BY78943,DL107787
CW929749,CW106106
CW965553,CW559786
CW751034,CW718503
EH594430,EH146826
CW607631,CW464254
ER21011,AA116976
BZ58118,BZ58118
CW693571,CW1371921
CG62334,AP13711
EH917120,EH128025
DD67486,BH133779
EH664004,EH610228
CW547958,AG38129
AK109626,CJ134195
AA146169,BH118293
CW703825,CW498346
BY480038,BY482319
BL64384,BL64384
BL378260,BL378260
BE371286,BE371286
DM8159,EH255666
EH234709,EH56483
EH1124103,BN434891
CW204037,CW218291
DB244337,DB99089
BN168409,DB197894
CG106417,CW807933
BL218859,BL329074
EH498877,EH498877
BR142431,BR144723
BN454957,BN454957
EH471387,EH422870
BL346874,BL346874
CJ46992,EH488092
BH107320,BP33898
DW56619,AW142118
BR185424,BR185424
DJ7937,DJ9510
CW831454,CW176111
EP49511,EP49511
BR194402,BY639273
EH1020495,EH1013687
BR192583,CJ147610
EH1029194,EH653679
AN157578,DT155471
DZ63310,CW891187
EF40268,BL433475
CJ80204,CJ80686
CW817593,CW817593
DX43898,DX43898
CR21169,CR21169
BY24977,BY270056
BY401783,BK11812
EH612214,EH532156
DS92379,DS91338
DP27985,DP27985
CW627453,CW672080
BY344317,BY85129
BY376570,DD93446
BE423838,BY525713
CW1003810,DT160210
CW1162310,CW1026894
CW795435,CW795435
CM48580,BR145449
BZ23687,BZ23687
BY466701,BY378603
AL170900,CT21556
BY313567,BN155645
EH200940,AF28718
AJ3528,AJ14410
AA180976,AL150442
BG31900,BG31900
BG51437,BG51437
EH681690,EH733638
CC126285,DE278119
DL139172,DL144468
BD86740,BD112806
BL364972,DB198706
CW115434,CW672027
CW558104,CW935564
BL388707,BL388707
AN125686,AN125686
DB291227,DB291227
AJ20050,AJ20050
EF94501,CW121117
CW751515,CW703973
AN164953,AS71370
DL204222,DL204222
AM23508,EH223518
DB148365,DB148365
CW296756,CW581974
BL136503,BL156079
AA175339,AA175339
CW1096894,CW1040265
CW988355,CW559786
CW893134,CW570953
DL60863,DL60863
BZ47606,CN79722
EH236010,EH240127
DB115427,DB241315
CW1095803,CW819839
AH16932,AP64158
BR196901,CB79537
CW925241,CW925241
CA48238,CJ160533
BL78927,BL78927
BL383837,BN352480
CW145592,CW149530
AK73210,EF40558
BW18882,DS40286
CW724721,CW175943
EH1042911,EH546224
DB268170,EH451416
CW204037,CZ67724
EH348783,DZ9621
EH845976,BW57720
CW756039,CW1076847
BR139538,BR140083
BL229364,BL149197
BH141915,AG35227
AL104595,BE115648
BE110657,AL87134
AE7167,CJ11208
CW746681,EP103831
BN163220,CE19237
AE22138,CW451884
DD182606,DD100499
CW675891,CW1070675
CW495460,CW523104
EH306850,EH306850
CP2377,AW6600
CW907709,CW975531
EH456957,EH510325
BY691376,BY683692
BL435442,BL416304
AF22109,AF22109
AL200123,AL200123
BN311862,BN410314
EH1278420,EH1278420
BZ24094,EH512503
EJ6951,CZ3020
CW688785,DE131551
CW242961,AN187860
DL238574,BW59447
DL5901,EH42768
BN466448,BN466448
CW391976,CW376099
EH308276,EH83264
CW595381,BE154383
CW222655,CW122703
DT157500,DT157500
EH340374,EH340088
AN138418,AN139468
DL222170,DL222170
AA79157,CN28475
EH441918,EJ13408
DB229095,BD92047
BE318005,BE318005
CW486791,CW1220414
CW910346,CW1158658
AF24276,AB35304
CW145592,CW235357
BN108380,EH570671
DL144993,EH659569
AL58870,AK115374
EF38079,AA129801
CW834112,CW111986
BJ43555,BJ43555
BE402846,BE402846
BZ22255,BZ22255
CW615364,DE204628
CJ125354,CJ130292
DW61931,CZ85718
EH1150189,EH1160870
BR203335,DE231201
BD152488,AY44680
BL340293,BL326957
CM53517,CM53517
EH866253,CW595746
CW756239,EH643039
CX11886,CT28364
BN461810,BN315789
EH955093,EH249917
EH730973,BL339261
EF34545,EF34545
CW637095,CW964158
BN391765,BN129927
CW1091682,CW474148
EH1067245,EH522761
EL88841,EL90505
CW574525,CW1036917
CW198104,CW198104
BE371386,BE106585
CW1117966,CW563497
AL195003,EH667725
CW582033,CW264546
EP20696,CP32213
AT13382,EH116155
BN359780,BN359780
EL78835,EL78835
EH246448,EH138719
CW1156861,CW1156861
EH467552,EH469596
EF38231,EF38231
AA162656,AA86369
EH708998,EH360516
DB226610,DB295763
CW543117,AM76905
EN38519,AW94589
DX50811,DX51401
DL96583,DL164540
CW513997,CW533290
BY415790,BH132340
AX56013,AX56013
AA21726,AL57601
CC85695,EL27623
ES21395,BL234245
CW1159187,CW653735
BF30164,BY591305
DA32387,DA32387
EH1062156,EH802835
CJ139338,CH23054
AL258459,DW66064
DW20762,CA20921
DD184468,DD184468
CE35183,CE35183
EH855811,EH875028
AA3706,AA44853
CW600148,CW1065762
BL221406,BL378969
CH22390,CN24581
EF17082,EF48780
BR78385,BF36220
CW1142354,CW985828
EH981773,EH1219170
CW574525,CW690742
DL113082,DZ32219
AH12915,AH12915
EP39533,BY376199
EH831579,EH823777
BN310139,BN255027
BK3287,DE67527
EH251764,EH438279
CW1001050,CW1068136
DB190625,DB81271
AN136043,CC85882
BY541534,BY541534
EH856018,EH855944
CW161249,CW327923
BY492804,EH550976
EF129842,CW428855
EH1166671,BN216283
AN166192,EH1080963
AW110036,DN117678
BH19705,BH19705
AL229493,AL229493
DS78400,DS71477
BE320433,BE343090
BY335387,BY335387
CW893381,CW1082771
DL217530,EH393279
BY96715,BY284407
CW712317,CC109808
CZ68700,BL272172
BN446573,CA73525
CW908265,CW972646
AG3647,AG3647
DL256484,CT45626
CG74349,CB26768
AY22112,EN47360
BB85657,AN145151
CC89402,CC86112
EH716083,EH210484
BH54931,EH697544
EB26687,EB72240
BA11752,AW208956
AJ19877,EF113967
CM29106,CM29106
CW421552,CW632960
DZ36305,EM34946
ED18854,BW20922
CW615538,CW427906
CW1070675,CW594566
EH1181518,EH694268
BN518406,AS101247
EH195043,EH106229
BH130969,BN333617
DD159323,DD159323
CZ33713,AA149623
DY33239,CW1089245
EH185791,EH486537
DW18931,DW10925
AA66542,BY446295
EM105022,EH502296
CW1170773,CW558867
BE189147,BE179466
CW794521,CW643243
BR141538,DE146243
CW720780,CW1220414
BG35482,DE301784
CA67473,CB93093
DA51053,DA57133
EH509016,BH65670
CW415163,CW415163
DE315733,CJ105937
BL391887,BL391887
CW1008596,CW546218
EH657605,CW887481
CJ23345,DL72827
CW278418,CW340774
CG172991,CG172991
BY615440,EH772456
EM45653,AS40094
CW165496,CW1025693
BH150976,BE339242
BY231179,BY102013
AA190244,AA190244
CJ80670,AE17255
BY643175,BY643175
DE117058,DE117058
CN78856,EF158467
AM92292,AM92292
CJ86363,CW814027
CW526113,CW148566
AL310838,DL168331
CG129232,CG129232
DB206031,DB182807
BY99203,BY458406
EH825210,EH825210
CJ33971,BA17881
CW731374,BN318810
DL244193,CW503045
CW998298,CW860786
CT30695,EH921109
BB54577,EF104496
DL185261,EH321357
EH314684,BP18718
AL189421,AN69766
CA87537,EM99067
AL179735,CW602700
BT11949,CE42218
ER34956,ER34956
CT48303,CL42086
CW227379,CW1083268
AL318435,BB117664
CW325005,CW1026960
BB63066,BL272172
DE274205,EH376204
EH1159670,EH937417
DG55363,DG55363
AT20150,CL26154
BY361773,BY390575
CW558112,CW419754
BE6383,BE26228
CW289305,CW1126437
EH439878,EH670072
EH348062,EH302579
BD122699,AA169583
DR150899,CT31460
CW1084668,BE79857
AA171681,DB310424
BW28592,BW65122
BE384523,BE176522
EH629832,EH392334
AA78386,BD112806
BW41012,EF98591
AN184633,BH32710
CW50802,CW201224
EP99320,BL73291
CW470157,CW242856
AN179540,AX65261
CW1115442,EH827823
CW533512,DB34496
CW387665,CW277849
DD126218,DD202895
EP92577,EP92577
CJ109930,BN54582
BE181312,BE181312
DZ67441,AA186914
CA54476,CA54476
EH565855,EJ27085
AL155616,AL218181
BZ33865,EH614273
DB252153,DB18455
BN447936,BN447936
CW331778,CW1036729
BD62963,DE118647
BN472925,CG83163
BY584103,BY671955
CW199099,CW129235
AB25016,CG31775
DL217530,DL217530
CA96389,CA96389
DM34018,DA120189
CW824141,CW436963
CW281480,CW154532
BN370507,BN359541
EH704163,EL31786
EH189952,EH780233
BY311762,BY311762
AA46509,AA70484
BY690312,CW891936
CW579055,AM63754
CW682783,CW735238
DN143628,DD194628
CW536728,EF142579
BN322763,BN240840
CW939201,CW975531
DE301006,DE142228
AN183314,CT44797
CX21429,AK132458
CW529489,CW1161743
CZ90750,CZ90750
EH1315862,EH938125
BG55325,BG55325
BH89274,CM37267
CG118345,CG118345
CA125183,BE374922
BN268887,BJ10437
CW95005,CW99061
CG62334,EH342552
CW601096,EL91671
DL151000,EH1079819
AH16932,CY21303
CW1134570,CW260151
EA26434,EA26434
DE119609,CS16921
EH667546,EH685238
AX76482,EH741973
BY413488,BY334102
DB252220,DL192571
EH537210,EH550380
EH387145,EH387145
BY370856,DB177131
AM76129,AM76129
BB7094,DT50920
CW407707,CW407707
BE368284,BE368284
EH1035408,AX45168
CW513895,CW1327462
BL188653,BN142478
EH864495,EH414984
CA107289,CA107289
DE227004,DB114728
AN74893,BR3520
CW1142354,CW1344389
BN553104,AX30332
CW203130,CW410782
AM81611,AA112012
DE217323,BK33127
BG22738,DZ54904
EH589914,BZ41530
CN29883,CN29883
EH962139,CJ142337
CW387665,CW1023001
BL445284,BL445284
DA20866,DA29274
BB119413,BB90728
BL70194,BL56708
BN444487,BN444487
EH189952,CW380714
BL301761,BY530916
BL243631,BL243631
EH992923,EH560280
CW293435,CZ17403
EH926355,EH420549
DT26989,AW107301
EH815258,EH328168
CH35868,EF143765
CW1086582,CW398559
CW124091,CW201082
CW243148,CW415163
BP54842,DE118647
BR150029,CE27421
BL429795,BN370146
CJ46992,BR3520
BN403889,BN133711
CW808983,AN155057
EH731291,EH731291
BD107176,BD132729
EG13325,EG13325
AW181004,CW878914
BR124940,AP64426
BE294362,BE405827
CC117747,DL256578
CZ104892,BL219910
CW483142,CW865035
BN409739,BL237744
EN50049,BL219397
EF205526,EF205526
CW1076832,CW979479
BL477637,DK40823
CM41314,EH488092
EH253676,EH919673
CT30695,CC71527
EH1152484,EH502864
BN463050,BN346922
CW347936,CW467725
EH589598,EH497724
AX23674,AX23674
CW1170773,CW305052
DB288706,DB288706
CW923219,CW923219
EH62011,DE49425
BE238493,BE238493
BD119520,BE322383
CG157702,CG98876
CB84426,CB84426
EH1123658,EH1123658
DL50144,BE398520
BL166601,DE116370
EH128317,EH128317
EH636114,EH431108
EF78228,CH18887
EH861571,EH666443
CW293624,CW1052908
EG50065,DS100269
EH1199504,EH1000368
EH1155839,DE295843
BE351499,BE213462
EH329429,EH329429
BN424781,BN283434
CW1155120,CW1319974
CZ82157,BL274568
BZ60235,BZ60235
EF121941,CW475710
CW392169,CW245050
BY564752,DL118756
AK37088,DW24538
DP37130,CY24526
BY531505,AA116976
DE245107,DE242116
BW52326,CP16459
BB104328,BB104328
DP41462,DP41462
DP39720,DP39720
CT48303,EJ23951
AA79157,AA79157
EM87465,EH847580
DB292658,EH743572
BL327311,DE166496
CW1020874,CW1324975
EN24925,CA42781
CW475722,CW451755
CW1020874,BL260160
EH611919,BD111914
BN288037,BN246901
EH132937,EH167585
CW1141310,CW791102
AN117936,AN117936
EH146245,EH229125
BL435442,BL335464
BL193773,BL219910
EH484581,BY114153
CW732607,CW931171
BH142279,AW172784
EH494621,EH255666
CW786834,DE217323
DH41148,CW677089
EH1031693,EH92168
DE231962,DE231962
EH304588,EH419118
CW584203,EG58140
BE190257,BE160654
DD101483,BY555825
BR116182,CA61284
DW59412,DW59412
EH606224,EH698872
BE282024,BE282024
BE250982,BE250982
BE26987,BE3611
DX60501,DR134655
CB48332,BD24891
DD144152,DD74967
CW590495,CW590495
CZ59148,CZ59148
EH1206213,EH1206213
CW1071737,CW1071737
EH149209,EH162789
CW653213,CW480362
AP88298,AL297059
BH166025,EP41907
CW1190392,CW1027837
EH494621,CW1198938
EH756342,EH756342
CW357548,CW505963
BN510284,BN510284
CW714887,CW1152046
BH142262,BH106753
CW941030,CW674321
BY556249,BY556249
DA89692,DA63286
BM64986,BM64986
EH205528,EH162789
CA66987,CW243008
DP35138,BN462215
BL507849,BL254941
BE110657,CK5851
CW915754,CW1096127
DD65015,ER31926
CW197933,CW562854
CW731420,CW918353
CA80070,AS87974
EP31495,EH347802
EH1125803,EH1125803
AM104255,AM104255
EB70072,EH1012692
BN324068,AW163949
AL181822,CT44797
EH238104,EH488092
BY544864,BY314085
DL144468,EP103831
CW230429,CW1176934
CG29390,AY10443
CW234225,CW507943
EH419376,EH659569
BJ37967,EG58140
CW1142901,CW1142901
CW917113,DT160210
CW355681,CW171739
BY475145,BY521547
DZ38251,DZ38251
DK41606,CJ131524
DL187401,CA113202
EH194386,BY203162
BE391918,BE391918
BY368282,DD90591
BE341705,BE393612
BL31140,BL31140
CW1233065,CW498411
DW36030,CL51936
CG177565,DB200310
BN344937,BN304305
CW1184634,CW382495
DK24216,DK24216
CX11407,AP42576
EH96857,CW246325
BN231161,EH1059245
CW439605,CW710267
DL166712,DL168082
DB212684,DB212684
BB90551,BB92021
EH671857,DE254102
CZ120956,EH261419
DT150123,CE42218
DB269745,DB212684
CG136936,CG136936
BN518169,BN518169
CW585390,DE158506
CW218379,CW879595
BY481374,BY386189
BN254174,BA2179
AP63981,AP56529
CJ64126,BH80689
BE290293,BE290293
CW966697,CW1286633
DY33743,DY33743
CA89608,BE174423
BN428389,BN478911
BN142212,BN105307
CW806772,CW288766
CW500265,CW248122
BP58302,AA110730
CA101151,CA101151
BR37426,BR37701
AF11639,CJ4996
DS91500,DS91338
CW460854,CW243202
DL81978,DE98822
DG45465,DG25167
DT117670,BG51748
CW1101841,CW519494
CA73693,AX71690
CW1045646,CW40825
BL381556,BL381556
BY381208,BY381208
CW23680,BK10682
EH973314,EH973314
DA96176,DA96176
DB116579,DE155728
EH541670,EH334363
BJ28640,BJ28640
DB64785,DB47003
BN298697,BR102258
EM135936,EM135936
BR111160,BR111160
EH1036489,EH1110772
EH775560,EH729179
BL327900,BL327900
AN125686,AN95062
AA146169,BL250794
DL230319,DL230319
CW389401,CW144872
BH101859,BH101859
CW1152470,CW1301526
AN164072,BH117188
CG44778,CZ96220
EH887753,EH255666
CC120548,BB101069
CA14206,AA217791
CW811831,CW811831
DB305844,DB145786
BR93164,BR77780
CW784174,DG45728
DE183133,BH168951
BN210912,BN127495
EH556475,EH1086732
EH947838,EH780233
AP61717,AP8782
BR168956,BC57974
CW184202,CW184202
BZ53530,BZ73238
BR157479,BR157479
BL284608,DB103830
BB57377,BE101251
CW770223,EH169521
DR110356,DR117151
EN56841,CC100891
BR172654,BN429104
CW289305,CW473870
AG3647,AN104695
CW794336,CW833967
CW585011,CW277849
CW1142354,CW643944
BN317657,BN336708
CW276846,CW260208
EL20858,AS87974
AA107317,BL260160
EH314112,BE107303
DL254866,DL254866
BB54577,CW377231
BD97075,BD93716
CW767937,CW713368
CW745930,CW602700
EH856018,BY659273
EH1088914,EH778582
BD109402,BD109402
DB106227,DB67394
BP34837,AY17041
BE335829,BE335829
BH85348,CN43957
AD27177,DN111057
DA78250,DA61418
EH761437,EH558874
BL284520,EH485845
EM100437,CZ70399
AM88933,AJ21547
BE116148,DR61675
AX72059,BY498845
BR82335,CW667131
CC90465,BL287786
BL352477,BL353163
CW1167362,CW1118354
BL217511,EH658336
BY429421,BL221900
EJ6362,EH555185
BY99203,BY314206
AK93518,AN123163
BY371247,CJ46414
EH1216242,EH1216242
BY558268,DK42586
EH836387,EH1124103
EH103719,EH103719
BN223852,BN223852
BN352599,BN365488
CG128718,CG128718
EH535473,CW556259
AL64275,DZ25617
DA77479,DS86380
BE377599,BE377599
CW293435,BR76677
BL200638,BL247328
BY63709,DL121521
DB114451,BH106405
CW911932,CW859082
BL209554,BL127295
DZ41913,DZ41913
EH493975,EH485365
EH943743,EH729535
BD118302,BD118302
CW507696,EN56328
EM16797,DL193139
BY398565,CW614305
EA31891,EH179149
DD129505,DD129505
CA90184,BN243786
EP47661,EP47661
BN219288,DS112813
EM95659,EM95659
BJ10910,DH24301
BB39563,BB39563
EH845393,EH192540
CW440888,CW395643
BF40563,DL180915
CW1052820,CW1017495
ER31078,EH305177
AF14323,EH255666
AL68218,BB47575
CJ20833,DE62670
DB158794,DB218621
CW1196817,CW468083
BL457348,BL457348
EH498589,AP13711
EH827753,EH827753
BL491395,BL491395
CW724721,CW579985
CW252040,CW509829
DD125933,BE141599
DL152101,CC109375
CW62892,CW359915
DS86538,BP18718
DP34842,CC61033
BW43028,DE230503
CN48213,BP29977
CW703825,DE108056
EH853505,AM5896
CW1029872,CW380714
BE170480,BE170480
DL176246,CG93340
DE301776,DE301776
EF167947,EF167947
AP93827,BM2129
DE258398,AN113877
EH1100105,EH897215
BN468469,BN504384
BB17131,CA16563
BY409669,BY409669
DE315290,DE315290
EH850631,EH309987
DD77918,DR140963
BY598374,BY598374
CW958747,CW1045731
AW191786,DZ53891
CN49619,CN30632
BE453818,BE453818
CJ162808,CJ158950
EF145789,EH664349
EH752482,EH592817
BE128472,BE50229
BL10961,CW53636
EH134270,EH794525
BY532349,AN150043
CW262390,CW595839
AM37972,EH255666
DL3294,DL41773
BR104828,BR104828
DM8159,DL67396
CG20933,CC162608
BY577229,DT143873
CW569394,CW1075534
BN519809,BN519809
BE337802,BE337802
AJ34556,AJ34556
CW791960,CW1191098
DY19206,AL252080
CW829509,CW621990
EH1128051,EH1128051
EH465177,EH166809
EH301024,EH979324
DH54636,AN51713
DT91916,DT91916
BH141915,EF126293
ES14361,DT89719
EH585342,EH128160
AL254970,CW407077
BR171838,BR171838
BY276073,BY361060
BN318856,EP55976
DN74285,CS25808
EK14551,BL154027
BY668589,BY650598
CW700800,CW581529
DD5742,DD16644
CD7759,CD7759
EH617173,EH955043
DB182807,DB160566
CW619733,CW498346
CW1071199,AN155057
EH1231253,EA35014
CW972453,BF21094
CW495460,CW231746
DR18215,DR18215
BL191006,BL191006
AM37972,AM47727
DE34868,EB13034
CW1049801,CW732607
CW159864,CW98380
DT139958,DT160210
EP82250,EP82250
CC120622,BH32710
BH156628,BH145480
CW862315,CW464885
CW1095097,EH921057
EH1107448,EH1107448
DZ65094,CW654110
CA80541,AJ34556
DL227398,BL440276
DL149284,AL121338
EH194386,CG2857
CZ104892,EH610228
BE254925,BE257921
DD155081,DD155081
AH23019,AH23019
EH254449,CW1147092
EH1135972,CA115606
DW66589,BY565181
AL230206,CW1099568
EH967153,BF21094
CW1181083,CW1289462
AL341191,AS73674
CW1229789,CW517099
CP26782,AN101686
BE217630,EH237430
BN408190,BN408190
CW686133,CW315693
EH592293,BS15875
BY564124,BY564124
DZ7494,DZ7494
CW940470,CW940470
BM50017,BM50017
CW938930,DZ59373
EM123494,CL49562
EH612318,BC47977
CW202580,CW300901
CG96691,DL135941
EM86681,EM86681
DT106904,DD105207
AK101724,AK98896
CW272574,CW427007
CW985565,AM76905
CG191034,CG191034
BJ10910,BL182975
BY30405,EH343641
CW1141195,CW1027852
DL99161,CB53949
CY24193,CY24193
EH659999,EH659999
DB135094,DB135094
CA72601,CA72601
CW1011449,CW789525
CW808414,CW808414
CJ113844,CJ58973
DB305844,BR97372
BY535183,BY437902
DH23904,BL142193
DP26597,EH238244
DT106904,CJ138642
BL85410,EH168684
BY341603,EP63394
CW993773,CW505963
AL237825,CB93093
AX72059,BL421868
CW272685,CW176692
CW229964,BL188907
BY144680,BY376199
DN121665,DN121665
CW792705,CW790252
AN169488,CW1199989
EL68179,BL411462
BL190863,EH713826
BY399322,CW1170634
BE193684,BE25964
CW325005,DT87452
DE108376,DE108376
CW997238,CW175943
CB17160,EH235890
AN223938,AN223938
BP61611,BP61611
CW215662,CW403110
AL90475,AM53419
CW732607,CW789525
EH378404,EH309987
AL190284,AL190284
EK14551,CW387493
AA183362,AA183362
EH819015,BL348557
BG22738,DH41256
AP11740,EH750206
EH811765,BL346557
CN55808,CZ55223
AP47183,CA110442
EH64322,EH228836
BY199149,BY197017
BK43049,BJ35023
DL130829,DL130829
EH660335,EH660335
CW281659,CW341168
DE95257,DE95257
EH931609,EH931609
CW718279,CW581529
CW461705,CW559832
BN277950,BN540673
DE303845,DE253849
DB212548,DB139313
DE330069,BL530731
CW817335,CW817335
DE300327,EL90327
BB93601,DL115405
BY371339,BY286799
BL193618,DE102868
AN136043,CW879595
CW147964,DT142345
AK142100,AK142100
EH1159382,BF21094
CG104210,CG104210
BR183602,BY585683
CW350618,CW559651
CW949534,CW949534
BY667486,BY537616
DT106904,EN66150
DX41687,DX41687
EH1038740,EH414984
BE323299,EH385417
BR212602,AS101247
CW623302,CW623302
DS86538,BH82959
AL85779,DA71941
DD43695,DD158813
BR92459,BR105483
CW483142,CW1299897
CW145222,CW1201026
CJ100460,AK35755
BY524224,BY276073
DB49467,DB189851
AL43236,AL98910
BN423369,CL42086
EH359007,DZ9621
EH563338,CA110442
EH961052,EH961052
CW327861,CW600148
EH383452,EH304960
AX47641,DB118889
BE288488,BE317495
CN21106,EH348783
EH704163,BK23792
BM4017,BM4017
DR105031,DR93020
BR141538,BX13013
CW690742,CW499592
CG72782,BT10389
BL345643,EH833848
DL49798,AS51361
DL193909,DB95918
CW935955,CW1026894
DL148301,DL174032
EH1161687,EH1161687
DH51803,DH51803
AW198936,AW198936
AL333168,EH511472
EB63891,EB63891
EH183221,BN194734
BD86740,EH321357
BP62854,BH78644
CW408073,BD10347
DR99534,DR42306
EH538825,EH884709
EP71616,EH769815
AL193073,AL143340
CW824555,CW824555
EH205528,DT100576
AA151034,AA151034
CW871195,CW565161
BH43796,BH62707
CK11129,CW1170773
BE187808,BE344006
EH850631,EH921407
CW436617,CW745730
DD76669,DD111542
DB334166,DB103039
AP67200,BX20950
BC39621,EH780233
EA35184,DX63302
EH815754,EH138719
EH708998,DE154601
CW675203,CW451884
CW219926,AF25671
DT87035,DT87035
BL309880,BH19705
CW777206,CW777206
BL315711,CC120622
AL254970,CC127514
EH899787,EH803510
BR115529,CW180100
CW651683,EJ13408
BY544864,BY650598
DL182355,DL71566
EH528143,BR60230
BR186298,BR186298
BH97022,BW46155
BE407558,BE246414
BY247973,BY235937
CW71754,DH54208
EH409586,BL154027
CC44746,AJ19784
DE254823,BL339261
CW525022,CW411298
CW885859,BN308262
EH684533,EH831579
DC8400,BH52256
AN69220,AA71863
AL319455,AL46907
AA146169,EH138719
DL119348,CW453847
EH499289,EH499289
EH117972,CM32381
CT56614,CT56614
EF145789,CW796355
EH591737,DD100890
CL38445,EH642410
EH698060,BY486550
CW232491,CW335467
CG162052,EH694655
CT13873,AW118104
DB223295,DB244577
CW1078292,CW243008
EH805874,EH995975
EA39423,EH778184
DD44723,BY219975
AA166619,AA166619
EH899483,DE231201
CW639067,BL282678
BN433976,BN433976
DE147346,EH448996
EH108048,EH834120
EH655085,EH1264912
CW783615,CW783615
BN324825,BY540922
BB57377,BB117664
CN87576,BY517266
DW30884,DW30884
AM86080,EH240540
CT48303,DN111057
DK40712,DK40712
BL421509,BL421509
BH101834,BH101834
EH1114905,EH419290
EH321861,EL27176
AK113306,AA203322
DD126340,DD126340
EH701014,BH165891
EH1318837,EH1318837
EH459464,EH488092
AX13184,BE246262
EJ23951,DD90591
BY437003,BY12489
ES18856,DT108942
CW1364727,CW894625
CW597799,CW482269
EH160736,EH210328
CW923219,CW1101394
EH1054911,EH1054911
EH973686,EH973686
CC113492,CC113492
EF212299,CJ19280
CW905159,CW1272841
CW224715,CW1154079
EH304588,EL18149
EH1056862,DL161143
EH423740,EH312492
EH590913,EH123021
EH708998,BL193636
EH425590,EH281862
CJ87560,CJ82252
BM64089,BM64089
BY525987,BY525987
EH397313,EH548872
BN371463,CZ75035
CW1115348,CW581836
BT11286,DD120049
CW773031,CW954688
DA124149,DL85713
CP38925,CP38925
BG41112,BG41112
EH349974,EH1026603
CW1013522,CW1013522
CW1123313,CW331335
BN134648,BN62273
BN49251,BL105599
DE279989,DE279989
AA136491,CK11129
EH1028545,BP60081
AF22861,AF22861
DG61224,DG61224
CZ98879,CZ94766
DX39555,AG35227
EH752439,AA154646
EH553659,BL202260
BE403246,BE403246
BE332041,BE337802
DB28983,DB9684
AL30197,BB28322
CW982014,CW907801
EH271439,EH271439
BH95233,BH134903
CW608494,CW714663
CW1229250,CW1252535
EM91885,EM98166
DN129793,EB68535
BN307752,BN307752
EH942907,EH554638
ES8652,AL216228
CW534161,CW959464
CJ172032,CJ172032
DT20128,DT64208
BH67643,BH66272
BE246265,BE152610
AW176500,AW102395
CW403359,CW111986
CM43852,BN285294
BL11158,EH347802
CW1148515,CW885447
DL151000,EH731094
AP72598,AP42576
EH1186436,BY704787
EH458661,EH1012705
BE326025,BY561018
CW241084,CW241084
DE264520,DE199422
AG13654,AG13654
DD35153,CW667131
AL97376,BH143694
CW437750,CW372616
BE180320,BE180320
EF143324,BB117664
BL291008,BL148050
CW617186,CW294727
CW594335,CW419133
CW616802,CW221750
CW935955,AA158488
BN288037,CJ79549
CZ58333,BS8195
EF195490,CW563859
BB42501,AW131781
DM10636,AN22558
EH560717,BR100909
CR22045,CZ97572
BN51763,BN22785
AL363180,CY29403
EH523184,BL272172
EH970092,EH970092
EH213052,BL538401
AW171006,AW115720
EH1265278,AW209210
EH707308,BN312146
CW974648,DA86813
EH752439,BD95616
AW149720,AW152626
EH1021001,EH1021001
CX15057,CX15057
DB43560,AX30285
DB137922,DB273402
EH610396,EH296568
BY275561,BY222155
CM68981,CW804325
CW1193981,CW1020904
BR190210,BR195893
EH489646,DE95377
BL482558,BL392587
EH369830,BE70282
EH939214,CJ133000
BL292607,AA215324
EH840564,EH825623
EH703951,EG27572
EH563954,AW100183
DB241469,EH810121
CG146362,CG146362
CW750554,CW565912
CW1170601,CW165496
EJ25249,EL97212
BY692100,AX68481
EH768541,EH442330
CW1065762,CW1319974
BY398565,BY398565
EJ28475,EJ28475
CW1101394,CW1355188
ES21395,BN456609
EH806977,CW893573
BY378249,CN44567
EG15971,EG22790
CW764418,BL208358
DZ48762,BK33127
CW1154854,CW1154854
BH154189,BH154189
DR101561,DR82159
EH194386,CW231746
CW457984,CW1330915
CH50957,CH50957
CW584748,CW584748
CW826329,EH345667
ED55171,BR210249
BE328902,BE328902
CW424689,CW151982
BN375208,BN375208
CW779642,CW779642
DL211162,CE43825
BY469121,BY472436
DD66213,BL154027
CW820472,CW784174
CW1172507,BL314802
CZ71257,CZ71257
BW16151,AP47094
CW691940,CW802878
ER26739,AJ20438
EH765479,EH428455
CC57776,CC94479
DP27712,DP27712
CW1025570,CW691950
EH213052,AX14269
DE191149,DE147083
CM56722,CM56722
BY181708,BY127521
DD65015,EL27176
CW538044,BE199027
AP73139,AX16196
CW731178,CW778928
DR101303,DR97628
DL138616,BE12575
EH498589,EH527436
BE21268,BE250907
CW649407,CW252094
CW220342,CW1099899
DK35214,DS104847
CW774478,CW643944
BB43394,BB43394
CW672900,CW638062
BR189077,AY33138
CW613612,CW595661
CJ135756,EH823960
EH594293,DK19974
EL27623,EL27623
BY329183,BY329183
EG18693,BK28509
ER30646,DR47644
EH1020495,EH485845
BL193773,BL213273
CW543117,BL203658
DT29550,EH688954
CL15371,BY180413
EH1316466,EH1316466
CW1366977,AN96719
AL255683,CJ155408
AW104934,BR181985
CW361232,CW320944
BR188351,EH592293
BY410425,BL193636
CW1081662,CW900203
CW967344,CW1195824
CC53510,CW61328
CW655762,CW655762
BY526536,BY390575
BL447502,BL423536
DX35540,DX35540
CA47672,DB164920
EH289097,EH565147
CW151254,CW1114430
BR196901,CJ164688
CW748523,CW1286633
CM72331,DL240764
CG157702,CG83163
EM115383,BY498845
EH473722,DL210162
BN224072,EG13325
CW807585,CW558867
BN243410,EN61256
BN409739,BN410314
DT134354,DT134354
CJ2739,CJ2739
AN17006,BL11500
CW972453,CW621990
DP15038,BA9433
CW907572,CW745207
CW1119917,CW1285768
AL363676,AL99034
BL417653,BL417653
BE362558,BE288454
BB13767,EH66563
CW1169337,CW251736
EH546893,EH528588
CC120622,AP13711
CW1184634,CW244169
CW276060,CW316607
CW247713,CW531013
DB163948,DB163948
AA85148,AA85148
EH260191,EH128160
EH247088,AA69206
AL44536,AL44536
CE40964,CE44315
EH908692,EH908692
BL188653,BN238574
BN320092,DA35367
EH952718,EH952718
EH981773,EH1311716
CW662932,CW260151
CW182993,CW1315254
BY610327,BY610327
BL325757,AW137259
AL42642,AL66476
CW1243087,CW585352
CA73693,CG92211
DN125206,BL212102
BW43028,BY335141
CB29554,EG41270
DA87354,DA50805
BN63587,DA42039
BR204516,BR150140
BN448598,BN448598
BR149483,BR149483
EH105759,EH527415
CW1226536,CW17911
AP88407,DE51756
BN303522,BN312589
DB288034,DB288034
CN85560,DB258955
CW1157606,EF234360
AN236528,AW145487
DE266511,EH138719
DZ65094,CC78989
EF4783,EF4783
EH810121,ER34345
BY526350,BY526350
EG43309,EJ16498
CW391976,CW527885
CW791353,CW802394
CW247713,CW381067
EF121667,AA164623
EH979375,BD92047
CW234609,AL43386
DZ2745,CW2480
AW56604,AW56604
CW724721,CW523104
BZ28882,BZ37537
DH52906,DH52906
BY375539,CW203199
EH830580,BW57720
EN7782,DT63899
DL217530,DZ16522
DB235761,DL176078
BY234845,BY244904
BE126650,BE247271
CW952020,CW294583
AX78885,EM49559
BY83382,BY46516
CZ98387,DZ56519
DS102387,BR210249
BH142262,BH54180
BE343671,BE169422
CW161293,CW335467
EH708998,EH1161385
DB235761,CJ136848
DL185466,CZ76137
EH1056395,DZ69005
BY587217,BY587217
DS86769,DS86769
EH495025,AA94070
EH189952,DD116885
BN485763,EH598825
BH146235,EP101938
CW513895,BY335235
CW659934,CW519494
DS89567,DS89567
AM24933,EA2851
CW1101301,CW1032752
AB10798,AB10798
EH896108,EH1136422
EH257635,EH402293
EH592293,CW714211
CF5674,CF5674
DD122437,DD122437
EF41865,EF41865
EH716221,EH733895
AL51742,EH162789
CW421552,CW627942
EH1046293,EH1281402
DZ61934,DZ61934
EH806977,EH729179
CW1366045,CW621990
BR148314,CT51028
EP30143,EH132841
EJ22412,EH731602
CW969137,CW526394
DR90937,DR90937
BD79988,EF94423
DD100160,AG32414
BW17814,DL87843
EH200658,AX47018
BY497800,BY439183
DZ65094,AL169111
EH936180,EH936180
DZ65094,CM29334
BY315422,BY451078
BL516320,BL516320
AD6077,AD6077
EH428175,EH180326
CW256046,BK34224
BL166601,BN456609
CW679689,CW950155
AL221142,DM33101
BY691618,BY505886
EH1039260,DE276114
BR150029,DZ49657
CW751515,CW799387
CW877227,CW1286633
BE334563,BE240102
EH513654,EH1161972
EH1066003,EH429230
EH255732,EH255732
EH91358,EH440311
AM74653,AM57006
BY159016,BY180375
CN44771,AA143657
BN490190,BN459680
CA33889,BD74093
CW23083,CW23083
CW1368241,BL228388
DZ56361,DZ56361
CB28532,CB28532
AD4030,AD4030
EH419376,EL48801
EL84696,BR97372
BG32745,BG32745
DE76598,BY220267
CW1324277,CW976763
DZ36305,DT26807
CW320275,CW208798
EH379393,EH116155
BY476286,BY521547
CG74349,DD49065
AL118061,AL118061
CW610619,CA126134
DB182139,EM68800
BY693431,BR140083
CW1368241,EH1205615
BY507036,CZ114592
EH369639,DK19065
EH921407,EH921407
AM102002,BH156628
EH694655,DT155471
BN403749,BN403749
CW161422,CW249458
DB199588,DB180204
DA101642,ED39945
DZ75682,EF201479
ER20144,BH83528
EH212006,BH151572
BB104328,BB95939
CW324780,CW63784
CA96534,CA96534
AN126423,CW595746
AK96880,AK115221
EH561346,EH527741
EH1103539,DA110780
BW39333,EH769815
CW57988,CW57988
BL453733,DL236439
AS62439,AS46834
CC96098,CC96098
AW156061,DN94131
BK42245,DR93149
EH917120,CC69951
CW623302,CW959507
BN50789,BN50789
AY22112,EH659569
AM30563,AM30563
AF14323,AL361026
BY603687,BY632741
EH752482,DE227142
AW94589,BN390697
BB30198,AW111637
DR75758,DR75758
CW1164209,CW475302
CW515764,CW1331956
CW533512,CW390392
CW862372,CW570953
CW565327,CW664198
CW808467,CW808467
EH314112,AN126323
BN370522,BN370522
AN121620,AN157711
AX53197,BH154509
BJ27512,CZ47378
EH966034,AA168823
DA11131,DA32387
EH627799,EH627799
BR194895,CJ158696
AL157569,BG21034
BK12009,BR48140
CW698473,CW615566
BH97697,BH117188
CA73341,DL185475
CE41249,CE41249
CB35206,EL48301
AW183962,AW159266
EA20728,AL187215
CW1029872,CA36169
CW162116,CW122703
CW989215,CW1326535
CW533126,CW600646
AK93518,DL167053
CJ169697,CJ169697
CW321296,CW231806
CW1124857,CW618305
CW758081,CW1300228
EN32745,EH473435
CW807585,CW305052
BW46185,BW62790
BY315422,BP17059
DX5211,BG59423
DB246963,DB275709
EH830774,EH830774
DB244337,DB244337
EH699877,EH484605
EH144766,EH986451
EH898582,EH948463
DD163837,CW1181800
AM84542,AM84542
CJ123243,CJ129064
BH95233,BH74140
EP69358,EP69358
DT29550,CC85882
EH866253,CA73525
CW109605,CW109605
AY22112,BG59423
AW76369,AW76369
CG24903,CH47857
BN389657,BN447735
DB305844,AG46221
DS102387,DZ40969
AL170900,AL90706
BE294798,BE294798
CW1362927,CW955100
DM16697,DM16697
EH179763,EH402293
AL226912,AW150647
BE36833,BE347612
BK24822,BK24822
BS13009,BS13009
AL314336,AL281152
AA214731,AA214731
CG146937,AK50677
AA207501,AK169767
BN399466,BN380967
BH7085,BH7085
AL184608,DB85003
AL204345,CN30877
EH741121,EH237109
AL140778,DB132537
DZ62354,CL51936
DJ16170,BY56087
DR32360,EF98882
CG154239,CG154239
DS106263,DS106263
BK33127,DL170664
AN50007,AN109394
BN423369,AA169664
CW596030,CW968937
EP85338,AG35227
CW441751,CW201139
CL55104,EH818103
EH594430,EH138719
EH507712,BY429159
DE242774,DE202580
ES14141,EH343641
BB45240,BB45240
CW993773,CW223096
EH613643,AM70145
EH699016,EH884709
EH567883,DE227142
CW1294808,BN463049
CW958612,BY335235
DT9413,AM19267
BL397794,BL272389
CZ91570,BG13515
CW522717,CW366696
DA33039,DA35154
DD126218,DD207410
AL278949,AL335694
CW914754,CW914754
BY132048,BY132048
CW554828,CW456221
CW661149,CW661149
BW35837,AL173589
CW26367,CW40818
BN103559,CJ24502
CJ55294,BR76114
BA8961,DN94472
EH694655,EH389927
CL30416,CL30416
CG109093,CZ41445
BH142262,CH18887
EH592293,EP56950
CW495460,DE269401
BR188351,BB117664
BY573260,BY573260
CG134870,AP81982
AP80463,AP82457
CJ80670,EA48386
EH352669,EH249917
BR183991,ER34268
CW498346,CW304482
DA19284,AN122893
CW990178,CW319968
AW111561,AL99280
CJ46304,CJ137567
BB82545,BB82545
BL258096,CA133633
EJ13474,BF13511
DD40300,EH392334
BK33716,CA129121
EH78350,EA7271
DT9413,BE57173
DB107669,DE127114
BH65378,BH65378
DB8553,DB144055
EH810121,AN139468
EH815754,EH496984
CM60711,CM60711
BR126449,BR136636
BY622079,BL159600
AW173314,DR97920
BE408736,BE408736
BL424883,BL424883
BE274410,BE14446
DE96178,DE108687
BY613975,DR25358
AJ5381,DD130583
CW747230,CW748469
AW192461,AW192461
CS31679,CS31679
BE406145,CC95636
AL81754,CW1221407
DA102023,BH184479
CW520354,CW499592
DW57874,DW57874
BE354476,BE354476
DB159765,DB159765
EJ15235,EJ15235
EH802612,BD93716
CW736028,CW718888
EH1061885,EH576280
BY154090,BY154090
CX19611,CX19611
CW798227,BY497053
EH866253,EM73739
EH825167,BN380422
CW695560,AM85451
AL229493,AL179570
BY662416,DL217565
EH403455,CG6470
EH1231253,BZ55524
AN198800,DD113778
DB248135,DB249440
BN438837,BN438837
CW1159550,CW871755
AL344006,AL344006
BN339065,BN239361
AS70050,DE108056
EH234963,EH321357
AA124519,CW231746
AL89705,CC63479
CW198732,AW60613
DE11605,DE8544
CW617186,CW535246
EH997375,EH385417
AL197759,AL197759
BP66873,CW1152046
DL224125,DL224125
EM87465,AD23942
EH494621,AM55688
BN319722,CA130300
AL251373,BL452978
DB125787,DB127203
CW522717,CW228359
CA33889,DX19605
BP44940,BP44940
EH860266,AL311555
CG170751,CG170751
EN46398,BR105483
EH794912,DT95445
BY372432,BY540922
CW862372,CW448950
CJ142021,DB137404
BN425055,BN425055
BH155653,BH173396
BE131017,BE106585
AL151253,AL151253
BY480291,BY480291
DN72640,DN72640
AK61851,EH402293
EH755245,EH755245
AL217368,BE450651
BN304006,EH206074
BH70267,BH70267
EH694655,EH697544
CW806196,CW804661
CW793049,EH522892
CE46041,CE46041
EH718925,BN394465
EH718925,CN102344
AM93242,AM93242
CW938930,EP73553
AW114138,AW114138
AA136491,BD135776
BB88932,EH149027
AM66752,CJ207780
EH321861,EH650779
EH257635,AP8782
CW596989,CW699690
EH759391,EM113815
EH933338,EH806009
DK28923,BE260395
DN137004,EH914493
BE263321,BE118085
BS13371,BS13371
EH992256,EM107597
EH195546,EH527415
BZ24029,BH184479
EH550761,EH550761
BN417416,BN413113
BW22810,BW22654
BJ23448,BH139631
EH1184547,CE27421
BY278699,CC12785
BE334563,BE214939
EB43299,EH919673
EH369557,EH230527
DB169275,EM68800
CG101583,BB117664
EH321861,AL190305
CW441751,EH575333
BN453994,BN521357
BY539294,BY670089
CW150636,CW140993
CT58196,BR76114
CJ150694,EH548003
AN123214,AN123214
DE271354,DE271354
AL71306,AL71306
EH757920,EH757920
EK21583,AW92705
EF163917,AL311555
BY509351,BY264291
EH742384,EH124654
DB193733,CS27308
DX48984,DX48984
CW242741,CW454134
CW1020570,CW1020570
AW132511,AZ7530
CJ123083,CJ123083
EH976657,EH192540
CW376435,CW690742
DT137003,EL86159
DL174032,DL81978
BN211690,EH681585
CW365787,CW378497
BM62274,BM49222
BY692215,BY692215
DL283511,BL439267
DB119364,DB312947
EH585342,EH697654
CA83553,DB113852
CW1029872,CW806660
EH1109327,DE294044
CW637966,CW334171
DA47458,DA71941
EH246448,BH118293
EJ19492,EJ19492
CW293624,CW1179660
EP85338,DN97904
BY30405,BY222155
AA163320,DL217259
CW1155120,CW493543
CW578879,CW1319588
CW387665,CW990080
EF159127,EF162689
BB63680,CE27421
CW1274843,CW1019657
BB69322,BB69322
CW162049,CW175253
DD182606,AM7457
BX17910,BX17910
CW392925,EH348783
ES12183,BN102547
BY472272,BY496323
BY56086,BY56083
AL344608,AL299512
BA4915,BN333636
AW179985,BR174150
CW1070675,CW860786
BN295350,BN346351
EF125467,EF125467
CA51612,DL67396
EA40094,CW503045
BY168988,BY85129
DN90190,DA71941
CT42557,AP69359
AW79502,AW164284
CB62112,CB62112
BN496354,ER24957
CW296756,CW602026
BC39621,CW244533
AW150155,AW150155
AL204345,AN51713
DD67486,CW602202
CW893381,DB246104
CW785141,CW817679
BN481122,BL429712
DD60913,DD60913
EH1127008,EH1127008
BE198090,BE164592
EH640017,EH328168
EH802592,EH575333
BY716400,BY601663
BN187745,BN12247
AL254589,AL254589
BY646830,BM5630
CW451755,CW599753
DD84959,BE12575
AL64275,AL115165
DD202616,DD202616
CW282525,CW1045731
EH953595,EH42997
BL380965,BL327311
CJ35795,CG2857
AL155817,AL127097
DB74119,DL168331
BR97251,BN260160
EH542373,EH298184
BC58853,BC58853
AN125686,AN94568
DE196242,DE211614
EH1122660,EH1122660
CW1115442,DT85352
AL90315,DT89719
EM102023,EM102023
CW882979,BK35536
BN313637,DE313119
CR25915,AB38383
BR132541,DX35022
CW582033,CZ22257
DB288388,DB288388
AA96092,AG3647
EH883177,EH883177
DE257824,DE257824
BR173136,CC13471
DB331205,DB154632
DB207984,EL97212
CW736475,CW805278
BP50830,EG25428
EF119873,EF121627
DP23822,CM25074
CW634097,CW1049697
EF78228,EF56403
CA66987,CW708699
CC36643,BW56045
EH639278,EH639278
AA74327,AL255570
CY14856,EF55811
EH1123956,EH1123956
BY258727,BY114765
CW959613,CW615170
EM104516,CC122509
CW1081662,CW898508
DT29550,EH376204
DE287119,DD189644
EH358213,BL149789
BB25068,EG23637
BY455362,AK3743
AB39686,DH31743
AL312632,AL300165
CW210693,CW300901
BY216436,BY64617
EH1016137,AW103287
CA73341,CW1127590
BE393465,BE393465
CW327861,CW466430
BY611306,BY611306
EA51366,EA51366
EH281179,EH281179
DD66533,EH116155
AD17944,AD17944
AN163114,BY390948
DN49116,CJ24502
DT110011,AZ9872
EN51786,EH519368
BC25433,BC25433
CW824141,CW806660
DE200648,CW634538
CW1020874,CW1147092
DA4483,DA4483
CW910020,CW217139
AN129961,DE127114
CH50502,CN87837
CW832259,CW832259
CW1201271,CW848320
CW852774,CW162051
CW1086058,CW978360
CW55672,CW1273018
AA207501,EJ23951
EB50207,BK39505
AL133130,AL124784
CW643770,CW535246
CC116994,CR9628
EH1064128,DL98502
CC41226,BH65670
DE262678,AP80375
CW748523,CW1220151
CW385847,BE117278
CW975481,CW725789
BP31215,CW345585
BH92545,CN30399
AP31140,BN151228
CW539151,CW203785
BN367966,BN367966
AL195390,BZ37787
CW650598,CW606666
CW1221645,CW496101
CW340118,CW483468
DA93038,DA77105
CW216805,CW975134
EP68961,EP68961
DB208794,DB64202
BL217511,BK43264
BH128143,BH139631
AS77029,DL217259
DH46020,DL92048
CA73341,EH589258
DE279844,DE279844
CW568256,BE138182
EF141831,DE147345
EH247270,DL145851
CW728954,CW514112
CW733012,CW1116783
BN384240,CB4213
CW835686,CW918353
CW1025570,CW1025570
BR192547,CT44797
EH882604,EH833026
AS72003,BY548969
BY17633,BY295103
EH741121,EH741121
EH1124103,EH1030972
AL64275,AW208956
CW1070675,CW464254
AW99833,AW46743
CW556259,CW556259
BL453733,BH134730
BY102935,BY276933
CC126285,CG147013
AB25016,CR9628
BN184776,BN156816
CW1117966,CW377063
CW716671,EH914756
EM61534,BY22585
CW215349,CW1092344
EH777027,EG43930
CG17772,CG17772
DE281319,BL276267
AN144974,EH579549
AB23169,CC57576
EH1220806,EG50858
CN43728,BC41185
CW703249,CW860786
AP95942,CG2857
EH514875,EH514875
CW146667,CW146667
CW1162310,CW1370224
CC81065,EH149922
BY376753,BY278437
EP4879,DE37695
CW439605,BY410402
CW1070675,BL523678
BB88899,BB88899
CW359642,CW359642
EP99279,EP99279
BR204316,BR205262
DP55758,EF191754
EH1184404,AF26206
AS64069,AS64069
EH528143,AZ9872
DE270843,DE270843
CN66820,CC82395
BJ10910,CW78698
CW1260064,CW760797
CW110649,CW439741
EL89704,EL89704
DB233228,DD91806
BN419855,DX29603
EH608651,EH608651
CW364337,CW460280
DR105841,AW170709
EM39481,CW470124
EH225929,AZ5927
BY577498,CC159583
AK16479,ES8730
CW1052942,CW1023001
CC42000,CC38527
EH919378,EH919378
CW477594,AN32871
CW726288,CW726288
CW122086,CW122086
BY216436,DL10218
AB38035,AB38035
BN319764,BN353478
EH1054911,EH1312123
BR52469,BR52469
BL237651,BL237651
AA135701,EH354244
DB285462,DB300616
BN350402,BY507003
BR53025,DR99118
BH80806,BL322117
BN468584,BN468584
CJ134746,BL530731
EH1224954,BW55571
EH321861,CW1052908
BR9978,BR9978
DN132837,EH809331
CW941030,CW248122
CW221166,AP79072
AA164934,BD117775
DD40017,DD148456
CS24495,BN314202
EF43126,DB123626
EH489266,BR122736
DB74339,DB60799
BY413488,EH1006844
CP31222,CP2519
CW1014351,AW169856
BR92459,BK34224
DB169275,BE218208
BN343632,DB103830
EH213587,AL169111
BN491762,EH666160
EN25836,EN25836
BH78265,CG144418
CW829509,CW1127590
DE208054,DE208054
EH166873,EP26062
EH98770,BY142397
AN143526,AN143526
CW755694,CW543412
CW1244221,CW499592
CW278418,BL257589
EH440629,EH403004
EH325311,EH325311
BS8399,AM67740
CW488994,CW928819
BY57345,BY284678
BH102733,AB22843
EP39482,EH1006844
AM15732,AM15732
AT3686,BE256749
DN65199,BY237734
CB80153,CN87837
CG22291,AL77201
DN113484,DN140107
DM27079,AP77180
BP44685,BP44685
BN355401,BN355401
CG153274,CG147013
EH177561,DE73081
EH742067,DE68473
EJ3586,EJ3586
AN63886,BY394662
CW896761,CW629209
BE274313,BE274313
AW182036,EH367083
BL443805,BL443805
EH1249363,AP80586
BE21268,BE141487
BP32754,CW750856
DL256113,BL419657
DE95143,DE156365
EH465493,EH511472
CW619775,CW619775
CC96044,BX10664
EH1212994,BR221099
CW334972,CW334972
CW951423,CW1273196
CW1076847,CW918353
CW357548,CW321697
DX48700,DX48700
BL398769,BL398769
EH297724,EH419290
EH579903,EH478771
CW1063784,CW1063784
AK16479,EN8226
EH392334,EH376280
CW568256,CW447724
AR12690,CZ105639
BR124940,BR124597
DR24064,DR82470
CW1294808,CW833926
AL156427,AL32838
EP93171,EP93171
CW102115,CW79323
BL109413,CN22974
AL93531,BC13014
BZ33239,BZ33239
AK94468,AK94468
CW1128954,CW1329870
BL386106,BL293491
EH666701,CT43551
CG139134,EH469596
CG63380,CG41773
EH921036,EH921036
CW907387,CW712414
CW391025,DE127114
AP52529,DF14388
CW442326,EH1161355
CW302925,CW1036917
CW643136,CW643136
EH286127,CW326043
BY559931,BY592343
EH1178340,EH1178340
AX39077,AX38322
CN36570,CT19768
CW1081662,CW764053
DA100007,DS86380
EH533218,EH488092
AN183314,BL179417
BY315652,BY255798
EH285265,EH312492
DZ66646,AA146042
CZ82157,CB93093
BY409669,BY327350
BX15813,EF98591
BH142185,BH142185
CW1105122,CW441972
DL219742,DL219742
ER18825,CB29312
BE408820,BE357131
EF141831,CZ33551
BL171876,BL171876
AW169943,AW169943
EL58969,EL57630
BR79693,BL216701
BY413488,CJ116394
DB156260,DB156260
BN361225,EH391668
EH729082,BW48570
BE221938,BF21094
EH803724,EH803724
AX73513,DE178206
CW391025,CW491547
BP18718,BY705013
BP17987,CW222001
BE367946,BE367946
CW684196,EF125131
EH823827,EH823827
DB219771,DB219771
BY314100,AX81335
BL412345,AA176890
CW1020874,AL104595
BN552153,BN266755
EH1163185,BR12220
CN54005,CW846716
CP15821,DX13189
CB73583,CB57671
BY447933,BY537616
CW320275,CW525155
BY413488,BY231826
BE395170,BE395170
CG160533,CG160533
CN49948,EH164982
BB3332,AW12044
CW575873,CW916361
AM85552,DB327781
DN73518,DN69327
BY628324,DE242116
EH747175,EH1311716
CJ80670,CC58478
BY47543,BY47546
BL486984,BW58562
CC81312,CC93859
BR17089,AA95622
CW814027,CW340774
DP35138,AK66169
CW486914,CW260208
AL147193,BY371415
EM16797,BN390697
BE355242,BY682517
EF134195,AN139468
CC148483,DD123481
BE281053,BE281053
CW692815,CW692815
BY329938,BY545171
DJ8696,BY527404
BY694706,BY588986
BY368282,CC153196
EH248677,EH355976
CW1149470,CW933188
BL432136,BL430094
CW146538,CW177887
AS50797,AS100791
CW293460,CW477007
CW653213,BL260160
DE245107,BY506923
DD163837,BT13109
DN83305,CC5447
CW238585,CW442916
BY232239,CG176755
BN443379,BN443379
EH858634,EH892125
EH421263,CC25702
BL160180,BL198863
CW764418,CW761233
CW895721,CW128703
CJ112071,DE116954
AP78526,AP78526
AK34619,CA126134
BB39619,AK40257
AX26885,AX26885
AN129546,AS44800
BN289880,CJ101000
CW996923,CW996923
EL23329,EL23329
AA145073,DN114579
EH628690,EH628690
DE59790,BD33028
EH68011,AS53155
CW273810,CW873976
CW821758,CW1327462
BY560832,BY560832
EH717402,EH189593
EH627149,EH822409
BD144894,BD144894
EH340374,DT65800
BL198326,BB56229
EH1110202,EH825623
CW912240,CW162419
EH244112,EH316558
CW202133,CW128387
CW1330495,BN364918
EH314112,CW439741
AK93518,BE247036
CW728812,BY325545
DW11625,AX70302
BN72208,BN60196
EN50049,AX30332
BL403766,BL189285
BA4724,BE122711
DR134649,DR134649
BN317657,EH622632
DB193184,DB65288
BL406849,BL406849
EL49242,BY375908
BE350606,CW942511
EH216119,EL71267
CW133457,EF37512
CW758081,CW167232
CJ21942,AX41402
BB69679,BB69679
BR136456,BE212810
EH280682,EH414984
CW307738,CW1219927
BE343671,BE343671
EH380410,EH511472
DE291962,DE291962
DR42944,DR42944
EH981773,BN530276
BB119379,AP64158
DE215965,CZ12195
BL385304,BL339184
BY378249,CB49899
BY328609,BY299343
CW455959,CW429104
CW1176573,CW1176573
ED55171,DZ40969
CW99061,CW99061
EF96105,EF161519
CW686133,CW455459
CW985726,CW1360712
AL155817,AL176754
CZ104892,DD108057
CW424689,CW1176934
EH1061885,DZ49657
CA105577,AA169664
DE285006,DE285006
AD29338,AD29338
CW634097,CW699690
AN120941,BD90679
AA201184,CS14824
BG33721,BG33721
DB237375,DB237375
BY296011,BY79653
AW111561,AE25450
CA85890,CA85890
EB77361,AW104861
DT115196,AN123163
BL395295,DL220655
CG184350,CG184350
BN515231,EH442330
CW827452,CW475302
DT122885,DT122885
DD163837,EH935462
AN186617,CW411539
CW619135,CW974398
AK154468,CW813204
AL247048,BE362301
DN147142,AL174739
CW43788,CW602333
EH815527,EH389927
DJ13293,DJ13293
CG139134,EH666160
EP33053,DK7973
EH939343,DA50805
EH260191,EH697654
CG108024,EH575416
DK30887,AW152180
CW125384,CW647529
CW419469,BN308262
CW561362,CW581836
CW489957,CW648514
CW503452,CW503452
BR140453,EG13325
CW938222,EH835550
BY575508,BY612958
EH600776,EA37018
CW1044580,CW590626
DK41520,DK41520
BL315711,BY705013
EH223518,DE167212
EH170635,EH214039
EH923760,EH121147
EH423281,EH423281
CA32365,CA54008
EF163917,BD153497
AL73327,BL202260
CT45626,CT45626
EH704163,EH331681
CZ110535,EH737779
AA124519,DH47037
BH54931,BH157768
AH16932,EH428116
EH707472,DE239045
EH761437,EH485845
BH102733,AA71863
CW335671,CW464885
EP39482,AM5222
CA11753,EK4362
BE75008,BE247528
DB137922,DB122846
CZ22257,CA55567
EM80803,AN172019
EH1006682,EH433849
DD67486,ED33680
AL70862,AL115165
CW1140721,CW1316700
CW597684,CW411539
DN131344,DN131344
CG162942,CG25780
CA115545,AL174739
BL393541,BL393541
BY408420,AL117024
CC114829,BB4063
DD65015,CW1052908
DB259645,DB316395
EH295412,EH379995
CW637966,CW356526
AL273772,BG46102
BH85348,AA73745
EH1129564,EH1129564
BY501617,BY86668
BE301832,BE301832
EH823960,AA110730
AX46481,AX46481
BY578833,DW55467
DB313084,CW882979
CW472117,DA35367
EH391253,EH208050
EH784578,BL182975
AL277748,AL277748
DT94877,BH102004
CW952482,CW925916
EH1130602,EH1130602
BL261971,CZ121627
EH639709,DX41318
EH999472,EH423200
CW707159,CW327290
CW388104,DE92848
EH667546,AD23942
CW346209,CW1170634
CW231898,CW231898
EH1134665,EH1134665
CW1142012,CW710267
CJ75872,AL300350
EH930378,EH930378
CG76010,CG16769
EH405901,EH392849
DL193909,EH233961
EH809934,EH809934
CW302925,CW600148
CW862372,DD124206
DR116702,DR116702
AA164934,CW1082771
CW216484,CW306197
BR82335,AM85451
BC66199,AL85573
BY333609,BY333609
EF84898,AM69493
BN457859,BN457859
AL85569,AL85573
EH221161,EH162789
BW35837,EF98591
EH288611,EH256858
EH134705,AP35297
AL319071,AL319071
AL198550,DD118325
CW1024308,CW1147092
BR115529,AY19965
CJ173939,CJ173939
AL43236,DL121521
CW1008596,CW782526
BL287804,DL122414
BE262371,BE150640
CG91125,AP69071
CW893281,AL197991
BN319795,BN319795
CN28475,CN28475
BL393659,AX48819
CW980398,CW725789
CG124558,BE57173
BN417351,BN263774
EH418323,EH405290
DZ39374,BH54346
CG64122,CG57800
EH1050557,EH934153
CW1276702,CW501481
DB168615,DB168615
AK56991,EH414984
DB214768,DB214768
CC144408,CC144408
EH195894,BR76677
CJ179430,BH140846
CW528091,CW570331
DB106227,DB106227
BN471713,BN471713
EH851023,EH416851
AL166548,CJ113532
DE265650,CW975531
CW1175253,CW89775
EH686014,EH686014
CW1185489,CW1017899
CW944660,CW944660
DL237293,AN180429
CW967116,CW967116
AN216548,CW1023001
BN415262,BN462215
CC90465,EH522761
AL321198,AL321198
EH779937,EH779937
BE428655,BE369384
DB252306,CG152936
EH325076,BY186729
DB240717,BY271016
CH53531,EF57349
BL64082,AX11511
AW89465,CW1221407
AB37531,DL256578
CJ154428,BR167960
CW1286126,AK124073
CW1137695,CW918353
BZ39768,BZ39768
CW391976,CW391976
BY137305,BY19820
EF198387,EF133517
AN136043,AA71863
BN328076,DD91806
DB245553,DB245553
BR48044,CW268477
DJ7937,EH416540
BY475045,BY334102
CW158821,CW254626
CC151687,BR210249
EH263256,EH717130
BR154648,DT85352
EH708998,EH840341
BK11187,BK11187
BL384906,CE27421
AL275102,AL299512
BB25068,DH4698
EJ23951,EH769815
BE247693,BE247693
CW854600,CA59256
AA186091,AA96238
CW488994,CW488994
AL51822,AL51822
CE19373,BA6237
CJ80670,BC70638
CW327861,CW493543
AN44857,EH651166
CW703249,CW592873
DB237668,EH687038
BY537602,BY537602
AL208657,AL101744
BE373691,BE146350
AN40604,CA54008
CW1101301,CW1101301
EH1006682,EH388072
EH366954,EH382157
DE174563,DE44717
AN126145,CW349887
EF162222,EF162222
BR169124,BR169124
EH194386,EH780233
CG22291,AW158497
DD92307,DD92307
DL247273,BD112806
CW312757,DA35367
EH665978,EH665978
AL312866,AL312866
BN553104,AS87974
BY572268,BY572268
CW960850,CW834951
EH304588,EH230527
EH414087,CW824141
EH213052,EH784706
EH779504,EH621518
BN327077,AA98488
CW559812,CW703973
BN391333,BN92975
DA70519,DA70519
BF20902,BR156263
EH967968,EH551853
CW165496,CW393012
BB80232,AG35227
BE18581,BE107303
AL204345,AL72084
CW1244221,CW720775
EH850631,EH283777
EH458661,EH986631
CA83936,CA83936
CW573579,BE219529
CW623302,CW1049919
CN64347,CH59695
AM100167,AM100167
BY475045,EH237430
EH654856,EH784979
BE276446,BE276446
BE252406,CE19237
BY661951,BY705013
BN321221,BD129706
EF134195,CN87837
BN149236,BN149236
CW569916,CW957517
DL96466,BL245406
BH119034,DD87571
AN157765,AA169664
EH1265820,EH921156
BE89968,BE256749
AP11740,CM22234
BY587864,BY587864
DN52146,EH622632
BH126639,BH44877
AA111225,CS19926
DB255423,DB206392
EH1108561,EH299713
BN337803,BN337803
CC58693,EH442330
AP39148,BD67776
EH903348,EH903348
EF145789,EF78748
EH1205146,EH455198
BR172654,CJ156390
CZ58333,EH200724
CW581030,CW1321425
DH46686,DN88981
DL242397,DL242277
BE465091,DB327649
AX71529,AX71529
BL254941,BL254941
CW875529,CW590626
DR126235,DR126235
BB90582,DD225516
AL319823,AL336292
CB53505,CM41124
CW655785,CW655785
EH591067,BE217424
CW343260,CW343260
CL39785,EF78748
EL3676,DN27423
AJ27981,DK18371
AL224016,AL224016
EN22726,BH102004
EH438322,CW77124
BN86510,BN105307
CW99807,CW268174
BY193785,BY81656
BL203001,DA4068
EH717600,EH130659
CW691940,CW649385
BC65069,BC65069
CW11877,CW38104
DE207257,DE201724
CW950475,CW950475
DS63962,CW445600
BW63343,BW63343
BH125038,BH83528
CE48074,BD111003
CW736548,CW749739
EH1205149,EH1266337
EF141831,BD112806
CY33042,AN7741
EP69336,AK124298
CJ80670,BH84915
DE291412,DE287154
EH337976,DT28999
EH490290,EH331681
CW1093424,AM84042
CP46981,EH1124103
CC122643,CC122643
BN112689,BN100357
CW862702,CW492673
EN66620,EN66620
BH108722,BH83528
EH802748,EH802748
BY68404,BY448970
CW697209,CW430686
CH59357,CH59357
BN468876,CW1344389
DW67859,CE42218
BL36864,BL58483
BE312121,BE312121
BL183158,DE177749
CW998298,CW594566
DB112488,EH622632
AL289687,AL289687
BY400438,BY537616
AN122728,AN146050
EH268069,EP70736
BE420495,BE420495
DD107539,DD107539
AN50007,AN89614
CW184648,CW632661
BL258096,BN358757
BC63632,BC63632
CW679801,CW452437
BD108628,BD108628
CW1255160,CW1332353
AN74893,AH12300
BL339063,DS68139
BN362520,CC85882
BL166601,AL112656
BC39621,AN98663
AK105251,AK105251
DY16269,CW394346
EM100888,EH966398
DN94325,DN94325
EH768842,EH1079819
CW908668,CW632661
AW132511,DB130077
CJ46304,AG56103
CW220342,CJ45680
CW629462,DZ55629
CG101583,DD116885
AL71648,AL71648
DD95751,DD90591
EH884709,DX34766
BY325478,BY401125
EH1318939,EH1318939
AL64903,AL354438
AK70741,AK42989
AL108527,EH1153648
EF176929,CG2857
AA60261,AN130752
EH981773,EH1109734
DE238583,DE285012
EN29730,EJ7624
DL144468,DD113995
AA113631,CB60553
CW543117,BE138198
CW505284,CW505284
DN47563,CM25312
BY329127,BY329127
EH966712,EH966712
EH423740,BW28624
CW538044,CC99592
BY315652,DE167212
AA113661,DN75802
DD73387,CC25749
AN95123,AN142651
DL235389,BW56210
EH671716,EH324549
DR13637,DR13637
DA8132,DD66195
CW1051343,CW376371
EH400546,AX60683
EH1050275,AL63509
AL249331,AL166446
DT120918,EH732215
BR188351,EH764246
AA127761,AA127761
CW1010023,CW151881
DE119609,EB45789
BL217511,AS73674
CR23598,ED48831
CW560870,CW487698
CW919337,DL246954
AE30202,DN143717
CW807585,CW807585
DD150280,BN162541
DP42763,DD90591
EH640628,EH640628
EH419063,CA42781
EH211812,EH510447
DL92206,AJ3062
EH1224451,EH1224451
CW585011,CW165496
DT41399,BN248382
EH149209,BN238907
AF24276,AA155212
CW1043659,CW333852
EH82112,CS14824
BN405212,BN403438
EJ25249,AA162407
EH1074489,EP92577
DA73675,BL75394
CW466981,CW1198882
EH194386,DH47037
DD126512,DD75135
EF152457,EF152457
CW1054680,CW1104639
BH86420,EH564863
EH1216763,EH641814
AN89921,DW34571
CW312757,CW111116
CW28913,CW36447
CW935955,BP54062
CW1073079,CW769228
CW1126916,BK24914
EH1166671,EM41375
EH496756,DB170768
DB107038,DB180455
EB38685,DL124411
AW152986,AR14488
EH937793,DE278119
BY554848,BY219975
CJ89077,CJ89077
BC10935,BC10935
DB285462,DB287020
EH494621,CM43490
EH392334,EH258369
BL303034,BL303034
CW864169,CW755694
AD32413,AD32413
CW564723,CW108902
BL319568,EH1194409
DB282475,DB282475
CW693519,CW693519
DB175671,CM52878
CW293435,CC25702
BR79693,BG59423
DB220578,DB220578
CW893134,CW740059
BN245371,BN266516
CW865945,CW865945
AL168479,AL149672
CC121787,BH96500
EM65529,AL361026
CW484833,CW746583
BN349162,AP40042
CG141462,CG141462
BE183439,BE183439
CW1124857,CW439605
DE266974,DE266974
CM32974,DZ32219
DL142534,DB59601
BY84541,EH646623
EH57221,CJ60888
EH671109,EH379995
EH592293,EH884345
DS59434,CX13422
AL330022,DT114697
DB282885,DB282885
BL34857,BL93317
CW320202,CW936988
EJ13399,EJ13399
DD60845,CC109375
CW804721,CW804721
BR203335,CZ121627
BY230864,DD70129
EH708998,CW519494
CW629462,CW1324975
BW19010,EN38935
DB58823,DB101381
BY523112,BL279675
BL499949,BL499949
BB113130,DL272353
BN295350,BJ10573
CW347936,CW1332787
CZ94725,CZ94725
DE242625,CA77577
EH868352,EH687016
AA101523,CW306197
BY230864,AP79072
CW556048,CW535240
EA14836,ED15538
BB106559,BB106559
DK8763,BD33664
CZ47834,CA90579
EH366954,EH236036
DD37593,CW430802
EH113314,EH222923
CW315634,CW387933
CM53602,AF25671
DL185261,DN41692
CW238574,CW1198938
DD21544,BC44775
DD196720,CJ128494
BE166506,BE450651
CW499678,CW316607
BL139276,DE58457
EJ16045,BD47906
CW668169,CW1167829
CW161293,CW731075
CW517873,CW649385
EH266518,BW24385
AB32361,EH331520
BL260522,BG14675
BY472272,BY513388
CW887481,CW887481
EH977442,EH977442
EH504540,BN364847
BH101912,BH101912
CJ114252,CJ114252
BN159361,BN156816
CJ131792,CJ190341
CW824141,CW380714
CN21106,CJ79549
EF167421,CP19705
DZ63011,BB101069
AL152757,AL103378
CW653213,CW1324975
CR24077,EF48780
AX38541,CZ119391
DD75423,DD75423
DL155747,DK21057
BL336038,DE161797
CM53602,CD21139
EH874405,EH874405
CG125403,CG125403
AA107317,AA107809
BE233753,BE244600
CW162116,CK12464
BN102803,BN257706
DB185876,CA20580
DL163094,BN312146
DS102387,BL282678
BN444848,BN437317
EH595669,EH449567
BH137741,BG16997
BN326494,BL338744
CW807585,CW491199
CW1366045,CW685075
DE77948,DE59100
CW1235621,CW761442
BE110657,AN171082
DL184943,DL136275
AP85953,AP81766
CW222001,CW203199
EH735661,EH735661
BL241341,DB190426
CW910906,CW774246
CC81754,DL53108
DY28657,DA65668
AL214629,AL214629
DB80755,DB80755
DS48037,DS65488
AB39686,DZ66007
AL72115,AL354103
EP25493,DT28999
BH104406,BH104406
DL169537,DL169537
EH238104,AX29272
CW990481,CW1070964
AK34619,AM55688
CG146937,DD116885
CW613612,EF149374
CG162133,CW1114430
CJ155089,CJ155089
CW125787,CW125787
AG24511,AG56103
BK43621,CS30949
DL184871,AC15849
BE243188,BJ3106
CW550733,CW550733
CG76466,AN117350
CW735865,CW1076847
CG45757,EH461127
BY178333,BY299343
CL45460,CL47342
DB305625,DB305625
EH507293,EH423288
CY16112,AM7457
BL375996,BH156604
CW1184634,DT90952
CG106417,BL315353
DX39555,EJ23951
BY235439,BY70554
EL69425,EL69425
BN9060,BN28502
CW913999,CW913999
BW28592,DR13637
CG87504,CG87504
CW293624,CW201139
CC119731,BH157296
BN433873,BN433873
CW853807,CW853807
CW238574,AM47727
CZ47742,CZ47742
EH979375,EM73739
BY544864,EF104496
DL185261,AX29272
DH57508,DP42763
CG15110,AP94471
DB99229,DB99229
DE305903,DE305903
CW166196,BL81102
EH820678,EH518308
CW964201,CW957517
CW495460,CW244533
BE120222,BB40725
CW936813,CW421589
DT29550,EH622632
DZ2349,CJ39067
EH624769,EH237430
CW656544,EH522892
CW598042,CW723677
DS113175,EH818103
EH794555,BY376918
EP57571,EP57571
AN98626,DT162243
CG139134,EH437310
AL189421,BL439267
CW603112,CW974398
CW783277,CW783277
BY392810,BY421540
CW296756,CW611190
DE167300,AJ16046
BY681192,BY482319
CC55842,CM15147
DA77479,EH682523
EH213587,CC78989
BH91007,BH23912
CW1351588,EF200400
CW869196,CG139342
DB114451,BH51331
AL89705,DE175845
CW724721,CW1090658
BY530125,BL349134
CW702947,BN54582
BE428313,DD217794
AG36864,AL54623
EH1076111,EH850961
CW896312,CW1220151
CW719414,CW760615
CW1013654,CW1013654
CW108902,CW108902
BY613975,AP65662
EF111594,AL77201
AJ21299,DE182759
EG16742,BN361077
DD65015,EH650779
CW967268,CW967268
AL108527,AL103378
CW647734,CW666502
BN167923,BN191414
CT48303,AA164623
BD108596,BD108596
CA33889,EL97902
AS14190,BN74644
EH507293,DT28999
CW724721,CW380714
CW936316,CW936316
DL227398,BR170507
CW985565,CA131266
EF141831,EH245924
DB242347,DB77233
CW1117966,CW338090
AL320106,AL137709
EH134705,DB142650
BL166601,BY451078
BY323254,BY323254
CW1124857,BY410402
EP69790,EF104966
BH46181,AA180343
BD96962,BE294709
AL335557,AL335557
CZ22851,EH199168
CW682397,CW682397
EH810121,DT122842
CW896312,CW1134572
BE254925,AW120261
CW1284003,CW47089
CM68981,CM40530
DA46517,EH423288
CW824141,CW579985
CC128626,BL221900
BL380965,BL380965
CW724721,CW806660
DH46686,DH46686
AM73402,CW201139
CW1080508,CW1262944
AW97994,AE23113
BL427705,BG8790
CW1117966,CW459305
DZ2349,BE88931
BX10338,DL135941
EH655085,EH285265
EH337976,EH423288
BH151264,AA192243
CW675891,CW592554
DE119609,AS27554
BY234619,BY36740
CW394194,CW378497
EH498589,EH680454
CW869005,CW341117
BY336242,BY468849
AK98580,AK98580
DL49798,BE183134
CT45437,EF56403
EH482799,EM47839
EH788088,EH687038
EF204317,CG203022
AK171686,AK171686
CC116491,CW387665
CW606118,CW829522
BW32217,AG35571
EH1037845,EH1037845
AK97282,AA119825
AL38860,AL38860
BL252581,DN72617
DT117670,DT117670
DL241032,DH68659
CW411086,CW904265
CW789597,CW1264377
BR171586,BR171586
EH899483,BY472436
BE146438,BE146438
EH484581,CM20656
EH823960,EH432432
AA189574,EH455396
EA17031,CW448950
BM41604,BM41604
BP53534,BP53534
DB159765,CA72512
CW278418,CW360025
CG133964,EH1150612
DN123965,CA50534
CW436990,CW436990
CW1155837,CW426186
CW904228,CW904228
CW85781,CW474560
CW340118,CW475302
CW439955,AA71863
BE134345,DM35721
BL450008,BL516655
DB160785,EL75139
DT111290,BP41161
AP69783,AP69783
DB116579,BH54180
CW1105280,DW72711
CW552191,CW555706
BE58786,BE429243
CW350618,CW631669
EH254449,AA107809
CG70460,BW20384
BL391927,BL193636
CW938222,CW1046594
BH150976,AE34277
CW1075515,CW376662
CG125445,CG125445
DB207984,DB268682
CW241382,CW491547
CW1020874,BD77965
DB107038,DB118889
CW548381,CW1060175
DA59719,DA59719
CC116994,CC78713
EF60637,EF60637
CW1086058,CW967268
BN205998,BY255029
BR187760,EF44996
CW1072737,CW749739
CW531409,CW289445
CP41273,CA90184
EH717974,CT7196
AL216315,AL216315
CL39785,BY287688
EH787477,EH516582
CW441751,CW1179660
DA21868,DA56503
CA104596,CA123932
DD135380,DD66370
CB81733,EB38966
EH441274,EH441274
BN230197,BN239361
DB293737,DB293737
BE385813,BE428156
EH292285,EH205171
BY691376,BY710019
BB82545,BE157003
BY413488,BY392382
EH860266,EF160308
EH899483,CZ121627
CW1144090,DE330309
DS107558,DS88062
CW508134,BL360274
CW815024,CW815024
CG133635,CZ33165
EH699877,CW746583
CJ135756,CP19705
CL52864,CL51472
EH671857,EH671857
AL330922,AL131788
CN55593,DT103618
BR149304,BH23912
AL34913,AL162463
CW522649,CW522649
CA66987,CY21303
EH1000556,EH1000556
EM104516,CS30949
CR25605,CR25605
CW692727,CW1254480
BL231746,BL231746
AL132675,BD112806
EH494621,EH637721
EH499774,AB28655
CW799387,CW657451
EH1107448,AP45754
BR204404,CR29022
EP78903,DB210802
EH254449,BD77965
EH228932,EH228932
EH640383,EH640383
BR136456,BY625587
BY410238,BY410238
BY524283,BY263960
CW1164209,CW253271
CA60999,EH97265
EF2420,EF2420
CW470671,CW1173654
CW1246784,CW1098367
AL260892,AL260892
BH152066,AA179627
EG45334,EG45334
DP15912,DP15912
EH563338,EH227310
BY315422,CA50534
CW1037068,CW803223
CW144872,CW339850
BB63680,BL272172
DA46517,CW1221407
CW679851,CW1147092
BZ49561,BZ49561
CL6338,AL195750
EH441918,EH224741
BY674492,BY631541
EH57973,EH97631
BC57256,EK9647
AL285381,AL326808
DP9260,BL241503
DD95751,EH769815
EH1021710,EH1021710
CW785233,CW785233
DB244817,DB239102
BN323826,BT10245
EH267482,EH97265
BY56086,BY56087
CW870708,EF157507
BB81229,CM57109
CC89402,CC49098
DB206958,DB182807
CW585011,CW260151
CP36186,CP36186
EH635737,EH515884
BY503172,DB145187
EM65529,EH255666
EP106742,EP106742
BJ29225,AA87382
BP55888,BP55888
AS36848,AN151003
AM84462,DH47252
AP51407,CN39612
CW256046,CW647529
CW715403,CW1227175
EF2873,EF2873
CW133108,CW679232
AL207969,CN22974
CW758081,CW164601
EH1199273,EH1199273
AM94899,AM94899
ES14361,BY439540
AK33163,BH106753
CW1008979,EG53162
BC39621,CN30399
CW359739,EF161519
CW880519,CW880519
BE379714,BR63082
CB35206,EH281862
DL17888,DL14478
BY290541,BY247671
DE316461,DE316461
AW92376,BR81884
CC58693,EF125338
BY691376,DB137404
CW613306,CW581836
BZ19780,BE18331
EH331520,EH668177
EH694655,EH642965
CW515145,EF115168
BR139538,CJ147610
DL129280,BZ22255
EF172304,EF172304
CW646625,CW1075534
DL108482,CW427616
BL353031,BL353031
BL241140,BL241140
EB52417,EB28538
BY511276,BY266906
CW356638,CW356638
DD182606,DD182606
DA77105,DA77105
BN313637,EE5931
CW391025,CW172263
CW522717,CW231025
BR82335,CW929984
BE355597,DT155471
DB121188,DB121188
DD11713,DD55769
CW811777,AN155057
AA94295,AA102710
BY370440,BY368830
BL321783,BL411462
EH843421,DT66766
EF79632,EF44103
AN129961,EH146826
DL161436,DE156241
BZ24029,DT95445
EH563954,BX10664
EH1318259,EH1318259
BN323826,BY629671
DH54636,CW547078
CW878905,CW879712
EF145268,BH132340
BB57377,DD116885
EF163917,BL154027
CW859216,CW648514
DN109972,AA133122
AW106680,AW106680
DT61707,EH713826
BS7867,BH54346
BN170950,CG32946
BY569652,EH667452
DR105374,DR105374
DL119348,EP30087
CW826454,CW1071737
DH57508,CW724104
CB79145,DF14889
EH661256,EJ23951
DA94866,DA79174
DM35165,DM35165
CW1154381,CW595746
CC28677,CJ90684
CW51766,CW711685
DR132812,DR147762
DS32821,CW1346486
BM74749,BM74749
BY97073,EH474483
BE343708,BE343708
CA111947,BX18915
CF7246,CE52470
BY480289,BY480289
EH827466,EH827466
DL193909,BL112937
EH257023,AX18942
ED32607,EL40242
BL35451,BL89296
CS29515,CS29515
CW118357,CW147964
CA57725,CA57725
CG58896,BE260843
CJ142574,CJ58081
EA33590,BN234295
BR84411,DT95445
AL237825,AP58795
CW1120656,CW1343251
CW993501,CW602700
DA68310,BL299779
AF12193,EH661631
DE245107,DK35440
EM41130,BN234642
BD43918,BD43918
BK3287,CN22974
EB70025,AE34277
AL68785,AL68785
EH436876,BL73291
CW60016,CW250880
BB42501,DT81309
EH247270,BN353478
BR187432,CB72974
CG146937,BN212669
EH179763,EH931609
CW935907,DT142655
EH1138041,AX30332
BN128427,BN254636
BY506839,BY458406
EP84534,AA175527
DY7483,BE178850
CW497250,CW11877
EH498877,EH355624
CW990178,CW615170
DE294044,EH1109327
CW741065,DT71830
CW214779,CW994137
CW387665,CW1036729
BL321026,BL321026
DT126970,CX21260
DB161028,DB195846
AB25016,AN96190
BY140696,BY174395
BY444887,BY444887
AB38092,CG47281
CL26437,BL276444
BD86740,AX29272
EH117679,EM2509
BE390268,EH279661
CW466801,CW497822
EM40039,BP52979
AW92376,AS40094
BN423144,BN477324
AX77091,AX77091
EH854827,EH854827
DT29550,AE14436
BE18581,BE123444
CW1304765,CW1255571
BN121952,BN358757
CW119948,CW119948
BZ56408,BZ49864
BR124940,EF149374
EH592293,BH168107
CS13195,EH1235532
CL38926,CZ50351
AL318435,AA107809
CW638508,CW964158
EH977542,EH355850
AW191088,AX65610
CW563497,CW563497
CW665728,CW887956
DR62412,DR62412
AL170900,CR11199
AL314408,DS104847
EH8945,EH173778
EH1076567,EH663213
EH1233655,AA121623
EH559794,CB40133
CW307449,CB55313
EH1159382,EH816209
EH302433,EH301005
CP41273,EN78292
DL203403,DL119122
AL51742,BH106753
BP37654,CY21303
CW550509,CW615170
EP25493,EH423288
CW537400,CW415438
CW1066982,CW1066982
DL196578,CM57109
AK125086,AK125086
BL384906,EA34224
CP16158,DM22571
EH189673,EH1008306
EH942907,BY405467
DD21544,AL64275
CW623302,CW1170634
CW482765,CW480362
BY368282,EJ23951
EF10722,EF10722
DR150899,AW98653
AL242336,DX55509
BY282093,BL112937
DT43386,DT43386
EH379393,DZ9621
EH793193,BY414742
EH860017,AN61634
EH610626,EH379219
DE230305,DE218898
BL228699,BL246541
BR78655,DE155728
DD87382,BE330469
CW882979,CW643944
DD67486,DD68325
BN403518,BN403518
BN513244,BN307431
CW455352,CW701828
AA84269,CL53209
AK117813,AK117813
AM12221,EN71580
AP26364,CM10367
BM70817,DS87398
BN203076,BN203076
EH353927,CL27221
DD44723,DD124206
BH139410,BH168107
CW500520,CW500520
EH681585,DE98822
CW188483,CW1073403
EF134195,DT122842
DL194572,DE231201
BR82335,AN98663
BY460800,BY365786
EH247270,EH473435
DE191149,DE98822
BH92545,BN456609
CW849817,CW245944
BY159016,BY117890
CW807585,CW964158
DD136187,DD68325
DN115905,DN112708
DE241577,BF28163
CW86355,AA85663
AW181004,AW181004
CN49748,AK160079
EH148983,EH249917
CW204037,CW606243
DT74730,DT86723
BY670053,BY670053
CP31587,DN94131
CJ77666,BL284122
EM32351,EM41425
EH516495,EH138719
BL301262,EG33866
BL399442,CW1195710
BN323826,AA132878
AS59834,AS59834
EH57973,EH367709
BY342897,BY238743
EF107210,AS87974
CW954715,BN436573
CJ137281,AE17255
EH752439,BR210249
ER5600,EB16693
CW415708,CW415708
CW594016,CW658760
AN155493,AN86049
BD121737,CA105657
CW218379,CW217139
CW845999,CW845999
EH815754,EH642965
EH707308,DZ54124
CW1294808,CW788482
DT109961,DT109961
EH825474,EH825474
BD80192,BD14570
AL330022,BP40920
CW496101,BE130942
BR21131,BR173650
AB33993,DT152896
AB37048,DZ66007
AN201989,CJ135922
BL251127,BL251127
DT44709,DT44709
CW1365817,CW404903
EN50049,CG47281
CW368369,CW252094
EH213052,AS40094
BE61573,BA17543
DK30364,CC85882
CW650287,CW650287
AF14323,DE155728
BH139804,AA172911
BR150561,BR150561
BD97075,BD77965
DD12284,EH200724
CW252040,CW1357323
CW502114,CW535240
CD24722,BE213462
BS11978,BS11978
EH428183,EH428183
AA60261,AW103591
CC28677,DB123626
AL314408,AA164250
BY503190,BY503190
CW1145433,BN253508
DD134459,EN53777
DD35077,DD70661
EH870327,EH977067
EM65529,AM47727
CW913559,CW717796
BH78265,BH78265
CW1229271,CW252020
CA73341,CJ134195
BY380182,BY389173
EH1158250,EH594293
AH26092,AH26092
CW1225764,CW798485
DL228369,DL228369
CW926443,CW449849
CW893134,CW935564
EH121469,EH575416
BN304006,BN267252
BN465982,BN465982
EH390904,EH1235532
CW1052332,CW1052332
AR11558,AR11558
EH712749,BW48570
CW824141,CW175943
BL361441,BL361441
DA104754,DN130635
CG98878,CG98878
AA56628,DB331118
EF204317,BH132340
DT76496,DT89719
CW584607,CW1108540
CW640041,CW378497
EH535420,EH622632
CJ179430,CJ179430
DN52146,CC31247
DA68310,BL290404
AW88567,AW34848
BY675416,BY675416
DT25924,CW146667
CW798227,CW879712
EF51076,CW182273
CA51612,EF56403
CE39001,EH427605
CW515802,CW525422
AL273829,AL255351
AY36720,AY36720
AL260733,AL300165
BL290159,BL290159
EP25493,BH54180
CW421552,CA39473
EH522892,EH758452
BR134325,BR80951
CW874605,CW874605
CC146245,CC146245
BY675575,BY675575
AM88933,BH184479
CH22390,DD124206
DL173325,EH854653
BY435597,CB49899
EH661256,EP30087
DB178666,DB178201
DZ32316,DZ39208
CW1114090,CW875360
EH467436,EH261400
BJ37967,BJ29186
EH242573,EH242573
EH684533,EH696896
EF109217,CW1330915
AD18147,DD70129
CC117747,DR99089
BH143905,BH182114
BE467325,BE197660
CA80541,DL135941
EH42900,EH42900
CN21106,DT26807
CA51612,AN35216
CW511321,CW959820
CW898752,CW898752
AL46427,AL46427
CW748957,CW907572
CW1206566,CW1206566
BN313637,EH642410
CW1121798,CW1121798
DB116579,CW204004
ER32966,ER34889
AM86080,DE58457
EB34098,BL203658
DD159028,DD159028
EF112313,EF132292
AM79210,CJ128494
AL254970,DZ66007
BL280511,DE239045
DL193166,EH933416
EE3759,EE3064
CW508134,AK42220
CW331778,CW990080
CW1219024,CW1337673
BL460893,BL483515
BP14048,CW124750
CW302925,CW1065762
BR167960,AL323951
EH1036618,EH1036618
DY19206,AK97008
CW327867,CW457347
AL314408,DZ65713
CP27229,CP2313
DE72302,DE323803
AR12817,DB242176
DD44723,CJ131524
AT13382,CY21303
CW1029872,CW175943
CW272018,CW264546
CW692829,CW675989
BY532247,DE198193
AS59271,DE90821
CW1365817,BL279675
EH967897,EH967897
CN65343,DB54647
CP28738,EH731094
CW1065089,CW425187
CJ148812,CJ2739
CW765881,CW475478
BW44331,AN146157
EN39474,BR60230
BE4573,BE4573
BR90692,BR90692
EA47327,EA47327
BN7671,BN335862
DX42662,AL208460
AD8977,AM32067
CW560832,CW602700
BR109589,BR109589
DD91806,DD91806
BL188653,BL181636
DA51288,BE320789
AL51742,CW1319588
CW862372,CW306197
AA84269,BR122736
CG23446,CG23446
CW885859,CW428855
BN341949,BN341949
EJ25667,EJ25667
BY479209,BY479209
BR124658,BR128326
BN403363,BN403363
EH1178366,EH1178366
EH917120,EB27715
CW1129109,CW615566
EH702591,EH199168
CW157742,DA35367
BN229359,CB23508
CG162052,CG31775
AL232679,AL306289
CW224715,CW1339797
CW1170108,CW1253632
BC39621,DL107787
DR65948,DL151118
BN161683,BR178028
EH185791,EH279661
EH712985,DT95445
BN219288,DB18551
EH1155513,AC14324
EH963293,EH903685
BL395295,BL395295
EH570754,EH388244
BY555825,BY353707
CJ68912,EH155303
BY678686,BW22654
CL43684,DT76494
DB183313,AP13528
BL241341,AF13274
DA22982,DA101642
EH369386,DE113376
BY78706,BY224586
DD70874,DD56387
EH1058635,EH1136422
AW126262,CG97426
CW493167,CW602389
DE245247,DE245247
DN126926,CW573409
CW525022,CW395294
AN90698,CW248122
CW991790,AZ11400
BN280553,BL73291
EH221076,EH376295
EH708998,BL203658
CJ80670,BY377296
CA135068,DD53520
DN74285,CE13921
CW117342,CW618638
EA40094,CW842057
CC120622,DD141345
BR84411,AJ21547
CW761100,BR163236
CW240103,CW927206
CW365995,EF37512
CW750466,CW869590
EH465379,EH173778
EH1076567,EJ23951
BD86865,BD84314
EH346583,EH642965
CJ21942,CJ58973
AL198382,BE245234
AE7167,EG13035
AM22432,CM12059
BB119379,CB33199
AL157075,CW13817
DL95690,DL95690
EH213587,BY478908
EH676157,EH474071
CC116994,CC58478
CW268057,CW1336043
BL250335,AM78765
DL180100,DL180100
CW643770,CW294727
DD98983,EL75139
AL175969,AL114668
BY431572,BY637629
CD21638,AH17027
CG146937,BN456609
EH1112662,EH1266337
EH1088342,EH1088342
BW27427,BY102013
BL447248,AF26206
CC116697,CC116697
EL53033,BD92047
EH206797,EH1000556
BR178448,BR178448
DB107669,AW142118
EH809380,EH809380
CW511321,CW581529
EB72240,EB72240
BD93566,AS26623
CC37171,CC37171
CW222001,CW260151
EH474101,DN76587
DL156302,DE193665
BN422374,CL45518
CW340118,CW445600
CW503952,CW590718
DP24362,DP32412
EF156398,EF156398
BZ24901,BZ24901
CS27322,DB94939
AD27860,AD27860
EH810121,AW166329
DB305845,DB60799
DT163981,DA118681
CW824081,CW950202
DR9996,DR9996
CW925916,CW925916
CW915754,CW1197122
CW804661,CW1073079
BL326920,BL326920
EH372623,EH372623
BZ18850,BZ18850
DL61561,DL96708
EH620897,EH495578
AL122497,AL115165
AK96321,AK96321
AN176040,AN224135
EH434231,EH434231
BR198542,BZ3685
DD121996,CC74568
EG34410,EP35217
CW1248478,CW1356240
BG35482,EH1136422
EH1081246,EH584495
EH222798,EH428116
CW808125,CW1227396
EH758804,EH772276
DL144993,BR105483
BH31562,AL118164
ES21395,CA50534
BY315652,BY177766
AL279828,BL349134
EF176929,DE147345
CZ12780,EF113619
AN98597,AN98597
BE317994,BE317994
CW424689,CW451620
CW335331,CW407897
CJ169697,BR239904
BZ9246,BZ9246
EC16876,EC16876
AK110778,CA50534
CW725789,CW725789
EH1045729,BL73291
DA19918,AL241777
CW1260064,DD202895
EL55640,CB93093
EH1183291,AS27554
BN100325,BN43473
EH752482,AA71863
BL385304,BL282678
EH152456,EH108277
EH302764,EF36177
EH406180,EH473435
BE179057,BE151171
CB32958,BE107890
BY461320,AW73189
EH884698,EH884698
BY93519,BX4926
CW686133,CW899235
DL215931,DL121347
EG57225,AE30807
BL476954,BL263370
BE376552,BE376552
AL137945,BJ2883
BE289813,CG118808
BZ49649,BZ49649
CE19373,EG13325
BY458842,BY359817
EH405901,EH211762
CJ194797,EH913534
EB63934,CM43490
CW550344,CW1101611
CW783615,CW1073079
BL121029,BK43902
CW638508,CW491199
CL56806,CL56806
DL247881,DL247881
CG104876,CG104876
BE81378,EH224741
EH866253,BF21094
CW465911,CW710267
CW850209,CW850209
CW810276,CW1061809
CW1104331,CW1104331
BY555825,BY423979
DG50420,DG50420
CS27881,CA113202
EH710264,EH511497
CW200814,CW148566
BM11298,BL31434
DY32096,DY14813
DA100850,DL258522
CW335771,CW671051
CW533512,CW122931
BZ33381,BL284520
CW806196,CW769228
EH973314,EH611130
DA73371,EH237109
CW302773,CW434160
DP30542,BB70173
CW550426,CW352857
AA179941,AM71079
DT7315,BY253329
EH733590,BW42787
BL380405,BL380405
DL176050,BT10245
CW817930,CW66730
BM22037,BM22037
EH844960,AA111364
BN400299,BN400299
DD131290,DD131290
EH884290,EH884290
BY413488,BY413488
CW1017523,CW1017523
AL41868,DE137050
BD109402,DZ37723
CW1011121,CW1011121
BF25949,BF25949
AN132618,AN34068
CW588005,CW588005
EH534711,EH551786
AS39670,CA126134
CW238791,CW632661
AN187706,DW10925
AL199766,AL300857
DR84257,EH1157756
BY137305,EG9274
BY530125,BY523433
EH614566,EH478013
CW914508,CW472230
AE28300,AE28300
BY254179,EH453615
CW508134,CW1010708
EH740753,CE34101
DB246081,DB258955
CW752359,CW527885
EH840564,EH750312
EH416721,AA132940
DW48617,DW48617
CW671990,CW847237
DB189665,AK98747
EL84696,AG46221
EH238104,DS39544
BN523396,BN523396
AL67069,AL77660
CW600148,CW466430
EH538825,CC74568
BN378784,BN378784
CA135304,CA135304
AX39799,AX13529
DE221660,CW587567
BR24439,BR100598
BN275036,BN148981
CW747660,CW1349889
CW581407,CW524693
CG111744,BE260395
BW35837,BE218208
CW965553,BH70947
DL182406,DL182406
AL254970,EH429230
BY554848,BD112806
AT23216,AT23216
CW1210037,CW1023001
EH665141,EH665141
DZ52328,DZ52328
AN136043,CC31247
BN40794,BN396630
AW124345,AL300350
BE363196,BE363196
BE418668,EF134195
CW151254,CW282647
BH93484,BH101859
CW1049836,CW1076847
EH922043,EH922043
BL405176,BL405176
CW1073255,CW555524
CW662352,CW1104627
CW918664,BL407510
CM41314,BD112806
CW666620,CW596030
BY352219,BY676315
EH486664,EH312492
CW1155120,CW600148
AW151355,AW151355
CW530409,CW1046594
CY14856,AN130752
EF141831,BL322117
AM18756,AM62095
CM65905,CM65905
BE322138,BE322138
DD159280,DD132583
BH102733,CC85882
EH867155,EH867155
CW668832,CW384670
EA46111,EH1273952
CW1171670,EH978615
BN9703,BN24954
DT124886,DT108942
BP58302,AM7457
EH1150213,EH912219
CJ11891,EH1060898
CW992858,CW1315523
BH171451,DD194628
AW157816,AW116055
CW510808,CW510808
BN176899,BN204016
CW365995,EF123799
EH956427,EH956427
DG55485,DG55485
DE194002,BN111757
AA78386,BL322117
DZ63542,DZ63542
EH656486,EH414956
AL314408,BD145180
CW102115,CW111264
DN109972,DE125306
CW658272,CW1340987
BZ36968,BZ36968
EH1047983,EH1005375
AA60664,BH23912
CW470609,CW470609
CZ60177,CZ60177
BY549386,BY365424
CG57602,CB40133
EH811765,EH181659
EH421842,EL48801
DY37971,DY13592
CW985565,DL168310
AJ30019,AJ30019
EH921157,EH921157
BY315422,BY203162
CW709206,CW709206
DE113618,DE129468
BN439088,BN439088
CW533435,CW47975
EH562549,EH562549
DL183852,DL183852
AK67061,EH986631
CW84546,CW1045283
EH462104,BL3778
DA24208,DL263113
EH806977,CJ125646
CW693571,CW575407
AL112691,EH376204
AX44381,AX44381
CW1008596,CW432469
CB60486,CB60486
AN83770,AN72661
BE383097,BE383097
BC56753,BC56753
BL167329,BL486525
CW1103258,DL256578
CG66271,CG30957
EF209109,EF209109
BL385304,BN302030
EH961360,DA50805
DB137922,DB111237
CC74315,BB37894
EH616577,EH616577
DD68579,BL171172
EH1048493,BL433475
AL70634,CH23056
AP49289,AA124272
CW537400,AM72164
EH888325,BJ36870
EH655782,BL213708
EH852892,AS96633
DM4818,DM4818
BY192604,BY255720
DE195178,DE178122
DS89567,DS112593
EH400809,EH112750
EM86909,DE116370
EH690409,EH391070
CW416158,CW611190
CW690742,AL97882
BD44960,BD24891
AA107317,EH238244
CW278418,AK46115
BR196901,EH990103
CJ113844,EH310964
EH640738,AM64153
CW1366045,CW1263274
DB161983,BH73640
CE45856,CE45856
EH844960,BW48570
BN405205,BN404711
BD71529,AX17123
DB272023,DB265280
CW411347,CW387493
CW977987,CW734568
CW795931,CW1044906
CW650570,CW175943
BN86540,BT6268
CW690742,CW384670
CA60225,CA60225
CW875368,CW875368
CW1086582,CW231806
CW892257,CW1205816
AL157569,AL131189
DT53289,BL438651
CW616156,CW999255
EH780116,EH601459
CB60137,CN61506
BN251723,CC162608
BR180538,BR180538
CY27653,CY27653
CW655239,CW78698
AB12538,AB12538
EH748990,EH805874
EH477815,DA21107
BL414092,DL265385
DK31805,AG59118
CW521576,CW526394
CW671789,CW671789
EH604577,EH604577
BL391113,BL391113
CW182993,CW179470
DB211950,DB211950
BP37654,AL193354
CJ142255,CJ142255
CW461593,CW1154651
EH195546,EH588118
AD23104,AD23104
BR222334,BR222334
CW835486,BY375988
DL247273,BY79490
EH1311136,EH1311136
BN354347,EH348783
CW1050993,CW375418
AL83989,CY25740
CW219926,EH1235532
BY57345,EH448996
DA89692,BD77965
EM105022,DT155471
EF201746,BK34224
AL147193,EF153583
BN321195,DN43588
BE338673,BE338673
AJ21218,AX38322
EH58090,EH123021
CC128037,AP80469
BR124940,BD91797
CW688785,CG47281
CW703967,CW481786
DW52840,AW152065
BE292643,BE292643
DR84257,CW503045
EH857910,DB246104
CW672869,AL219648
BE330276,DE215595
CW875595,CW1113062
DD138461,CH50510
DR97753,DR94175
BR82335,BR128365
CW841657,CW485190
EH1049204,EH250723
CW747660,CW530460
BR82335,DL107787
BG49571,BG49571
AN106807,AN101201
CW1131426,BE381989
AL127437,ED45438
DL223003,BL447913
CW1024756,CW602700
EH939436,EH939436
AA163840,AA164250
DS116311,CW1041772
DW56619,EH138719
EN56458,CL42086
DT134121,AL126524
AR14786,AR14786
EF143841,EF143841
BN176899,BN157951
EH866253,BT10245
CW624932,CW111986
CW985491,CW985491
AA143651,DN111057
CN52523,CP18039
EH866253,CG148754
DN151187,BB99231
CJ139370,CJ139370
DS98391,DT122842
EM83340,EH238244
EH785592,EH715218
AW171006,AW51196
CW289305,CW638169
AN157765,CL42086
BY691548,AX11511
AA100490,CM20656
BL312341,BL312341
AF24276,BD123511
CW718279,CW859216
CT54679,CT54679
EN37930,BY360221
CW893925,CW514112
CW1001164,CW771684
DE303756,BJ40210
CW993501,BE219529
EH200658,DL168499
EH179770,EH149790
CW747998,CW747998
DB292789,DB286939
CW559812,CW657451
DB168615,DB173080
CW184648,CW879595
BR200680,AN184247
EF134195,AW166329
DD90387,DD90387
EB67151,DB209085
CW985216,CW630560
CA91079,CA91079
BY521083,BY521083
DW15075,DW22597
AL194324,EH578125
DB182579,DB200310
EH352213,EH466592
AL186986,AL270256
DB244473,DD87571
EF131606,EF73631
CW451818,CW451818
BH141915,DL176078
AL177759,AL278454
CW655239,CW452437
CW439955,CW879595
DL197501,DL197501
CW733582,CW733582
CN54005,AL300350
EH153297,DT11000
DN130337,BK43902
AL43236,BK34224
AA139576,DB149772
CJ148169,DB231559
BW3429,BW3429
BY507805,BY507805
AA130969,EF112113
CA80006,DP39720
EL81425,AL272350
EH645118,EH210227
BB46564,EF55811
CH51148,CH51148
AN90500,AN90500
EP88449,CW777199
EH1204122,EH1204122
CW1189606,CW1343507
BN472925,CW244169
EH200658,DL121521
EH558149,CE49909
CW392925,CW1090298
BB39619,DT38044
DB304032,CY24526
BL463547,BL463547
EH658263,EH816383
BN126684,BN126684
CJ6413,CJ6413
CW306698,CW565912
CW584203,CW1090298
CC39757,DB123626
AM83946,EH455396
CW604459,CW604459
CW715403,CW1220414
CT13982,BM5630
EH592683,EH568865
DN108124,EH295307
CW450284,CW847690
BY308261,BY426715
BL389686,BL389686
BE76774,BE76774
CW330373,CW632661
EN46398,BD112806
BL437100,CJ136848
DD182606,DD108057
BN270013,BN270013
EH745987,EH285265
EF17082,AD4159
BY566227,BY325491
AW113354,AW127927
EH836246,EH414984
AA183362,AA125833
CA39315,AK40257
BE25355,DY5565
DB286617,DB286617
BN467781,BN467781
CW782563,DA92071
EH802795,EH621793
BM46222,CD22710
EH755147,EH901816
CP39697,CP39697
CW975643,DA86613
EH1032041,BL271131
DN123965,AW163949
EH752439,EH496373
EH850732,EH482852
AS93334,AS93334
CW219329,CW176382
CW1046594,CW1046594
CN67649,CN67649
BY407790,BY565219
CW171077,CP27229
CW367726,CW303830
CW610058,CW459305
BE312432,EH364634
AL179570,AL229493
CW527382,DY14706
CJ101706,DB229064
CW1160306,CW1160306
DN82992,BR106680
DN74285,CP50046
CT30695,BR81884
CW444356,CW444356
AG24511,BY11795
AB16183,AB16183
CW1034597,CW1043394
CW424689,CW780453
BY475045,BY392382
DL265102,DL108208
DL74926,EH267429
EH579903,CW1089245
DB206146,DB147032
BH102733,EH442330
EH806934,AW77463
EH443908,DA86981
EH752439,BL237744
CP26782,CL34430
DE193237,DE193237
EH661256,BE115648
EH729820,BR237904
CW517873,CW802878
BY663281,DD124206
AM74702,DH28735
BN470244,BN383743
AL251373,BE101251
AL29314,AL310568
CW760241,CW638062
CW1302274,CW1206642
DL115045,DL115045
EB58470,BD123511
CW796405,CW1331821
EH215180,EH252755
CT41469,EF104966
CW1155120,CW848645
BL281524,AN127774
EH221161,CM29334
BY421365,BY402337
EH579903,AN96190
EP15894,CW326043
EH262860,EH582940
AA63367,CW150260
BE421701,BE426724
CW758081,BL167803
CW340118,CW253271
CW595064,CW592373
DL193909,DL124411
BE340107,BE340107
CW1283805,CW1341336
EH786911,DB226005
CW1095097,EL91671
BH53048,BH110749
CZ6299,EH66563
DB210217,DB210217
BD132552,BW48570
EH189952,DE147345
BN286368,BN74134
CG122569,DY25514
CW621757,AM52466
CG124558,DB59601
CW469499,CW174181
EH567037,EH568495
DE217727,BL315353
BR82335,DE116370
EH444618,EH550380
EN37930,BN229470
DB223794,DB223794
CA66246,BB64974
CW293624,CW78698
CG181272,CG181272
EL20729,AL77201
DZ67276,BA17543
AL198382,EM88330
CW993501,CW228359
EH1214485,EH309987
CG35865,AW41308
CW501972,CW268477
AB25016,AL99280
EH158324,EH1037679
BK43621,EH925679
EH692922,EH1219170
DL169100,DL169100
AA139576,CB46758
CZ103949,AN56198
AL39843,AL103085
CW655239,DL265385
CW1090347,CW1289462
BN346973,EH585306
EH419063,DE147345
AD27140,BY604935
BK37267,BG8790
DP23822,EH237430
DX49002,DX49002
CW887565,CW1190210
CW559726,CW781404
CR3887,CR3887
CW1050058,CW1243226
EH414087,AM85451
CW311465,CW311465
CG167067,CC57576
CW610619,CW1198938
CW411748,CW411748
DL138616,BL171172
DZ10356,BL193636
DK31805,BY454626
AM74702,AL63509
CW548381,CW548381
CB60137,CB29968
CW132880,CB31491
CW852146,CW852146
BK3287,CA42781
AL260733,EB68535
DX13014,BL154027
CW918664,CW1321008
CW621757,DE142401
BY735821,BY735821
AS31200,AS31200
CW795931,CW684376
CW975643,CW436963
EA22519,BY703817
EH234963,BD112806
BN231065,BY649441
CW519896,CW519896
DL170727,EH528588
CW573579,AT28942
DL277795,DL277795
BH143499,EH1303021
CZ47834,BR59933
EN37930,CD21139
ES19846,BR61482
CW1140326,CW1082771
DA71851,DA71851
EH994868,BP40920
CW1173244,CW1223334
CW51766,CW108029
AS47087,BG59423
AL175942,AL175942
CW509371,EA14836
BH111912,BH111912
DE237309,EH181659
CW1029872,CW579985
CW268057,CW1253447
EH1220187,EH772276
AN185264,CW602333
DB160054,DH29824
EH189952,EH632503
EM89612,EM89612
CW967344,CW724104
BL458621,BL458621
CW196701,CW196199
BB85109,CN81361
CW908428,CW908428
DL55745,DL69146
CW1190660,CW1029411
DS104788,DS104788
CC116994,AL99280
BR122750,DX63302
AL251373,CG2857
BL398896,BL398896
BN518406,BN518406
BE378229,BE376927
BY470598,BY468427
BH92545,CA50534
AA164934,CN79722
EH104884,EH104884
BL196427,BL196427
EH779252,EH779252
CW915134,CW1316700
EH179763,EH575333
EG34410,EP53411
CW909570,AN105804
BL326243,EF124761
CW56478,CW171739
DN112545,CP38018
CW781404,CW781404
BH150347,BH150347
CJ20833,AN162718
DE167300,EN30386
CM44424,AL173137
AE16810,BE136497
BL229364,BN333636
EH636114,EH632503
EH1183291,BM58816
EM104516,CZ86199
DK8732,DK8732
CW1145327,CW1083689
EH580199,EH161396
DE261295,BB50650
EH441794,EH533679
CW444389,CW1220414
BY381514,BY551485
CW561362,DB201045
EH588708,EH811554
DL163925,EH643039
DT89519,CG127366
DJ13151,DJ13151
BN525044,BN523940
BE259631,BE369184
EM57140,EM57140
CW537400,BE128702
BM58750,BM58750
CJ142021,AC15849
CW1020922,BN308262
BN317657,CC31247
CW783277,BD128949
DB124646,DB113951
BP37360,EH255666
EH1156675,EH1156675
BH175378,BH175378
CW584203,EH661631
AN69220,CW879595
EP15894,DD160476
BY567458,BY496323
BE47029,EH422695
CW637095,CW182216
EK14551,EM56718
BE111263,CL34332
BE217630,EH574279
EH360189,EH329736
EF200151,EF200151
BR148314,AB35304
CW227379,DL76536
BL103359,BL236360
CJ136335,BL531520
EH314112,DE115161
BY670111,BY670111
AN77823,AN69766
EH752695,DT118581
BH104372,BH96574
DB74119,CE42218
BC39621,BN456609
AN210775,CW1219633
CW1024308,CZ105639
BE408902,BE420495
CW761459,CW761459
CM53602,DL123544
CW633823,CW334744
DY44976,EH326118
AN157578,AN102929
DN74285,BL251846
CW1143489,AL311555
AL89119,AL89119
BR79693,AW158497
BG14924,EH157892
BW25610,DL22801
BR198542,CC159831
AW189506,BY591305
DP42763,EH769815
AL179735,AW163949
BW25266,BE187606
AL278949,DL180915
EF182732,BN519999
AL204345,CW547078
BY658610,BY553717
AL67753,AL67753
CZ71350,EB81735
CE49909,CE49909
AT4962,AT4962
DE102411,DD130583
DG49825,DG11519
CW1020874,EH238244
DD188387,DD129279
CW404840,CW305427
DL230835,DL230835
AL211873,AL364229
AB21681,BE173042
EH641844,EH641844
DL196830,DL196830
CB16992,CT27633
BM44218,BM44218
EH421263,CZ94766
AL271930,CS27907
BR145823,BN253508
AA92685,AA104205
EH939343,EH455396
BR147162,BR156584
CW522717,CW308937
BY630308,BY630308
CW731374,CW439605
CG137528,CG137528
AN166623,CW966728
BY400943,BY47031
CW498064,CW503045
ED45394,CM25074
EA26350,BY132918
EH474321,EH975231
BN339757,CS17996
EJ21911,AL325889
CJ139338,BY313092
DE276707,DE182390
CW832571,CW832571
EH861571,EH1312115
AS94387,AS94387
CW106463,BN481253
EH379393,BY392382
EH346583,DT155471
EH186065,EH92112
CW517959,CW347748
EH195894,EH342552
BY386554,BY386554
CW498001,CW498001
CM32974,AL330791
EH279937,DE38323
EP97192,EH1224954
CZ104892,BR102258
DA22612,AL24745
BK45789,BK45789
EH830840,EM56718
BC39621,AL112656
CW486134,CW592760
DB74119,EM113815
DL92544,DL205195
EH544854,EH343641
CW693271,BD102792
BY497800,EH1226378
DL81978,DL119122
AK71198,AK75264
BR210362,AL290314
EH459491,EH649857
BM4326,BM6593
BJ36606,EH875028
EH732461,EH732461
EH423281,EH419376
DS99335,DS93725
DR108021,EH423288
CW1066188,CW837799
CA47672,BE294362
CW1029872,CW1090658
AL191677,BN312201
AL275102,AD13861
EH238104,EH210484
BY456666,AA69206
EH827601,EH827601
DB111753,BL132788
CW172209,CW172209
CZ6299,CZ6299
BK21973,CM36336
CG34326,AW88677
CW1161743,CW1161743
CD21888,CD21888
AX20164,AX41402
CW573559,CW531572
BD75824,BD75824
BR174065,BR174065
AG27202,AG27202
DR105769,DL193666
AW144052,EH833616
DX39089,DX15405
EP64692,CJ183458
CG72782,EF144724
EF126990,BD112806
EH592293,CZ29014
CW826911,CW826911
EM42871,CG70898
EH414087,BL171333
AS100364,EF100678
BN159892,BN209343
CW609644,CW627942
DD115929,DD145423
BM70371,BM71482
AL181093,AL181093
CW972917,CW665081
DB150234,BD160777
CW510062,CW882196
AL278949,AL211408
EH834875,EH551786
EH752482,EA54857
BH102733,EH592817
CW219318,CW871755
CW293460,CW718888
AW182036,BR122736
EP86103,EP86103
DL215224,BY337764
DC24919,DC24919
EH149209,BH106753
CB22998,CC37247
EF2988,EF2988
BN241756,BN450053
BJ31483,AA61606
BY559697,BY368830
CW896761,CW756621
CW959734,CW959734
DE118999,DE92848
BE445882,BE308990
EH671841,EH1082915
EH762752,EH555185
AN138418,CN87837
CW679232,CW632960
EH975231,EH975231
EH461601,EH562549
CW21050,CW17857
DL184871,DB137404
EH1281704,EH1281704
BN552153,BN239361
BD74422,EH312492
EF134195,CW734568
CW1020874,AM52466
CW645645,CW302925
BN467997,DL135941
CW460367,BD135776
EN45331,CW846716
CW1114090,CW458033
EH1205853,EH1205853
CW731374,CW618305
CW997238,CW436963
BR148314,AL306724
BL220957,BL502797
CW729820,CW729820
EH673343,DN112545
BY481772,AW209210
AL83989,BB70205
EH753526,AA190244
BY599584,BY599584
BY166559,BY376703
EH567883,EP55976
EH346583,EH473436
AB38092,AL89541
CW666620,CW975211
BL321258,BL321258
EM34800,EM34800
EB58470,AA155212
DX39555,EP30087
BN460267,BN460267
EH600844,EH600844
DL255591,DL255591
CW550344,CW1368162
CW460367,EL76305
EH392334,EH392334
EL84696,AM76296
BL408537,BL408537
AG46525,AG46525
DL148301,ES22933
EH1050275,EH272574
EH337976,CW1221407
AE30202,AP80469
CW620732,CW620732
CY7179,CL55909
EH190210,EH190210
BW27358,BW27358
BY248365,BY248365
DN104631,DE196164
CW356388,CW357817
CP15821,EH164982
AL72115,CC31247
EJ25249,BL349134
DL195172,EB72095
CW46083,CW912574
DB323121,DB323121
EH412348,EH334255
CW331335,BN389657
CW419469,CW1036917
CW798227,EH1054034
EH362141,EH550952
EH729820,AA155212
EH1028545,EH990103
AX59901,AX59901
DE257972,DE257972
BN495603,BN335615
CW359792,CW411798
DD157965,DD157965
CW1082363,CW1144535
CJ198315,DH20236
BY294926,BY294926
AX61075,BD132729
EH236770,EH198622
CW568256,CW623399
CW319195,CW312188
EF197271,EL36247
CW702947,CW536314
DL198713,DA88065
EH691611,EH691611
EH222798,EH574279
EH794534,EH794534
CW156863,CW148515
BB88932,AN63509
AB37048,DT66245
CW672900,CW1313634
AL74175,EJ7624
BY528269,BL214778
BR93164,BR93164
BE348100,BE162803
EH985822,EH985822
BD103853,BH133434
BY670049,BY670049
CA72570,DN41692
BR122742,EH700469
DT29550,AA71863
CW726622,CW664560
EH661256,DL217565
AP69088,CJ188455
BH52952,AL115165
CW1024308,CW862357
EH1044927,AS88226
AM85552,BN380981
DX39089,DX39089
DT124886,BN311781
BB119379,DB59601
DE119609,BM58816
DR84257,BY633732
BL66884,CW583331
BG26909,CW86063
AN90532,BL393821
CW826099,CW1094725
CW272018,CW891848
CJ148169,AK132458
CW554828,CW292413
CW1182734,CW1119410
BR206964,BR155879
BL217345,BL246541
CW449010,BE154383
BL201954,BH75346
EH816383,EH527726
AN190654,CW1041772
BE379556,CW1073079
BE326400,BE294975
EH166873,EH881932
BR84411,EL33503
CW655239,CW877374
BP47845,BP47845
EH784578,EH575333
AS68203,AS68203
BY706641,BY706641
CW1255737,CW1255737
DB129566,DB68742
BN419775,BN433109
DX39555,EH769815
EH675696,EH466592
BN115224,EH59161
EA31139,EH885583
EH132559,EH132559
AA168968,AA168968
CW1037333,DE204628
CG135002,CG135002
DD65015,AP8782
DD155494,DD155494
CW879027,CW555706
BN308177,BN311286
CW363029,CW363029
CP41273,EL78297
AT28247,BG30103
EH1050656,EH1050656
BT7744,BD135776
DB256906,EH737095
AX61075,DZ56956
CM58174,CM58174
EM100793,EM100793
CW951734,CW342607
EH713533,BL346557
BE217630,EH428116
CW441751,CW78698
EH967153,BZ41530
BR137911,BR137911
DG51797,DG46448
DL199887,DL199887
EF142579,CC67964
CW890098,CW268477
CG182919,CG178268
EH1317771,BY469121
CW671051,CW671051
BL193172,DE189820
BN149794,BN211494
EH594430,AW142118
CW536972,CW740059
BK10331,CJ2739
EH325076,EH367709
CW593628,CW303830
CW454757,CW817551
AN125686,AN196096
DE76598,BL163050
CW976513,CW987997
DR29197,CG106511
BY682942,BY682942
CW616156,CW1146129
CL66853,CL66853
EH926355,EH566103
DC17493,DC17493
BD104441,BD104441
DT9413,AP64158
CW510808,DE98822
DE278633,DE278633
BN385499,BN314983
BN212281,BN212281
DE150101,BY360744
CW905926,CW611190
DD159280,DE120191
CW219926,CW1025693
CW405250,CW264546
BE426007,BE426007
EH485747,EH342301
BL446250,CW1037955
AM88933,CW295048
EH370875,CC78989
CW715198,CW619925
BE248751,CW204004
CZ104892,EH518484
DN141574,DN141574
BY547215,BY380986
EH666701,EH813186
EH768842,EH478971
CW317430,CW1050944
CJ68170,EH917043
DL211162,DL265385
CW824845,CW560761
EA17031,CJ131524
CW511321,CW708699
EH200524,EH515884
BB85657,BE245234
CW1298826,CW853384
CW1197644,CW1197644
BH5031,BY387203
EH1088914,EH352026
BR79693,EH488092
CM53602,BL278537
EF14958,EF14958
BD86740,EH488092
EH704163,AA94944
BL322869,CJ207780
CW1104627,EH938996
CW387665,CX17061
DB98120,DB187236
CP46642,CW387933
CW834887,CW1041951
EH598457,EH262857
CW812716,CW791928
CW700800,CW959820
BY472983,BY472983
BE251804,BE260395
CB73562,EN37094
BL439267,BY466363
BY306915,BY222155
AM107743,CM59685
EH388721,EH130659
CN56319,CN58283
CW806196,EH923798
BL345643,CW893573
CW586410,CW1329056
BH152509,BH152509
DH46686,CW581836
BY315422,BY274656
CW139714,CW740736
DZ61703,CP39568
EH622027,DN88981
CW872039,EG13035
BE294748,BE294748
EH550872,EH780233
AN90698,CN28475
DD185609,DD185609
EH1088615,EH1088615
AL301969,AL314336
CG123369,CG117393
BE179057,BE173435
EF121536,EF121536
EH113083,BE188911
CW654537,CW629155
BR84411,EF47436
BN324068,BP58302
BN339757,BN306607
EH504540,CN30877
BE39583,BE39583
AA92277,AA92277
CW525027,CW88205
BE306326,BE306326
BD94198,AB28655
BB75158,BB75158
EB34098,DL168310
DJ9549,DJ9549
CW528227,CW109950
CW228630,CW153915
CG162052,EH299713
BW59145,BW59145
DB177934,DB177934
DE112597,DE96028
BZ36946,BZ36946
AL65095,AL65095
CW750554,BL45917
DH60825,DH60825
CW499115,CW657451
BE170604,EH595669
AX39799,DL24313
CW1240746,CW511552
CJ167871,DF20908
CZ106628,CZ106628
EN38201,DE111953
AL226858,BE79857
EH839708,EH839708
EH138414,EH190343
DD192952,BG32499
DL247273,DL96397
CW1013654,CW990202
DT64208,DT64208
BN298697,BN272461
AL161613,AL143340
EH1006682,DE117001
CW1079497,DP27138
EF43126,CW647529
EF142715,EH431108
BH106487,BY593993
CW1102154,CW602700
EP99320,BR128326
BA8961,DD69435
CW1170773,CW807585
EH567037,EH753129
CW1164209,CW445600
CJ35795,ER24231
AG33126,AG33126
BT11949,CC119579
EH1035408,EH1035408
EH1211721,EH1211721
EH369830,EH449567
CW569394,CW1191098
CW135312,CW706026
AT13382,DA84049
EM20808,AW138562
BN470693,CC105666
BR48086,BR102506
CW630476,DS105275
DE190400,BL125097
EH177561,EL5867
CW313700,CW272965
DZ24254,DZ24254
BR214254,AM18679
BY448119,BY294862
CW1229250,AA166333
EH825801,EH258369
BY420436,AX33562
BE88598,BE173435
EH903139,CY15131
BN485329,BN439527
EH996536,DE149756
BN423512,BN255027
CA72570,DL134548
CX11407,BY314085
AL70634,BY5628
CN27277,CN27277
AW132377,AM57006
AL344825,BC58554
BL287268,EH671857
CW961611,CW717231
BN159892,CW334744
BL250335,BN481109
BL64082,BZ4713
CW241382,BE157097
CW950032,CW950032
CA69721,EH1157943
CW330373,CW879595
BN361632,EH376204
BN425055,EH1185286
EH708998,CA131266
CP16158,AK6266
DD50054,BL264781
BY315652,BY350274
CG95892,CG95892
AN61326,DE58395
BZ23645,BZ23645
BK48468,BK48468
EH177316,CW1221407
EH555894,BN314202
CW554828,CW327290
BY148937,BY307473
CZ33252,AJ21547
CC119289,EH940253
BH166025,BH166025
DE73060,DE119336
DB39827,CM44817
EH1149208,EH1149208
EH800443,BF23507
EH866253,EH816209
CW946990,CW714074
CW989348,CW853174
BN311862,BY377296
DE64412,DD8180
BY579626,BY540922
EH467552,DE319090
BN357196,CG57800
EF221208,EF221208
BE453464,BE453464
BY685073,BY685073
AX66576,AX66576
CW600148,CW600148
CG134870,CG134870
EC3026,BR95968
EH495025,BX20950
BN362216,BN362216
BN240634,BN209343
BR192583,CC159583
AN194025,AN194025
EH601226,EH322447
EH302433,EH429230
BE156922,EP55976
CW562739,CW362075
EH815527,EH301005
CW880458,CW1101301
BY170801,BY64617
CB32958,CJ116394
CT48303,CJ188455
EH1152484,EH806009
DS92807,DS104847
BN287307,BY325545
DZ67441,EF186635
CW884962,CW1323696
AL161699,AL240236
BY120860,BY424834
CW586410,CW1199132
EH289097,EH285464
CM41314,DB147421
BB119379,BN364847
AG32312,AL300350
CW255772,CW163454
DB185456,BE305635
BJ36606,BJ47875
CW1139058,EL91597
CW1134570,CW165496
DL218173,BX19697
EP79841,DN87046
AA132855,DB60799
AF14323,EF45481
CN21106,CN81361
AF20036,BY386189
CW1134596,CW604459
BL364972,BL518179
EF172847,EF172847
CW795931,CW808125
CW728299,CW1360611
EH868352,DN75802
CW1176168,CW1099568
BN383957,BN383957
DB298797,DB298797
CW442660,BM46494
DB309966,DB309966
EH747175,EH1109734
EH171531,DP10319
BN122196,BN263206
EA44341,BY595951
EH789698,AS68418
BR163792,BR65137
AA31107,AA119825
CW417067,CW417067
EH952843,EL81733
DD204642,DD204642
BL495421,BL523784
AL109533,BW25561
DA44817,BN379143
AG40814,BK26947
CW581030,CW771829
CC117747,BN374083
EH378125,BY762465
BN446573,BN346973
EH1090428,EH539463
DY7483,DR88895
DE265650,AA173822
BN409739,BR97372
DZ28213,DZ28213
CJ75077,DB168094
EH640017,EH267429
AN69344,AN69344
CW710446,CW846991
BL260240,EP103831
EH179770,EH732311
CR22045,CN51790
EJ13474,BW25561
EH704163,BH133779
CZ100305,CZ100305
CZ10518,AS31358
AA113631,AA110730
BL241341,DT137439
AH16932,CM25074
CW773031,CW807969
CG76368,AG23235
AL128043,AL162463
EH460308,EH229125
BN352480,EH666701
EH261157,EH320292
EH704891,EH515109
AA164934,DB246104
CW221700,CW846064
EH914756,EH914756
EH326584,EH261419
DB203381,DB179027
DA68310,BC45671
BY63854,BY96154
CW906610,CW906610
CW600390,CZ22257
EH851023,EH629260
CT7916,AA46305
CW746681,CW18143
CW434644,CW292075
EH78350,BN170214
BR195438,BR195438
BL279470,BL279470
CW353102,CW126256
DB142860,AB28655
DG46448,DG46448
BY573260,BY571205
EH816383,EH549536
EH447915,DE227142
CW577781,CW492673
BL264838,BL264838
CW1276798,CW1276798
EH282030,EH784979
AN136043,EH622632
BY376971,EH642410
EH421263,DN71789
BE212938,BE153908
BN378784,BN356503
BB46564,EB45789
CW1126916,CW1370224
BZ24029,AJ21547
DE82633,DE193178
BY57345,BY106630
EH665904,EH665904
CW703249,CW464254
DL130829,BX12753
CA64420,CA55567
DL144993,AL126524
CW702294,CW702294
EH611919,CZ67903
CW218712,DE108687
BE47165,BE81965
DN82992,DA118426
CJ42515,AA89265
DL192361,DL192361
CW773031,CW923219
EL53033,EM73739
ES19846,BL160122
CW149341,CW1210892
CW1317640,CW419754
BY78943,BY272701
DY27001,DY27001
BL381779,EP75042
CW1154381,CW648514
CW311344,CW424233
EH1052326,EH979324
CW917113,CW530460
CW1115442,CW727078
DZ78160,AW163949
ED55171,BL237744
BN9703,BN25179
DL176050,AA132878
BE18581,CW111986
BY671382,BY469226
AL295502,AL326808
EH481465,AS52836
DT126155,DT124377
CW770025,CW1076847
EH855278,DT85462
CW875368,CW864261
AM89332,BD145180
DS89846,CZ70399
CJ134893,AM10632
CC128950,CC128950
BL429795,AG38129
EH601226,EH527741
EH803349,EH803349
EH592029,EH592029
EH518763,EH518763
EH459464,EH321357
DE262875,DE262875
BE88598,BE151171
EF86037,EF86037
BL323378,BL323378
CW906976,CW906976
CW424689,CW473870
BE402073,BE402073
CW345585,CW345585
EH208050,EH181544
AX17123,BL61397
CW749295,CW594566
CW1122370,CW1122370
DX5211,DZ9621
EF158620,EF158620
CW356638,CW765881
EM7767,BX4926
CW724721,CA36169
EH168251,EH168251
EH1282222,EH1282222
AN114435,AN114435
EH197568,EH505976
CW964158,CW1170773
CW1103258,CW1073079
EH350837,EH1161355
CG180749,BY102516
BR8483,AN29504
BR154648,CG154057
EF83857,EF83857
EH816468,CC127514
CW1000576,CW1000576
AW84307,AW69366
BN467997,AJ34556
CW1247270,CW1247270
DB78682,AM10632
BR163236,BR163236
EA28352,CG154057
BE246265,BE209713
DE128340,DE127957
BY208973,BY208973
EH264128,EH264128
DL99192,BD79290
BL284608,BL266337
BN270013,BN156837
CW761100,EF134195
AL209153,DM2130
CW378693,CW378693
BE259119,BE259119
BN497794,BN497794
AN117936,BL314802
BE233590,CS25808
BR171161,BR171161
BY439131,BY252445
AS28103,AS38555
DL200050,DL200050
EH516495,EL12103
CZ111917,BN418852
AK141045,EH1219170
CW158821,CW97817
BZ35765,CW1344389
BD86740,AW158497
BH118252,BH119024
BY601848,BY309619
DE287154,DE287154
CW173003,CW144884
EF182732,DX61178
DX39555,DP37105
DT157535,DL229054
BN496742,BN256869
EH887753,BD18116
EH875377,EH478771
DK17176,BY337764
EP91489,EP91489
BD86740,BM26019
DZ44296,EH449567
EB6853,EB3613
DN142787,DE225246
BL209554,EH127307
DA98740,DA98740
EH827823,EH419376
AS68203,DL111888
CW1013468,CW453847
EH469813,EH281862
AL277702,AL219044
DT87452,AL190305
DN118940,DD131723
CW724721,AL99280
CW585011,BL163050
EL68744,EL21080
CW1126916,CW78698
CW698473,CW620566
CW703825,BE153660
EH194386,BL452978
EH777259,EH685245
AL311644,AL311644
CW921343,CW1339797
EH884343,EH1086732
EH161938,EH570671
DB290367,DB290367
CW915134,CW885447
CA126169,CA126169
BH126836,BH126836
CW917113,DL229054
CW1268716,CW1268716
BR233522,DN143717
CN57615,CN62223
AN157578,CW1317488
EH614273,EH601459
DZ62641,DZ62641
EH997375,EH405290
DE203959,AA150180
BL336488,CN75922
EH1235215,AN19878
BP18718,CW78698
DS108644,DR120506
EH1243288,DE168415
CW219862,CW219862
BW35837,DE288714
EA31891,AW158497
DB122779,DB134163
DT120442,EH835427
CL45024,CL45024
BL134235,BL107022
EH768842,EH1303873
CW356638,CW806594
BE329908,BN456609
BY315422,BN212669
CW1197322,CW1242966
BY166043,DE101181
AA136491,BY383163
DT111111,DT99043
CW1185234,CW208798
BL427560,AW187744
CJ100460,BH128302
EG16698,AS13995
AS11563,CN28475
CT41469,CL34430
CC119731,DX39846
AA190444,AA186572
DD21544,DL193139
EG20382,CN12160
BH17505,BH94638
DE121983,DE108687
AL256718,DT151460
CW473749,CW653682
DB212548,CW708699
EH481465,CR11199
CW874605,CW1088566
BY69597,BY69597
AG24511,EJ12672
BD76265,BD116987
CW479191,CW489947
DX39555,EF126293
CW934385,CW934385
CW624932,CJ79549
EH200524,BM14706
EH378125,EH313015
BE402183,BE402183
EB34098,AN102929
CB46441,AN130752
BN320175,BN320175
CW444389,CW1227175
CW247713,CW248122
BL139933,BL299670
EH564625,EH466818
BD109108,BD109108
BR194402,BR194402
CW536972,CW935564
CD24722,EP102555
EH917959,EH547487
DK38002,DN127265
BN318856,AG59675
BY495669,BY541253
DB193863,DB221157
CW878219,CW220983
AM83946,EF249384
DD157462,DD157462
BD86740,CJ131524
BR197363,BR197363
CW938894,CW370434
BY246085,BY2490
BH92545,BN212669
CW216484,CW320944
CT13982,DD90591
BY378905,BN312201
CW534844,CW534844
BE3309,BE51724
BE21268,BE457160
BY593190,EH816209
BG21138,AA103165
BE355597,BE355597
CW265804,CW173974
CA33495,CW673114
DH37729,CW765785
CW327861,CW848645
BJ36606,AA171084
BY608331,BN418852
BK13118,CN28475
CW623302,CW508356
CM62564,CM62564
EH121147,EH121147
CW964069,CW1018706
BD35963,BD37855
AL14998,BJ6994
BN346922,BN346922
EM105472,CA29237
EM99564,EM99564
AL184608,DE218898
EH733590,EH668177
EM105022,DD75754
CW194579,CW1207219
EH1065928,DE211619
EH981773,DA84128
EM121130,EM121130
BE242957,BE284686
CW867982,CW1294584
CW167523,CW264737
EH200524,EH366412
CW646625,CW715729
CW1143489,CW1343251
DT135033,BZ19023
DD125933,BE459558
CA115545,BF21094
CZ92634,BF30016
AL31300,BE398520
BY661951,BL322117
AY15965,BB84781
EH484581,EH650779
CZ57854,CZ55223
EH827823,CW525422
BY327985,BY101788
AL179570,AL179570
CW365024,CW1198938
BG8748,BG43420
AS74083,AS74083
BN9703,BN21984
EF163917,EF160308
CW594016,CW319644
BL458638,BL248220
CW1032214,CW430686
EJ25249,EH730417
DT66532,DT66532
EH516495,EH780520
AG46789,BE396253
BE207705,AA143809
CW90510,CW90510
EH729512,EH729512
CW777503,CW319644
DZ39508,DZ39508
AG42411,AG42411
CA52717,AK139664
ES14361,AA87314
EH1069624,CH35805
EH855278,DS48249
CW499678,BH11365
DL180100,AA109154
BW45434,BY194431
CK2797,CN61506
CJ80670,CG31775
CW679851,CW862357
CZ92634,BN288479
AK141045,BD103303
CW164500,CW711786
EH467436,DE156365
BL260240,BL338579
EH572054,EH287400
DB53998,AK10790
EF200297,EF200297
EH324971,EK6873
BR182551,EL75072
EH69713,EH9208
EF145789,DA118426
DB143671,DB143671
CH36563,CJ207780
CW600966,CW298951
DD67486,CJ183458
CM70386,EG13325
BN460540,BN311286
DA36999,DA43863
CW935955,CW1344389
CB86537,CB86537
EH703951,BG30103
CW1219024,BN380981
DW64339,DE268570
EH853505,EH485845
CG121913,CK2114
AL189421,BL452978
DC24877,DC24877
CW935955,CW935955
CW306698,CW241241
DG61921,DG51182
CW219926,CW260151
BY598256,BY560789
DR40883,CB41825
BR111160,BR186604
DG55190,DG55190
AA135701,EH602062
AK111725,AK102693
EH418323,EH550380
CW893134,CC31247
BN422941,BN205353
EP19888,DH20236
CW677010,CH40237
AL207969,DB123626
DT75935,DT75935
DD125933,DD35664
EL23068,EL36553
EH303460,BG16742
EH399677,EH252755
EH246448,EH480220
EH951737,AB28655
CW1045646,CW246712
CW606118,DZ44340
BN468876,BE244651
BL399066,EH588118
CG130534,BN407464
BY372994,BY404626
CW955614,CW1154002
CJ29499,CJ21187
DF18423,DL33959
EH194386,DE230503
CW724721,CA42781
CW704805,CW791420
EH1084138,EH751796
CC90465,BH177176
AA164797,BH109037
DZ73339,EH1320869
BN515859,BN515859
ES16824,ES16824
CW931063,CW760797
CL38926,AL126624
CW504270,CW473608
BY20528,AM72164
BE190257,BE256749
CW321296,CW315815
BY515096,BY515096
CW1026089,EH210302
CW783615,CW1296798
AL49294,AL49294
CT48303,BY472436
CL38142,BY682517
CW489957,CW727078
EH748682,BL230756
BN136018,BN337069
CW881624,CW881624
BL434639,BL434639
BN423369,BN359541
AL184608,CG47281
AS80064,AS80064
DP35138,AL173589
EH697363,EH697363
EH679184,AA92495
CW467416,CW472230
DE309051,DE309051
EH825036,CW531708
EF120678,EF120678
BM61425,BM61425
AX28819,DH32859
CW216484,CW268477
AN185264,BL61397
EH1056548,EH1056548
CW830686,CW830686
CW960101,CW95650
CW475722,CW1182829
CN16296,EA2851
BN419071,BN419071
CW637095,CW1170773
CW1120745,CW1120745
EH293702,DR61675
BE397080,BE246414
CW938930,CW1370224
EH189952,DE116370
EH671857,EH878143
BN229359,EH128325
AA124519,BL452978
CW898752,CW734695
EH661256,BW57720
BE379714,AL32880
AK109695,AK109695
EH134705,DE193178
AN44857,CW111986
EH784578,EH931609
BN481931,BN530276
AT13382,BL166957
BW8012,CC61033
BZ36890,DS83313
EH148983,EH732311
CW389401,CW425831
CW593628,CW221979
EH108048,EH1161355
BN411940,BN294914
AS67205,AS81200
BH20995,BH52256
EH385960,BP53830
DD210900,DD210900
DR107708,DB220578
EH1012151,EH1012151
BY235221,BY44358
EH635994,CN37969
EH1122420,EH1122420
CW238791,CW453847
CW938894,BN296779
EM105472,AN52777
CW895357,CW979694
CG98020,BH116679
BW13584,EH835861
CG106417,BP40920
EH1109327,EH704163
EH694655,EH496984
AN44857,AN126323
BN452330,BN289775
EL78467,EA47094
BE298480,BE298480
DL163925,DL163925
BD84572,BD116768
CW1035390,CW1035390
CW110376,CW569332
DB223295,DB223295
BL205395,BL31434
AA124519,DB153288
BN66177,BN124419
DL196357,BY530728
CL31997,CL31997
DZ47457,CC31247
BY390231,BY371606
BY495837,BY495837
EH419063,EH245924
AL228705,AL228705
CW690742,CW1036917
EF141831,BR81884
EH764187,EH576280
EH346583,DZ66007
CW679801,CW511403
AK130889,AD17676
BH106487,BH106487
CW272018,CW272018
EH290617,EH290617
EH419063,EH376204
EA41687,EA41687
DE220496,DE220496
BH128302,CW339846
CW109119,CW894716
DR105769,DR105769
EH768829,EH768829
DB171305,BY351804
BN462678,BN171018
AL271930,AL189080
ER27172,AN117350
BN370119,BN340986
CW1039329,CW1039329
BD86740,BC30516
DL202138,DT114697
EH1054911,AA217780
EH489306,EH1241097
BY621923,BY621923
EH821439,EH731867
BD106271,CC109121
DZ62354,BD112806
DL185261,CW740059
EH1243288,EF36177
DE198962,BN260898
BC37794,BC9089
DK28923,CC116240
AM66752,EH522761
EH222798,AR15062
EH624769,EH822409
DE310698,EH1035408
AK13120,BK15417
AS84681,AS84681
CW894041,CW894041
DN135602,DN95079
CG106417,CC89087
DE233382,DE301846
AH13006,DK38698
AS63442,AS63442
CJ21138,DL164447
BY435597,BY449228
BL381779,BT10245
CW679232,CW627942
DB193469,EH914756
BL511942,BL511942
CW824081,CW788482
CW718279,CW453468
BR192547,BW31840
CW989013,CW1062442
EM104516,BD153497
CW727586,CW17857
EM115076,DE276114
BB37553,BY452442
CJ35795,EF100296
DE110432,BY237734
EH840564,EH1110202
CW1070675,CW861477
AL255683,DE218898
CT48303,EN78292
CW874605,AN117936
BR82335,CW515155
BY275561,EN24926
BL451813,BL451813
CW370919,EH382678
CW800326,CW734695
DT63899,EH68011
BL509977,BL509977
DB206705,DB206705
CW432491,CW496101
BL453733,BL538401
CW383755,BY60359
CA66987,DA84049
BL138879,CW978360
CM43596,CW289594
AA101523,DN41692
BW43073,DL213903
BR188583,BR188583
CW550509,CW472230
CG115946,BB29226
CW962031,CW962031
CW755899,CW1281957
CW374336,CW374336
CC117747,CG197653
CW550949,CW108902
EH1033483,EH1137510
CW703825,CW301220
DX42015,DA64701
DD136187,AS46834
BN269413,BN173216
DL251423,ER34345
CW648806,CW430802
BY321073,BY333148
BP43188,BP41664
CW1164282,CW1164282
EH887549,EH696896
CB53296,CH46942
DA100208,BK45987
EH699016,EH358393
DH28847,AJ39303
EH963024,EH963024
BN361632,BN288479
EH833060,EH543430
CC39137,AZ11400
EH553219,CW968937
DA91787,CW602026
CW464435,CW552002
DD35707,CZ74846
CW177567,CW56931
CJ46304,BN358757
EH487725,EH862262
BL507737,CW297944
EH858945,EH858945
BW17525,DL93867
AL74741,AL87134
AA154686,AD4159
CW498283,BL149789
DL68353,AA22828
EP82083,EP82083
EM116477,EM17446
CW482968,CW364064
EH24900,EH52891
EH441616,EH621272
EH189952,EH245924
BY244509,BY130969
EH561680,AP79072
EH533218,EH321357
BE290864,BL345228
CW378693,CW1020730
BY505409,BY588302
EH616031,EH812188
EH189952,EH376204
AS59271,EH818103
BN310139,BN256869
BB46564,CW203785
BH87761,CW703973
CW770223,CW130767
EH246448,EH167585
CW188177,CW188177
EH1076567,EM82035
BW35837,AP91680
BH142262,EH162789
AN124298,BX12753
BL455875,BL455875
AA62772,CR11199
DS103447,BN469540
EH862507,EH823777
DL247273,EH622632
BN20823,BN20823
CW702947,DY2606
EH1006885,BL418908
CW950996,CW950996
EH563338,EH136355
CG35865,CG131896
DA90640,DA90640
EH213052,EH1037679
AL41397,CX6760
CH36563,CB93093
DF14700,CA50488
CW477594,BE145734
EA39423,DR73237
AF11803,BB48159
CW1164282,EH522892
CG13187,CL19685
EH1219645,EH194603
EH621819,EH621819
CW1164209,CW602026
EH667546,EH847580
BE339749,BE339749
BY668100,EH1110649
EH465581,EH412774
AK61851,CJ134598
BD85540,BD85540
EF166094,EF166094
CW147964,CW190620
CW804661,CW824738
BH171451,DT153130
AL200990,AL155616
CW985565,CW1055965
BY410425,BY362114
BN552153,AL113922
BY40652,AS46834
BX17475,BP40920
BN359956,BN370921
EP54586,CW610167
DZ2349,BR75434
CW1188958,CW1102149
CW1193215,BL287786
CG132414,CG58622
BR232176,BR231932
BE257547,CW1060259
EH612318,BC49960
DZ32065,AW142372
EN47423,AC10081
CW703967,CW475478
BN361787,BN459680
CW977987,BL506290
AL240597,AP47183
DD40300,DD93192
CX16424,AN51713
EH993056,AK110778
BY625834,BY661990
BN361225,EH392472
EH636114,CW824141
EH575902,AL189080
EH895217,EH895217
AL216315,AL144512
CW941030,CW829522
CW892257,CW530460
DN104911,AA133115
EH810309,EH810309
BY436493,EH1294069
CA114191,CA114191
BE220630,BE220630
BN471187,CC89087
CW398419,CW1083268
AL4388,AL14383
DA8132,DA76389
EH465177,BL265876
CN92038,CN78856
BN409739,AT23707
BY575508,BY591305
CW747660,EH496373
BD43918,BD12034
CW1115442,CW444840
EH1318939,EH1312123
DZ23306,EH988645
CW1257312,CW1006848
CT13982,EP30087
AL73327,DL93491
CW585011,AN35216
EH944724,DL169045
DN52146,CW268477
CW202133,CG30957
CG55777,AW36701
EH305370,AW199716
CA67473,AL173589
CW892257,CW959507
DX42662,BL166957
EH199838,AL15225
AL57034,AL57034
BL261971,DD68325
EH318389,EH230527
CW993110,BD111003
CE18829,CE18829
DE297019,DB293737
BL98525,BY352219
EH712749,AL253486
EH477815,EH511411
DB286776,DB209088
DL119348,DL134548
CW558104,CW218122
BE310844,CN30877
AN153798,AN153798
EH1118601,BY495669
EF142857,EF142857
EH321861,DE153900
CR12300,CR15062
CW1085752,CW1074055
CJ146016,EH681690
AN109541,DT81309
BE403246,BE312417
DB171305,DB190449
EH535420,BY219975
BF18541,BR105483
AN2389,AN2389
AG49802,AG49802
CW1094796,CW1094796
AK94036,AK49387
CW655239,CW1023001
BY383163,BY460800
EF107587,EF113619
DA83990,BZ24303
BN256869,BN263774
AM92920,EG59342
DS83313,DS83313
BN369911,BN407493
BL193773,EH391668
BH82205,BH134903
EL84696,CW1049919
EL74376,EF169943
EA28352,ER24773
CH50502,DT122842
EF17082,CW337496
DK30364,BN402572
DR129831,DR129831
EM108788,CW862738
AL60170,AL60170
ES14141,DZ9621
CW617186,CW629443
CW890098,CW879595
BL401328,BL401328
BY172162,BY221717
AP49597,BL199880
BK33127,DB196567
EH973276,EH558874
CW1157217,CW480362
AK33163,BE213462
DD114988,EH666160
BK49786,BK49786
DB261492,DB261492
EH231236,EH287400
CJ142021,DM26299
AA146169,AG56103
BN336188,EH585306
BY544726,DL234617
BR156618,CN24581
CW552191,BN308788
AW198767,AW87178
CW161293,CW82541
DA89185,AK50677
BL358351,BL405809
BN357196,EH546224
DL184871,DE239045
EH795671,EH795671
BN378856,BN394465
CZ33252,EH238244
AL64042,BM54769
CS13245,EH872611
CS13195,DN94150
BJ12427,DZ28548
CW787953,CW1335807
AL170112,EH211762
EH1037136,EH753129
BE379714,AL32838
EH337976,EH931609
CG84574,CG84574
AN130525,AN103054
BJ3655,BN44126
AA85932,AL361026
AD11333,CN81191
CG146937,CA50534
BN118499,BL31434
DA95527,DA95527
CG22543,CT38271
BJ27959,BF28163
EP60867,EP60867
DD131723,DD131723
CW501972,CW320944
BL442333,BL442333
DA59280,DA59280
EH604971,CC62272
DD74863,CW846716
BE371737,BE371737
CW762165,CW203785
BL309974,BL309974
BY57399,BY57399
BH88566,BN331341
BE332041,BE335518
CD18654,BE296677
DL227398,DL227398
AX37530,AX23674
AH15493,AH15493
AN204676,AN204676
BY560064,BY355735
CT48303,BD103303
AP67200,BY454626
BL372215,BN515063
BY165432,BY312428
EB70025,EL78297
BL228699,EH419118
BE242382,DL91759
EL56427,DL164955
CW770175,CW770175
CW1071199,CW862738
CM72331,AW199404
EH152769,BY342270
CW244900,DL135254
DE274205,BR56178
AA11851,AA11851
AE14205,CT27633
EH884327,EH884327
CW756039,CW1111653
CJ123344,CJ198423
CW157844,CW1126437
AD19434,EH751096
EF131606,EF131606
DS102387,BC47066
CW959520,CW959520
BY628324,BY592426
CW1142354,DL176078
CW993773,CW265544
CP23275,AL77660
CW340118,CW456089
CW832511,CW853384
CD30154,CD30154
CC91555,CC30701
BN318856,EA34224
BN361632,BL171333
EH921919,EH921919
CW944689,AA198089
BN341575,BN341575
DR138825,DR138825
AW195078,AW195078
DR133365,DR13637
DT124378,DF19216
ES14361,CW315693
CW862652,CW857826
EH683015,BL429837
CW543269,CW398559
CW442660,CW875051
DL204222,CG100440
DB64443,DB71691
EH592293,DR50318
BR78385,DM35721
BL123562,DH54208
EH855080,CH48451
BY475045,BY231826
DL49798,DE139900
AK24741,AK152859
DE176397,EH491869
CW527382,CW730485
BH82205,BH74140
CW88703,CW318421
BD103230,BD103230
CW750554,CW1273018
BE299613,BE299613
CD10854,DJ5647
CW1115442,CW575407
BN446573,BN462215
DP26597,EM56718
BN491762,EH716631
EH264128,EH349087
EH277795,EH277795
DT157787,EH555815
DE241577,DA127512
BB20984,BB119008
DS99606,DS101284
CW975643,CW175943
EH1123074,BY516025
AG28333,AG28333
BD139132,BD139132
DR134689,CW1025693
CW1103258,BL349134
AL64042,DE94897
BN324068,EE5931
AL146984,AL146984
CE4287,CE4287
BE326025,EM103801
EH959232,EH1151274
CW416158,CW581974
DS78400,AA71863
BY238356,DL100669
EM21112,CW345585
BY491861,BY468427
BB63680,DT108942
BY144680,EH737779
CW966697,CW1220151
BY30405,BL112937
EH538825,EH444618
CW424466,CW205283
BL198076,AX14269
BP37360,BH172075
EB42237,EP55976
CW348162,CW135674
CW800326,AN154371
CW59788,CW1004850
DH56596,DA50805
BD136107,CW560761
BH17505,EG23637
DL43230,DL55394
BL134235,BL105599
EH1213635,EH919378
BE155766,BE152841
BY199149,BY518693
ED55171,BY437145
AL119555,AL171445
BH104372,BH139631
CW416158,CW531908
CW238637,BE154383
DX58217,DX58217
BR144397,DE207914
CP38367,BN394465
BL108667,BL121031
EH755453,AL187749
DE238771,DE130744
CW1185234,CW525155
EH592293,BP15556
DH56050,DH46266
BY577498,AP68630
EH1138041,BE156646
CW108902,CW127927
BR150029,BR150029
EH967968,AL63509
EF182732,CB79537
DP44759,DP44759
BA8961,BN253508
DB185876,DB147421
DS72058,DL124411
CW951734,CW1364297
BL431849,BL431849
CW707159,CW453823
CW1116818,CW886013
CG162233,BN384472
EM103737,CW875051
CW108902,AW54935
EH600695,DB173080
CJ118606,DD116885
CW972917,CW972917
CN54005,CZ47378
CL38926,AR6305
EH1111890,CJ204721
EH616577,EH698985
CW202177,CW350733
EL36959,EL36842
AB14050,ER23755
DH47835,AJ16046
AD25261,AD25261
CC85035,DB139525
BY408420,BY383163
CW727586,CW39884
BN272661,EH255666
CY5479,BH73384
CJ46304,BH91491
BY103851,EH116155
EH802612,EH883636
BC63888,BC63888
CW724721,BL154027
CC117747,DN121191
EM57195,EM57195
DR105031,DR105031
BN403518,EH1303384
DE274205,BN212669
DE158326,DE183895
CW561082,CW468699
EH621518,EH807770
CT48595,CT48595
BB36972,AW46743
CG84567,CG44493
BA8961,EH660112
EH765479,EH238244
CW758317,CW250857
CW469575,CW599590
EH443908,AG35227
EH189952,BR122736
EH918401,EH1027144
BY380505,BY380505
CW623302,CW404903
CW824141,CW929984
CW747660,AX55737
CW163741,CW661778
DR3968,AM18679
AS73220,AE19178
CT24483,CW339059
CW948329,CW771684
EH197029,BN194734
CN35126,CN75210
EH368879,AA19124
CA60999,DT58236
EM105472,CG2857
CW1152159,CW774246
CZ58099,CE62780
CW812814,CW812814
CW1086999,CB79537
CH47596,AM85730
EH752439,DZ40969
CW1078292,CW602517
BP22576,AP78767
EH673343,EH1136422
CW785406,CW746583
BN76979,BN122576
BE116703,AL34091
AP41153,AP41153
AE16597,CW175943
BY714260,BY722004
CW384482,CW231806
CX18231,CG122388
BE217630,DB59601
DN109460,DN42342
CC118788,BL488123
AE6440,CN29031
BY127094,BY261797
BL217345,EH921407
EH716213,EH716213
BL509396,DE314993
BW50568,BW50568
AW70056,BG16997
CW431137,CW1073403
EH712985,EH428455
BY57345,BY246102
BR171838,BR181385
DZ47457,EH488092
BL236483,EN34844
CW493553,AL90706
DX45566,DX45566
AG45307,AG45307
BY558130,DD146132
CE13062,BX18915
CW619775,CW1117253
AL54160,AL200293
CW1235135,CW334744
EH101298,AJ14410
CT56560,CT56560
CG139574,CG117393
AL147193,AL337750
BR190210,EM85615
BE190257,AL294316
BL190863,AP102360
CS14102,CC86119
BB68760,AS3909
EH773192,EH923798
BY458842,CA126134
CL38926,CE51226
AL132675,BC30516
BY642656,BY642656
CW321318,CW321318
CW411347,CW222529
EH130687,DE89158
EH78350,EH211762
DL237080,AK124703
EH816209,EH810778
DH30063,AD13335
EH222798,EH1006844
CW1304268,CW1304268
EH553077,EH154184
EH550797,EH550797
AL128043,BY168905
BY480289,BY400271
CW353102,CW599813
AW191146,AW210165
EH635994,EH812842
DA63688,DA63688
EL89404,EL89404
EH686255,EH686255
AX54657,EL16930
EL69869,EL69869
AA56628,AA87712
BN343632,DZ30274
CW356672,CW154717
AB41679,AB41679
EH1317771,CM52645
BH142262,BL182975
BN3494,BN3494
AN151003,AN151003
CW272685,CW314449
CW829944,CW829944
CG96986,BE206995
DN94633,EA54857
CW232491,CW82541
BW48570,BW48570
CA115606,CA115606
DB163347,DB137404
EH96970,EH164748
EF79288,BD135776
CW993110,BL411462
BN372133,EH719415
DR84257,CW1170634
BE310844,CL31416
BY560616,BY549528
BB80232,BB103529
CW507763,CW1045731
CT33896,DW38648
EH815754,EH389927
EH811765,DX61274
AW163176,EA43302
BL186722,BL12741
EH223518,EH339180
ES14361,CG47281
AL30699,AL30699
DA106406,DA106406
EH505353,CL34332
EG38920,EG38920
AG49802,EH642410
CW899755,CW899755
CW616933,CW602545
BL261971,CW877374
EH2840,EH173778
AL291578,AL115140
AS85760,EH164982
CG148016,AW137259
DP29920,DP29920
ES14141,EH661631
EH884709,EP64728
EA17031,CC85882
DZ25460,DZ25460
CW205155,CW163083
BL280511,EM79096
BE189147,BE344006
AL75489,AL75489
DN142787,BE450651
EH346583,EH360516
CW1042568,CW225331
BL249367,BL245406
CG182760,CW989348
CW1013468,CW935564
DE181364,DE285012
CW1065762,CW848645
EH901830,EH901830
DA33365,DA33365
BY435597,CW1049919
EH516495,CJ137567
CC90465,CC153196
AW20020,CR10455
DH57508,EF144724
CW600148,CW626735
EG28457,BF13511
CJ121766,CJ116394
EH794555,EH499585
EH843421,DE196164
BY498202,BY541671
AN129029,EF153583
CW1031561,CW879712
EH923226,EH770566
EH241069,EH144766
EF208178,BZ36519
CJ139929,DE199155
DB160785,DB61235
CW1081190,BE163372
CW793752,CW793752
DL269907,DL269907
EH1048962,EF205745
CW492511,CW148566
DB206958,DB328495
DS102387,AN85765
DB23367,DB128186
CW1366045,CW1170634
CW938894,CW1250374
AN129546,AN177793
BA4915,BL206131
EN50049,EH810309
EH254449,EH516880
EH698097,EH567956
BL85425,AM61321
CW481909,CW778928
EH911716,EH911716
EF69245,EF69245
EH369830,DW30884
EH592293,DA50805
DR150899,AW147353
CW919337,CW1289308
CW327861,CW1319974
BY83382,BY6071
CW556048,CW459305
BB78203,BB37547
DZ52245,DE118000
BL343135,BL343135
CW510808,CW556259
BY30405,EN24926
BR29075,BR29075
EF46077,EF134398
EH962883,EH962883
CW972453,BY395533
BY669539,BY669539
BL397338,BL397338
BY287491,EH304960
DB201045,DB196030
EF86819,EF86819
CW833967,CW833967
EH1138041,EH872847
EH752439,EH458630
AL24386,AL24387
DB319156,DB164920
CW581178,BL315353
EM10745,BE114068
EH1132469,EH1084097
AL174964,EA34791
CZ33252,EL30362
CW795423,CW855897
EH332023,EH527415
CW885764,CW144884
CW830825,CW830825
BE348918,BH132340
BY258746,BY295103
AL140458,AL139805
AL128043,AL354438
EH1118494,EH682523
CG35162,EH247373
CW610780,BJ20027
DN147142,AS73674
BH25205,DE167212
CW695030,CW936305
CW1142248,CW764053
EH195546,EH332023
EH845298,EH751891
CW1066528,CW1066528
EH1069624,CB93093
DB247081,DB56672
BY544864,BY295227
BY381679,BY380671
BB6158,BY349093
BY705858,BY194431
AL241453,AL241453
EH176818,EH229125
BJ10910,CW1179660
EH134705,BN333636
BN157032,AX16196
AX27097,DM35721
EH862915,BK43902
CW770223,CW461778
AM48756,EH211762
BY567458,BY513388
BB63066,CE27421
CC150320,CE27421
AX72059,BL506290
CW1063695,CW1063695
CW1033844,CW1033844
CG59205,CW1125246
CW518662,CW669150
DE303756,DL220655
AT3686,CM55638
DM27665,EH320292
EH1084138,EH1084138
EH712749,BE174423
EH1234471,BP38296
BY571518,BY392382
AB14050,AB13928
EH893246,EH893246
CW1056800,CW1056800
DX61241,DX61241
CW1300449,BR125480
DP22314,BL289315
CW1175813,CW1195961
BN276612,BN276612
BH128509,BH17505
EH1000197,EH500913
BY394134,BY394134
EH1249363,EH331681
EL65244,EH685104
BH70377,BH70377
DX41266,DX41266
DD35153,BN456609
AW128972,AP35458
BN4339,BN4339
CW238870,CW1330915
CG101583,BY274656
DB297145,DB297145
AT13382,AM5222
EH538825,BY465071
DB169275,BN367234
DL47491,CJ19280
EH1242170,EH1242170
CW1041261,CW1036222
EH221161,DE288315
BY687252,AN5305
DD121996,DD107539
BY739921,BY739921
DB188377,DB38505
CE35351,CW1263274
BN66670,BN102745
CW600966,CW310928
CW1065762,CW891936
EH890386,EH890386
CW809631,CW1063892
DB96282,DB113015
EH752439,BL279675
BN353954,BN209556
BL229364,CW795339
DL185990,BY573087
CA73693,CE28541
DE274205,AM85451
EH134496,BL130073
CA51612,EF23181
DD66213,BJ29186
CW318224,CW1032752
DE254768,BH127064
AA195599,CP24437
CW519319,DS80866
BY668895,BY668895
AL240597,AL352523
DE198410,BH156604
EA28352,AN85247
CS27549,CC89087
CW675203,CW740280
ER35368,ER35368
CW995532,CW995532
EH902684,EH902684
CW216805,CW329921
EH1021031,EH1021031
CG30306,AP57437
CA51612,CB59032
BH77137,BH83528
CW482765,DZ53713
BY275561,BY60359
EG41205,CZ41445
EH826388,EH826388
AJ31972,AJ31972
BW50816,DE98330
AL104595,AJ21547
CW739044,CW739044
EH425590,CW78698
CT29503,AW142118
EH128735,EH186290
BR190186,EH448833
CW1143489,EF160308
CG160762,AP64158
CW853384,CW853384
CW1067934,EH1295340
BY376971,BY573087
CW596989,CW416158
BL317750,BA2179
CC18980,CC13052
BL251990,BL381124
EH678707,DT61582
AG29913,AG29913
EH500565,EH529130
CW404131,CW387493
CJ142021,DE239045
AW137183,DT95987
BH146235,BH178120
CW835686,CW1111653
DE177691,DE230503
CW985919,CW1145150
DB167967,BY370856
EF106862,EH610228
BY415555,BY415555
CW376435,CW1036917
AN129029,AN109683
BE47029,DS48249
EH880872,AA148654
AS29638,AS29638
EH780116,EH356438
BN191501,BE114068
BN78606,DR78751
BN313637,DE231201
CG80652,CW527932
EH621921,EH922220
CC117747,EG44459
CW1029872,BP17059
EH712985,DL217565
EH1183291,EH342552
EH247088,DW35479
CW977987,CW760797
DE260805,DE260805
BR82335,CW523104
CZ106628,AN101686
CW890846,CW1170634
CW466882,CW650916
EH830580,BB55197
AW101246,EH417773
CW400865,CW1219927
EH681105,EM82035
CJ101665,CJ101665
BP32754,AW43008
BB90645,EF209545
EH506488,EH229974
BR149304,AW48587
CP35259,CP35259
BN319374,BN319374
BE253831,BE450651
CW1023683,CW1023683
CW60014,CW153915
AL133739,DE96028
DN73540,EH360516
CW404131,CW929984
CW668832,CW310853
BL455988,BL303543
CW559147,CW291711
BN451643,BY414742
DB185608,DB185608
CW877227,CW1190210
CY29841,CY29841
CW138916,CW305395
EH221161,EH802592
EH603807,EH475055
EJ6362,EG20603
DS102387,AL335694
AW167322,AW35105
DB270485,DB196030
AL332569,CC157129
CS27549,EF106766
CW395277,CW686329
CW985565,CW577627
EH487725,EH487725
AB31111,DB194670
CW507542,CW1203570
AX67117,AX67117
EH712985,EH327031
EH981006,DB280107
AA60261,CZ17403
EH447915,DK23138
EP39173,EP29388
DT150794,DT150794
BN348892,DE301784
EH1183291,EH146826
CL23948,EH488092
AW151591,AW110070
DR118438,DR101303
DB94124,DB224905
CN80485,CN78241
BL389324,BL129617
CW750856,CW750856
BD45732,BD45732
EF142857,BH133434
CW558112,CW449010
CS29544,CS29515
EH992256,EH902772
DD37593,DD37593
DB49467,AA156445
CG35162,BD22841
AL72115,EH592817
CG72782,DM26299
AL51742,CW1179660
DK21628,DK21628
AD26532,CW846716
BP5402,DE17030
BR122742,CW854600
CZ67137,BL370905
EH717974,EH473778
DR42340,DR25358
CW1040066,CW1040066
CW441751,CW1221407
CL31095,CW740280
DS96488,BG37303
EH1126936,EH1126936
BY595059,BY595059
BL258096,ER24231
CW394246,CW111986
CW23680,DL18092
CW221700,CW180128
EH374362,CW1045283
CW56018,CW54444
BN245371,BN285294
CJ113717,CJ118648
CW554828,CW1025570
EH704209,EH973276
AA164934,CW1146157
CD10456,AN44586
BL258096,DX33847
DK30364,EP30087
EH572054,DT35208
BE428991,BE428991
BR172315,CC31247
EH852892,BY705013
BC58554,BC58554
AN187706,AL66454
EH616606,CW610319
BN170950,BL102141
CW158598,CW137807
CW1365817,CW1205816
DE76354,BR3520
CW825817,CW865035
CW1004231,CW602700
CW952482,CS30949
EH787800,EH213654
DS93988,BD132729
CL38926,BR82973
CG124558,AP64158
EF179882,EF179882
BB80232,DW64150
CW185463,CW303863
AF24806,AF24806
EH584686,EH512867
DS72058,DS68139
CG81430,CG81430
BE217630,DB113852
AP52529,BE164592
CW570315,CW757837
CW588954,CW562318
CC70081,AL115165
BL340293,BL340293
CW955472,CW955472
CW967344,CW519494
BN298105,BN298105
AL264822,AL264822
DB211652,AP69071
AL38184,AL135733
EH959190,EH959190
CW1196641,CW673897
BL393243,DL174744
CW185489,CW509829
EH952843,EH952843
CZ76751,BH140260
AN157578,BT10389
EH495658,EH542520
CA82536,EM85606
CC96044,CW1220414
DL231404,DL204459
DW47399,BY540250
AN153625,AN153625
CW675891,CW860786
AW189506,EF172821
DD46412,EG15277
AB25016,CT28398
CW725819,EF31318
BN433234,BH165891
DT17552,DT17552
BL395295,BL395966
CC151104,CC151104
DS72058,EP55976
CW550007,CW533290
DD33745,DD124293
EB58470,EF205869
CL63638,CL63638
EL85765,EL85765
CW72471,CW111258
DL129280,BY392382
CW1024190,CW1024190
EH815754,EH331681
BE289780,BE326339
BL280511,BB55197
EH113314,EH144766
DB182807,DB115427
DN137655,DN137655
BE404622,BE214560
EF123799,EF123799
BY646830,BY637629
EH1130631,EH904479
CZ106628,BN311781
BN301737,BN158598
EC10371,EH331785
DB185118,DL128379
BY429421,BY243616
BY357662,BY545863
EH139068,EH161865
BE217630,BE57173
CW952020,CW111116
DT169039,DT131097
CW596292,CW242856
ES21395,CW380714
EH1149288,EH940253
DR14226,DR14226
DA87354,AL129674
BE163964,BE347094
CW294484,CW1036892
EM66171,BY258664
DE190833,AL193652
DL238574,DE62670
CW814027,CW369186
EH108818,AA47944
EH601226,EH812842
CW1029872,CW436963
CJ75077,DB194670
BY380986,BY347583
CW731075,CW335467
CW610058,CW563497
EM41130,CW442219
CC114829,AL311924
CW1145433,CW377231
DA106342,DA106342
BY96715,BY146044
EH698060,AX48819
CW1078292,CY21303
DE76598,EH206074
EF121667,BN384472
BC33338,DZ9621
CW672900,CW904265
BH134988,BH106375
DB265836,DX61178
BL274433,BL274433
CA67473,AN101686
CW795423,CW1316614
CW361232,CW453847
DH46020,CA79705
AL122480,AL194367
BL429271,BL429271
DL235787,DL235787
DY31380,DY17996
AW134324,EG44967
DB116579,BH106753
CW421552,CW756621
BD110589,BD110589
CW629462,CW1147092
CZ60023,CZ60023
DB292502,DB292502
AA56628,AA56628
CW998344,CW998344
AK151230,AK151230
DR99014,DL45215
EH816468,BY203162
BN219288,CC100071
DT106198,DZ44340
CW1013468,CW217139
CW1227491,CW789525
BL240976,DE65182
CW952482,CW1343251
CW1174956,CW1174956
EF123794,EF123794
AB38035,CG118808
EH425590,BL182975
BN467997,BY87145
BP55720,BP38204
DP45645,EH576280
EH346486,DS64825
EH702618,EH670072
CC117747,CW802880
BW44331,DE253849
CW1072368,CW1263695
CW804661,CW1296798
EH893736,EH893736
CM38434,CM38434
EB77361,CL31416
EH164490,EH67572
DB185995,DB178226
BD132552,EL48801
CW890163,CW890163
CW745930,CW1329056
BL389599,BL316914
CS26946,EH458661
BC11166,BE474212
BN512829,BN383743
CC94956,CC94956
DD115929,DD120049
CW576414,CW651363
CW22439,CW39884
BB93265,BB70498
EH1262813,EH1262813
BE352505,BE300466
CW1263695,CW1263695
BR148314,CW760797
AL259695,DW66064
AA60664,EH181736
AL14383,AL14383
BN397488,BN397488
BY476974,BY344512
BN513244,BN315465
CB29513,CB23627
AN199002,BM59157
DB38045,DB12711
CW862372,CW320944
EH501045,EH449567
CW934405,AN173497
CW296756,CW699690
CW258870,AW67392
CS27881,BJ38384
CW1096949,CW124750
BH150502,BN336633
BD138762,AL263563
BR148314,BL506290
CW58386,CW707605
BM45845,BM46494
CW457984,BL242130
CW1193215,CW1199132
CW634785,CB31258
CW1178874,CW1106681
CW815138,CW748929
DB156966,DB99089
CW993110,CW993110
BL389875,DN69327
DW60814,DW60814
EP91157,EP91157
EG25085,EG25085
DB210802,DB299159
BC43624,BB66863
EH321438,EH321438
AE26934,AE26934
CY16112,AN54990
BL470336,BL470336
BJ29225,AM72164
CW222001,CW1025693
CW205262,CW424233
BN255873,BN236573
BC39621,EF100296
EH108818,EH197723
EP64692,EP64692
DZ17813,BR95968
EL68179,BP45502
EH64322,EH1250849
AW124345,AW149159
AL34913,AL354438
AL239817,AL239817
CW758081,CW612923
BE76499,BW22654
CW984481,CW1088566
AS85760,AS85760
CA119731,CA119731
EH1231253,EH955043
EG49165,EG15277
AL271930,AL300026
DK31805,BZ35508
AS67696,AS64799
CJ112860,EH546224
BE91361,BE299788
BD93566,DB177131
CW570315,CW218404
EH438023,EH901816
CG43589,CJ72587
CW1086680,CW717796
EH414087,BN456609
BL440366,BL440366
BN421156,EH970316
CW87648,BL84019
BY483330,BY509515
DE297258,DE297258
BT12983,BT12983
EH1205615,EH1205615
BY376570,BN353478
BE332300,DE239045
CW469499,DY2606
EH473722,EH474071
DL209138,EH482645
CA73341,BY409931
CG62334,BL206131
CA51612,DE76903
EH823960,EH755293
BY24977,DL126267
CW289305,CW1176934
AA125926,AA24223
EH863938,EH863938
CW345404,CW791342
BY163278,BY294862
EH630724,EH812842
BR225116,BR225116
EG33449,EG33449
CW416158,CW483468
EH942565,EH1302701
EH321210,BP25491
CW1131496,AL335557
BL292607,BL292607
CW508134,CW82541
EH833203,EH833203
DA49425,DA54157
DL209888,EH1001691
EJ13474,BN220785
AG50835,DN155612
EH1064128,EH237109
CA27281,CA27281
DS102387,AX30332
BL342485,BL256281
DR90398,DR90398
AE13824,AE13824
DH46020,DH46020
EL27638,EH165991
BY99203,BY328889
AK30949,AK30949
BY160591,BY169927
AB37048,DE154601
EH698648,EH698648
CG146937,CZ33551
EH758464,EH758464
EH522873,EH522873
EM100463,EM100463
EH1271647,EH1271647
EH414087,EF100296
BZ35133,BZ35133
CJ194090,CJ194090
EH1081246,EH1117185
CA47672,BL295193
BL261971,CJ183458
EH538825,BY408420
EH768826,EH768826
DB107038,CN30877
BR156585,BL198108
BE254925,BE255083
AD8977,DK14296
AL169464,AL169464
CC125878,CZ33885
EH1000262,BL326485
CW977807,EH1235532
AA107317,BD77965
CT59613,CB54469
AA84269,BR81884
EH983778,EH983778
CW1157217,CW1147092
CC148483,EL93256
CW128769,CW128769
BR176712,BR176712
BC68885,BC68885
CW243288,CW328016
DB162142,DB282988
DB212548,DB212548
CZ6299,BE70282
AN135667,AN135667
DL130829,BH168107
BN238154,BN355724
EH889582,EH889582
DB331205,DB128842
AN164072,AL336292
BY435597,DN92096
EH507515,AF13274
EH812024,CW893573
CG15110,AW77878
CW368461,CW1072367
BF19085,BF19085
EH1000368,EH1000368
AA183275,AA183275
DN123965,BD160777
AJ19877,BY296501
EH467632,EH697654
AD27177,BE229274
AF14323,AL98910
BG21648,DH22231
CW783615,CW824738
DL80542,DL188430
CW664295,CW370434
DE228040,BE171194
BY379078,BY453880
DS115629,BL466558
CW803022,CW602700
BN295822,BN295822
DE248156,DE248156
CW921123,CW921123
EH139655,EH595669
AX24587,AX24587
DF17648,DF17648
CA110239,CA110239
CG95521,CG95521
BE325762,EH929979
DD35153,EH245924
BL386106,DE182390
AL159041,AL131658
BN275683,CZ51547
CJ161237,BN423563
BD106874,DA20579
CW278418,CW580188
CW509371,CW398559
EH580335,EH699501
BW53277,DD93192
DL254223,BN491007
DW44841,DW44841
CW882979,DL176078
EH883265,EH555185
DT102998,DT121693
CW502114,CW459305
CW568256,CW714211
CW1114090,CW436443
EH1051423,EH856263
DP32089,BL308661
BJ36606,CZ87607
CW694499,CW490502
CW1152470,BR174150
CC14548,EG43403
EL23068,AW148887
CW875595,CW759334
DA60422,AL190305
BN311862,BN262711
CW681124,AN94568
CW928274,CW928274
DB112488,DB185347
DL96466,DL85727
CW1010023,CW496101
DR134689,DT26807
EH561680,EH362745
CW128387,CW420469
CW1149470,CW1149470
CN31740,AF25671
AA148654,DB53903
EM41936,AA89265
EH174612,EH159941
EA49357,AA116976
EH465177,BY335703
EH926355,EH209810
CE57007,AM96481
BR197456,BR197456
CW1154381,CW589269
CW616933,CW677089
CW732901,CW732901
BE207705,BY557122
DN74017,DN36770
CW848684,CW707559
BR90255,BD135776
BN382386,BN382386
CW1008328,CW1058437
DX42662,BK20620
EH704163,DZ66007
CW908668,BL166957
CM53602,DL71566
BY512052,DB190426
BN230197,EK11887
BD61073,EH228836
EH621518,BL292607
BD124063,CJ154388
EH629832,EH738447
AL221142,AA143809
CW461593,CW887481
DL136074,DL136074
BN400650,DL66670
EH179763,CW1221407
AW89465,AW137259
EH231236,BL107022
CW633200,CW555126
CW1052425,CW1034571
CW736200,CW345844
EH234963,BL138829
CW313113,CW294583
CJ111091,CN45217
EH506488,EH1119284
BL364972,CN87837
EH1019933,BZ66536
AW70815,AW70815
CW51766,CW165699
BY458641,BY443400
CW268057,CW579985
AE22993,AE22993
BR84411,CT31460
BN409837,BN340986
CW205262,CW557245
CW596292,CW470157
CW1053804,CW918353
CW1096949,CW227010
BY598432,AT19007
BN324068,CC153196
CW993773,CW147964
DR72799,DR60221
CM17888,CM13481
AB25016,CC127514
AH17596,BH75216
EJ9017,EJ9017
AA146169,DE127114
CW664295,CW414063
AL123040,AL334278
EH539757,DE288714
CW933246,BN429104
BY531505,BY274763
AN111006,AN95771
CW293460,CW400986
DS100150,BY541253
BR13782,AS5255
AN40604,BL167582
CW989348,CW308626
CW327861,CW1036917
EN50049,BZ36519
AL229231,AL229231
EH177561,EH1265982
EH1045729,EH339180
BN349162,BN452330
CG162133,DZ9953
AL320106,AL117024
CW962768,CW305052
AP51065,AP53541
DK39584,EH892600
CW594094,CW594094
ED18854,EH1235532
EA35409,DW48347
CW917202,CW975531
CW789356,CW750510
CE22283,DW64150
BE233590,CZ114592
EH379393,EH343641
BN176437,BN398702
CW109119,CW60701
DB260586,DB94557
DT111108,BR145449
BP58302,AA132878
DN114786,CW837799
CW60311,CW527395
EH866253,DE223744
BR174019,AL153502
AM73402,CH20461
DN104921,DN64861
EH975490,EH975490
DK31805,BH131437
AL308498,AL308498
EH784578,AN72661
CW1184243,CW481071
AN137576,BR75434
EH443908,EH1079819
EH925732,EH179672
CW357548,CW626971
BL342897,CW503045
EH617173,EA35014
EH773192,BL355877
DB104030,DR61675
CW1141310,CW1141310
BE26987,BE44337
EH1159382,BM59157
CW815137,CW602855
DT133119,DT133119
BR196955,BR196955
CW990787,CW61328
CW674321,CW435746
CW238574,DD17019
CW917820,CW1089317
EH691334,EH762654
CW532846,AP50078
DD70885,DD70885
EH592293,CB33199
BR104828,BR118785
AA113661,CW1114090
CW907572,CW907572
EB68266,EB32914
DL202138,CC89087
BH94136,CG171058
BE149706,BE175291
EH958888,EH958888
BR27349,AJ14721
BY475045,ED21525
BY168528,BY168528
EM82103,CZ86961
CS13195,EH1037679
BY577544,AR6305
DB234536,CM12059
EH823960,EH823960
EF142715,DE147345
EG47607,AE24113
DB165478,DB195846
BY332373,CC112776
CW434892,CW611883
BL370905,DE261425
BH126462,DL100669
EH863924,EH708144
EH909373,BJ35023
EH459464,EH688954
BN140595,BN140595
BY32081,BY32081
CW158333,CW303863
EH67033,EH506087
CW859216,DB212548
BR133057,BR133057
CT41469,AA169664
CW293624,CW253569
BY645815,BY621016
DT106904,CG109662
BE386141,BE386141
ES22451,BH151572
DA89692,BR61104
EL84696,EH949350
EH917120,BR213564
DE269343,DE269343
EH418323,DN84755
EH1153084,EH1205191
AP85953,AP85953
CT45838,CW35436
BH53627,BJ10573
EH823960,EF104496
CW276060,CW699065
EH585342,EH414956
CW1121713,BD123511
CW303466,CW858439
EH579903,AT16946
DE212670,BR97372
DG50460,DG50460
CD26051,DL236315
DB178704,DB268170
CW1056621,CW1056621
CW918664,BZ58154
DN118099,DE226420
AA136081,CG148754
EL68179,DN109647
CW356638,EF142579
BL261971,BE456245
EH314684,EH639650
BY371801,BY187770
EP94187,EP94187
DA44817,DA47676
EH694655,EH694655
CW659934,CW1049919
CT52183,CT52317
BY170801,BY46516
AA66154,DX12630
AK56991,EH388244
CW824141,CW387493
BR19684,BR169772
EH690871,BR146274
CW511321,CW450500
AW152065,AW126320
AN25393,AL118164
CZ92634,BY619081
CW805758,CW805758
BM3987,BY750252
CW1114056,CW929013
EF39056,EF39056
AJ21218,DD96032
EH620897,EH426808
AA38856,BP12989
DW61931,DW61931
CW441751,CW253569
CZ56654,CZ56654
BN281346,BN281346
EH33338,EH51000
EH234963,EH802835
EH716083,AX29272
AF24276,DE238400
EH875027,EH875027
EH861611,EH938996
EF122025,CN45217
DW56619,BH91491
CC29635,EF64432
CW1180888,CW1036633
BL259484,ES24134
CW448422,CW448422
BY616387,EF180869
CP38367,CC125834
BN368315,BN306297
BL36698,BL36698
DL130829,EH680454
DB203381,DX46510
DX39555,BB103529
EH1058512,EH837963
EH870324,EM112499
CW1210648,CW617562
DL101289,CC162608
BY487517,BY500692
EH713533,EH1294069
DB175671,DE49425
EH495025,CM40018
BP22576,DH51487
EM17530,EM17530
CW996882,CW1170634
EH515666,DX13360
CW508134,CW345844
DL144993,EH778184
EF68888,EF68888
CW1178874,CW1354603
CP42515,BP56258
DB313813,DB313813
EH806977,BD92047
CW685589,CW996353
EH887549,EH831579
CW795435,CW735238
BN481931,BN404711
BE329908,BE459558
CZ104892,CW298734
BC70650,DL232198
CW558104,CW453847
BN481931,BN459680
AN196795,AA90927
AK116101,AK35519
AA136081,AP64426
DL211304,DL211304
DL228071,DL228071
CW430625,CW615170
AA195599,DD3685
CW536972,CW217139
EH794555,EH618089
BZ19780,BL171541
DB286776,DB206392
EM43573,EM43573
EH694655,EH502296
CC90061,CW751716
EF149038,EF149038
BL379054,BL379054
BN51763,BN48871
CG85750,CN62636
EH846693,DL217259
EL86157,EL86157
DZ14961,BL132788
DR121951,BN508648
AW92376,BL154027
AY22112,AA111364
AL341191,AL208861
EH768541,BL138829
CW884962,CW1301526
EH1274624,EH1274624
EH1077447,EH1077447
CG80652,CB93093
EH194386,EH245924
CW1127268,CW1021078
EH686190,BD98929
BH132859,BH132859
BN376436,BN394465
CG58592,CG132765
DB293633,EH810121
CA66246,CA66246
DE210329,DE187991
CW355974,AN55352
DE269029,DE269029
CW1070675,CW888746
AM66752,BL287786
BR192583,DN111057
CN90884,EL74344
AA146431,EH671857
CW991790,BF40410
AN98626,AC5691
BL236483,BL215396
BY310393,BY361060
CW430625,CW472230
CW386879,AZ9598
CW75369,CW75369
AT24729,DN133097
BL229364,AW142118
BL448521,BL287786
BL166601,BR81884
CT48303,DN109647
CJ171109,CJ171109
BL181893,BL197688
AW114542,EL32174
AM60571,EN51374
EH948588,CZ87333
CW1230389,CW492967
BY337834,BL342612
CW712377,CW946535
EH533353,EH258224
CW965897,CW543412
BN211690,DF14889
EK21583,DE73081
BH163659,BH120047
AN197348,AN197348
BL246689,CW357817
CW520354,CW749946
DB305844,DB85003
EH808287,EH157892
CW703967,CW515509
DL176050,CW1170634
EF204357,EF204357
EH853289,EH853289
DB189321,DB209800
DB189321,DB110391
AL258868,AL258868
BL169346,BR151835
EH698060,EH698060
CW547958,CW1368162
EF56666,EF115168
CN38254,CN79629
BN481253,BN263206
DL192964,DL196578
BB104243,CW1172983
CW204389,CW560761
CL38142,BA11511
CW752282,CW1163009
AW190376,AW190376
EJ11792,BL158552
BN455551,EH733590
EH420950,DL96708
EH128694,EH128694
CW1101841,CW407077
CW1020922,CW723235
EH253676,EF69380
BL210971,BL241503
EH567883,DK23138
BX15813,BE219529
DX11929,BL242899
BY372318,BY492374
AA31107,EH162441
BR215092,AA75498
DS72058,AG59675
BD122699,BD4888
CW785406,CW370322
AN136043,EH802835
BY461257,EH777639
CW1099775,CW527932
EH802795,EH561440
EH564625,EH519127
BY554082,BY554082
CG70460,CW255876
AF14323,CX17061
CW658773,CW585352
DT92632,DT36095
DE295587,DE295587
EH752967,DE121646
EH827389,EH827389
BY554848,BH131437
BL308942,DT95987
CS31103,CS31103
AA100490,AN72661
CW407850,CG13355
BR186181,BR186181
AN63886,DL213108
EH1131139,EH1131139
EH510447,EH208050
CY24526,CY24526
DS78378,DS78378
AP47713,AP13411
EH530706,BL287638
CW365995,EH249687
BN299743,BN299743
AX3989,AX3989
EF107210,BN362520
BY610472,BY612958
CW293624,CW1221407
DS82648,BL393859
BL342897,DA86981
EM115383,CZ76360
AL193073,AL144512
CW1164209,CW456089
CW896761,CW679232
EH709487,EH1262600
CW1168027,CW990291
BN470693,BE447255
CW784619,CW848320
CW144872,CW144872
DB178321,CW1204073
BL395295,CL49372
CW998779,CW998779
EH865084,EF136644
CW908668,CW306197
CW777503,CW400986
CW522717,CW247263
CW565333,CW643136
BP24017,AW34848
EH850631,EH485365
CN56251,BY571498
BC59344,AL261994
BH104372,BH105661
AW72503,AW72503
AS86973,AS86973
BH104372,EH755518
BE344006,BE344006
DD172201,BW53806
AF20078,AF20078
AM73402,BL182975
AS85760,EH305359
CW365995,AB37355
CT45838,EP53411
BD97075,EL33503
CW745462,CW226501
DN88650,DT80809
CE58696,CW802880
AN155057,AN150043
BY596451,EH309346
BN145246,BN540673
CJ22250,CJ167486
CW53379,CW333557
EH994261,EH994261
DP9187,CW551919
DB235761,DB153288
EH534452,EH534452
BY321073,BY45637
CW548381,CW759334
AN160859,BK35536
EH752439,BE141737
AK153378,AK153378
EH704163,BN307410
AG15858,AG15858
CG115946,CG125592
BB77195,BB77195
BN372584,EH458661
EG46155,EG46155
DS91500,EH784913
BE17998,BE53892
EP78850,CM59685
EH600776,EH818103
BY376570,DH59378
AK118090,BW24246
BW17525,BW17525
CA115545,BD91797
DT126155,EP78391
CW1078292,CW1347110
EH866253,EH810778
DK42216,DK42216
DY31725,DY31725
BL148377,BL148377
BL241341,CW122931
AW109438,AW107301
DB182139,BD160777
DB268428,AA151758
BZ19780,BN386262
AS90465,BE121599
DE212058,BY22585
EH1062156,EH210484
BY700967,BY631472
EH1081541,EH177297
EH297724,AZ9872
AL283847,DF20908
EH1149288,EH994978
AL31300,AS23691
CW143215,CW492967
DB79568,BL77161
EH266518,EH42997
EH813605,EH813605
AL88263,AL88263
CW765604,CW765604
AE30202,DB246104
EC22413,DS104869
CW1148515,CW1316700
CW587555,CW629085
CW624932,CW471563
EH124636,CG30957
EH1127512,EH1127512
CW715853,CW575407
EL81109,EL81109
EH729820,BP49647
CW615538,CW453468
AN44857,EH661631
EH539757,BN367234
CA80070,CA80070
BR158768,DH20236
EH514172,EH629580
EH332525,EH177297
EF174364,EF117830
CR12300,DL135254
EH673343,DE301784
AN124298,CW623399
CW830069,CW323267
BL407027,CK2151
CC117747,AA162407
BW16151,AX27097
CA58057,AW61282
CW497250,CW177567
CW279606,CW259771
CW578879,CW1221407
DE167300,EF23181
CW859216,CW1204073
BE348918,DR140963
BL389599,DK31805
CJ11208,CJ24502
EH251764,EH242573
EA17031,BH131437
CT19987,CC121907
EP54886,AS46834
CW846716,CW602202
EH658152,EH778462
CW702947,CW507916
DB305844,AW122331
CW688785,EH658336
AW4197,AW4197
BY495296,BY592426
BY645168,BY294862
EH318389,EH208050
BR122750,EH642410
CW925199,CW771684
BL478901,CC118192
CW1246784,DR104635
AL266118,AL266118
CW218379,CW448950
EG39579,EP69693
EH815527,EH840341
EP3267,CC48327
AN137576,BE88931
DD130102,BY253114
EH842666,EH842666
ED37650,ED45438
BL196153,DE329918
BR220213,DL134548
CJ106401,CJ106401
CT23236,BH70947
CJ167871,CJ161503
EH1114368,DE305903
CT45277,DT3624
EH428944,CB13118
AA100490,EF56403
BL213128,BL213128
BY374712,BY374712
EF158620,EF172304
BN326901,EH681585
DB150234,EM68800
DN95578,EH626196
CW824081,CW935955
AA111225,BL286768
DB197894,DB197894
CW1071199,CW784174
EH1118494,BF21094
BH167837,EF201479
BY745848,BY745848
CW108324,BK34224
AK74697,DB20595
CW917113,CW950202
BY598432,EH567956
DL127851,DL127851
CW864411,CW864411
DR42787,DX9778
CJ168772,AN228071
DY31725,CW399847
CW668832,CW690742
CJ103894,BR142992
AA12918,AA12918
CW531708,CW403110
EH945206,EH944356
AL30197,CW487941
BX9138,BW22654
BL217511,BL316914
BY87080,BY244230
DB85860,DE154247
BN124116,CL15887
EP86628,BL416576
CW302925,CW626735
DL156477,DL114581
EF49530,DL29516
CW662932,CW277849
EH92274,EH192575
CW419469,CW703973
CA35710,DB34831
CW60016,CW725861
DR101303,DR121221
AT13382,AL52378
CN74246,EF162743
AN58494,AN155815
DP6645,DP6645
CW117970,CW117970
EH153297,EH166809
AN98590,CW103769
AL170522,AL300026
EN29730,BY221590
DE212670,DH37810
DL159652,DL211866
EH565152,EH318760
DE304648,DE304648
EM32708,CZ95573
EH952598,EM68272
CW819189,CW819189
BL433475,BL433475
CW817335,CW694459
DB12265,DB44583
DD40300,DD75135
CW498885,CW289594
CW993501,CW1329056
CW737704,CW297012
CG160762,EH237430
CJ134746,CA133633
BL66884,BL73291
AA124519,DE230503
DE184230,DE182390
CW835686,CW1013654
EN37930,BL266337
BM56280,EF205869
CW751027,CW1220726
BY270991,BY262882
CJ122575,CJ122575
EP98488,EP98488
CJ99176,CJ99176
CW104643,CW270058
BC16327,AN85247
CW600148,CW499592
AB37048,CC78713
BD86740,BL138829
EH769824,DL204717
EH969680,EH969680
BD132552,BR105483
BL389599,EM139827
CY12915,EH347802
CL45725,BY290319
DT82841,DT82841
BG42080,BG42080
DB255959,DB255959
BY265622,BY454626
EH456446,EH456446
CW1044906,CW1044906
ED51103,ED51103
CG89753,DX56155
EH810309,DA127612
EH477815,DW30884
EF145789,DW64150
BJ37967,EN24926
BL412693,BL463072
BE78407,BE18972
CW1140326,EL77093
EN39474,CC12785
CW1203066,CW1061138
EH288711,EH458661
CA97165,AT24562
BA8961,DD217794
AA31107,CW679232
EN78191,EN78191
BH106400,DA117580
BB87134,BB87134
BL151164,DE90821
EH1106476,EH1106476
CW334552,CW334552
CW613612,CW685075
BR102943,CJ41860
DS98391,DN116516
AL133130,AL126420
DB148365,DB220627
EF153583,EF100089
BL513608,BL513608
EH827347,EH827347
BE69555,DX12630
CW800326,BP53637
BY396679,BY396679
CW578879,CW253569
BL463959,BL463959
CW908668,CW804661
DD207004,DE227300
DL205195,DL205195
CW811777,CW862738
CE36091,CL34430
EB77361,AA110730
EH716365,EH716365
CW508134,EP26062
AM88933,EH238244
DD145581,AB38383
CW1185929,CJ176402
BE379556,CW783615
DN142696,EP95435
CW1155120,CW384670
CW808983,CW1098367
BM6158,CW1273018
BR143969,AG45307
CW1126989,CW1126989
CW1020922,CW799387
CW908668,AL52378
CW330373,CW218122
EH1138041,BL260160
BL217511,BY345047
CP38367,DN116516
CW1273545,CC95636
EM62600,EH1218133
EF14690,AS2753
CW625506,CW1046594
BL314561,AZ9872
BK43621,EE6285
EL80314,EL80314
CW993110,CW714074
EH223518,EH130659
CW1073821,CW305395
EH681585,CC69951
EH134705,BH91491
CW712414,CW712414
DE286502,DE173043
EF111163,EH795212
CW640867,CW1148736
CW495460,CW579985
DD169045,BD43918
AL97179,ED55596
CG119502,CG119502
DL182133,CS21633
DX38277,CC137918
EH845976,EG50858
EH352669,EH305177
EH842290,EH793784
EH1084940,EH1084940
EN56458,AA169664
CG163846,CG163846
BY481462,DL117066
BL437100,BL303543
EH257023,BY446541
BE218107,BE218107
EH626196,DB334540
EH925347,EH223518
EH101323,BY165573
CJ120973,CP11074
BY238356,BY247533
CW86355,CW295527
BL300997,EH250825
BY527742,BY729817
CG85750,CG102475
CW1025570,CW453823
CW361232,CW306197
EH961360,EH961360
CW693271,CW1060067
EL40242,CY24526
BR58729,CH51064
EH447915,EH659569
CL23393,CL12948
BL290014,CW815161
EK21377,EK21377
CJ159836,BN546664
CW1173244,CW1001058
EN63215,EN63215
BN345379,BE450651
BN168409,BN134785
CW806196,CW802880
CZ92634,BY272701
DN114786,BY386189
CW657451,DL158458
CC120548,DB246104
DR29197,AK46115
BE179057,BE130942
AL297059,AL297059
BE156795,BE179466
EF153583,EF153583
EH1127722,BN545827
CW640834,CW579552
BY513388,EH1317462
EH504540,AL193354
AH27302,AH27302
CW902105,BN308788
BE44677,BE347612
ED55171,CB49899
CG167067,AX38322
EH1158250,EH539463
EH392334,EH237109
CE26107,CE26107
BL390097,BL390097
AL165289,AL165289
CW872039,CW67878
EH399677,CW535246
DD104656,CW103769
BY669540,BY557122
EH1104782,EH1104782
CW1147049,CW1213504
EP78850,DN121191
CW510695,CW510695
EH825167,EH825167
EH332525,EH110200
AL240720,BD154874
CW600148,CW493543
BY252445,BY252445
BN553104,EH522761
EM20808,EF104966
CW1036674,CW299316
DB194369,DB194369
EH337976,BY548893
AK87990,DL167053
EM89726,EH774569
CW550949,CW565912
BE102128,CL55909
DA89692,CE55136
CW1301526,CW875051
EH639650,EH802835
EH592293,EH451174
CZ92634,AN98663
CW424408,EH403004
CW679801,CW1031628
EH780116,EH614273
CW260302,CW258504
DX13158,DX13158
EH901878,BL394161
DA103735,BM65055
EH119181,EH1020336
DD188200,BH143694
EH650616,EH650616
ES26544,DD120049
BN332116,DL168317
BL328875,BL137899
CA66987,BH168107
AR13245,AR13245
CW416158,CW475302
EL56427,EL55380
AW113291,AW65612
BL283563,BL320752
CB80153,DT122842
DE294044,ED40025
CW976190,CW163454
BY528269,DK31805
EP99320,AN117691
DW20762,BN435129
EF121418,BL423536
CW857921,CW857921
DB247136,DB247136
EH1130433,EH1130433
AP78424,AP78424
CW1041951,CW834887
EH496431,EH496431
DL231404,DL203976
EH510447,EH230527
BY5677,BY183400
CG170751,BP63736
AL301090,AL157767
EH507515,CM29334
CW781100,CW1347367
BH92545,CW751716
DZ14961,BD18116
DZ65094,AM47727
CW147964,CW272187
CM37600,BR49121
EB32501,AN95123
EH490290,EH496984
CW373712,CW940755
DB229095,EL55380
EH1138041,AJ21547
BE310539,BE310539
BR156541,AL119609
CA31223,CW156569
EF141831,BL154027
DA98283,CW1301526
EA31891,AS87974
CG50551,CW487967
CS29004,AL356953
EH1234471,CA62721
EF7760,EF7760
BL18908,BK15417
BL197718,DE128038
CW363936,CW283822
DL183757,BY414398
EH966447,EH966447
AA172363,AA172363
BL404073,BL383697
EH860017,DB92509
CW384482,CW169839
CW482765,CW742845
EF121941,EF46235
CW111258,CW111258
EH533095,EH518308
CW715853,CW444840
EM115383,DL223701
CW841079,CW602700
EH823960,AW104861
CW892676,CW688864
BR82335,CA50534
BE465729,BE465729
DE177691,DB153288
DT72429,EH97265
BH61955,BY565181
CW1148515,CW1125291
CJ154428,BY553881
BE284336,CZ47378
AP69088,CL42086
EH784578,EH281862
EH862507,EH704600
DD67527,DD49685
AL226912,EF104496
DN73540,BE138198
ER40003,BY405467
CJ26967,BY571102
EP78391,EP78391
CW1024762,CW571286
EH1076567,EH986317
BP10522,BP10522
EP99320,CW837799
EA39708,DL160645
CW479996,CW529170
EH134705,BL250794
DA88065,DA88065
CW222001,CW1100402
AL132890,AL132890
AK58633,DB85003
EH354244,AN182543
DF19216,AW173911
BR172315,DZ34820
AN141015,AN145151
DH42751,DH42751
CW562854,CW627293
DD64334,CW47459
AN131506,DC19136
EH414087,EH431108
BL210142,BL210142
EH604971,AL126624
BR231671,BR100598
DL151000,BL303543
DB273133,DB273133
CW419469,CW723235
CT13982,BW57720
CW11877,CW177567
BZ13310,BZ13310
BY361773,BY559697
CW149530,CW59310
DE229786,DE183436
BN368737,BN281346
CA73341,EH810778
DB111377,DB111377
DL40094,EH67572
BN324454,BN315121
CW304650,CW304650
DB134683,DB268170
EH699016,CN44013
EH717974,EH313015
BL349376,BL333740
BN311862,DB129961
CW788181,CW788181
BE225699,BE225699
DT120442,DN115387
CW386232,CW913898
EH873935,EH873935
BW32217,BL307428
BH77320,CJ117328
EN45331,CZ47378
CW844247,CW844247
DZ62354,DT155471
CW1127769,CW1127769
EH214691,EH214691
CW486914,BE146692
DL211701,DL142967
AN216548,BP18718
EH906761,BB95939
EP68319,EP68319
BL190863,AX35681
EH777247,EH805874
DN52146,BY79490
BE332300,DM26299
BR77282,BR139393
AL279828,BE452701
EH1030179,EH1030179
AK79331,DB134230
BY372994,BY372994
AL114668,AL267060
CW985082,CW985082
CW574525,CW1065762
EH222798,EH237430
EB48712,EB48712
BE287108,BE287108
CW784174,DG48086
BL340712,BN455643
BW35837,BP58302
BN132326,BN132326
BL121564,BL49756
DB282663,DB149584
BR188682,BR188682
EH465493,EH1014570
BY446295,BY446295
CW806196,BY525704
BN519337,BN519337
CJ135859,CJ169888
CN64347,AL173589
BE185586,BE175797
BR165331,BH83528
EH1117687,DB309127
EH195894,CC25702
BD96200,DG63797
EH739190,EH765593
DL198713,BL142193
EG31949,EL23836
DL283920,BJ47875
CW791550,CW791550
EH113083,CP9899
BN419071,BL463959
EN63384,EN63384
DD98183,DD98183
EA44945,EA47081
EH534711,CW1027837
EH861332,EH646623
DT9228,EH67572
EL40242,EL40242
DT105200,DN26728
CW950102,CW950102
DN71157,EH570671
AL132492,AL107339
CG130534,CJ156706
BY514143,BY632741
AL308935,AL250308
EH885943,EH885943
DE301776,DE296331
BZ22255,AA133122
BL383658,BL256544
CW132880,CW359049
DL185261,EH488092
CW493167,CW654110
CW724721,AM85451
EH655762,EH312639
CW619135,CW677089
AN160533,AN160533
EH78350,EH287400
BB63966,CC78713
CW1066465,CW838383
CW629930,CW629930
DH65377,DH65377
CG74174,CG74174
AN171677,DR151730
CW349887,CW284844
BY593190,BY633732
CT29503,CS16921
BL385304,BY439183
CW993259,CW993259
AS73786,DH46798
EP71616,EN66150
DE318585,CZ70785
EF152082,EF152082
CW1330358,CW994564
BL391927,BL203658
CW1020922,CW703973
EH533218,EH622632
CW847617,CW847617
EH254449,DH11085
EH467552,EH664349
BE233590,CZ105639
BN492532,BN492532
BR116182,BR101649
CW581407,CW416158
EH337976,EH281862
BG49286,BE312432
CB29536,DT6127
EH810121,CC125834
DL185261,DL185475
BB40725,EG28786
BR212602,DR119757
CW792705,CW485190
EH423740,BL272389
AF12193,EC4388
EH415605,EH500675
CW973445,CW366899
DT161314,DT146702
ES14141,BE107303
CW1078292,BP15556
AA179734,AA189813
EH1232116,EH1232116
CW1024308,DT95445
EH364634,EH476428
CW1186532,CW889624
EH967153,EH816209
EH444993,AK160079
BN310254,BN310254
CW1078292,CW1195113
EL94755,EL94755
EH1094463,EH532156
BE49096,BE49096
AK132286,AK128553
DE230305,DE131551
BB20421,AB2040
EH169153,EH169153
EH717600,EH223518
DZ14961,AM47727
DB191233,DB193863
CW979694,CW979694
DW57565,BN336708
EH1062156,DL96397
CW1145433,CW959820
EH861643,EH682523
CW998283,CW1104627
EG8255,CC57108
DD35077,DD77392
DB142374,DE199194
BY408420,BY408420
DB133203,DB316395
ES10492,BE9820
BN423900,AN166623
DE117058,AW96763
CW1042340,CW527932
EF120671,EF120671
DL113082,DL144405
EH257635,EH575333
DB256906,DB256906
DL247273,BY219975
EJ19525,CR20402
BY265839,BY90141
EH148983,EH313015
CW439955,CW935564
BY80190,BY101132
DW56619,BN333636
BR146772,EH1311832
CW573260,CW502811
CW1049245,CW1352867
EH189952,EH921109
BL286056,BL286056
CW838303,CW916361
CW95005,CW43257
DL75967,DL278565
CW718279,CW708699
BY578833,BY549528
CW221166,CW611883
CW750554,CW241241
EN24925,DT85352
CW650850,CW602700
CW887565,BL315353
BN309725,BN309725
CG160762,AN155672
AL312632,AL311555
BY686641,BY79490
CW976190,DS105275
BN229974,BN285294
BN472925,BN175990
CW335671,CW309368
DS50295,BH127587
CW657451,CW657451
DD98983,DD100499
EM124093,AS46834
AL112691,BF30016
EH550797,EH741973
BN288037,CC116240
CW1068551,CW1068551
BE271852,BE107303
BN466324,BN466324
AW218276,AW70654
EH443906,DD93446
BG12087,AW102395
EP84671,EP30087
CW315634,CW559651
CJ20833,CC28222
BD124063,CW162116
CW674321,CW829522
EH883265,EH919673
EH640383,EP55976
EN74533,BE213462
AL189421,BY377296
EA22593,CG43589
CW463428,CW463428
CC107003,DL172335
DB159756,DB99305
CW783520,CW783520
AN133274,AN133274
CW747660,BL279675
AN95123,AN95123
CW858689,CW858689
AL271930,EH599646
BE385228,BE385228
CZ33252,BL260160
BE229274,BE229274
CW740280,CW451884
EH1150189,EH900568
DB99229,DB282917
CW998298,CW1290192
AA189574,AA103692
CW1176168,CW1134572
BY532247,BY559697
CC116994,BH78644
EH939825,EH939825
EH386518,EL33335
BY666478,BY666478
BN409739,BN302030
DR100829,DR105769
CW891511,CW891511
DY30111,DY30111
BP18718,EH327031
CJ144265,CJ144265
BY263969,BY525580
CJ20966,AJ5444
DL129280,DL96397
BL429510,EH990103
CJ164594,CJ164594
CW1020922,CW564407
EL20729,BD112806
BN311862,CJ65482
EH757554,CJ125646
CW361232,CC85882
CW72641,CW210303
DR93154,CT43479
CW977987,AB35304
BN157032,EH504784
BD113090,BD113090
EH484581,AY17041
BW52326,BW52326
EH685238,EH685238
BE355597,BL213708
BW42240,BE322455
EH218548,EH1059245
EN45331,CJ183458
DY19206,CW1372497
AM64389,EH547000
CW936828,CW1074774
CW825817,AN195861
BR35911,BR35911
BE3309,BE36543
DB191233,DB221157
DB182807,DB137388
CC90061,BE101251
EH1029944,BN367234
DL200299,DL203339
BY400993,DN97904
CM23732,CW289445
CW600966,CW111116
EH494819,EH602825
BR198542,BN30058
BR124940,EM73739
DX39555,DD186768
BY80190,BY80189
CW1149470,CW442219
DX17099,DR82442
CW428172,CW390329
CW184648,CW217139
CW511321,CW427906
DL47491,CW993773
CT48303,BL411462
CW584203,CW439741
AL254970,EH299713
EH681585,AW152626
CZ22851,AG41659
AL90475,CC31247
BY122414,ED16330
EH971445,EH850096
BG11738,BG11738
EH768102,EH768102
EH366954,EH302579
CP31587,DP36066
AM59373,AW54935
DK24444,DK24444
BN78318,BN78318
EH629832,EH376280
EH620897,BN219377
CW395277,CL6079
EH462461,EH204701
DB218743,DB218743
CW163741,CW410920
DH49187,AK155830
DL100837,DL100837
DB199588,DB128816
CW996973,AN154371
EM109928,AN96190
CW907387,CW485190
EH510447,EH419118
AL38872,AL4823
CF8365,CF8365
CW926443,CW404840
EP86628,CJ134598
BE88598,BE130942
CW990178,CW350525
CL55104,CE55136
DB116579,DE288315
AL90706,AL90706
BL226261,DL67396
CW489957,CW1204073
AP69088,AP68630
EG41205,AA107986
EL11911,BD160777
EF110582,EF110582
DN123965,BL287786
CE36091,CE37669
BE69555,DP16620
BN282581,BB74569
CG115946,BB27599
CW251291,CW385847
DA87354,DS34119
DN130546,AH25996
CW362910,CW362910
DB203486,DB107385
DB26208,DB26354
AM37972,AL169111
EH419063,BY272701
BY662416,EH442330
CG120926,EA35014
DZ10356,DZ66007
DB94124,DB137404
CC134562,CC134562
AN130525,EH939570
CW319195,CW219808
AS85760,EH217127
BL139276,DW75153
CW828024,CW828024
EH611384,EH611384
CP2544,CN14114
DB244560,CS30949
CW811889,CW811889
BL287825,DL221232
CW161883,CW245749
DZ62354,CW519494
EH896740,EH896740
BY403173,BY403173
DE89107,DE89107
EH1043050,AW197422
CW604459,EF234360
BL453733,BL416304
DD33745,DM2130
EH233499,EH234009
AL112691,CW387493
DA87354,CW203785
CW1126489,CW798485
CR19420,EH442724
CW894365,CW875360
AX59624,AX59624
BN321195,BN257706
AL221142,AL300350
BL420826,EH511540
AL41868,ED30116
EH251764,EH617408
EN22726,EH710903
AS24628,AS24628
DP54599,DP54599
CG187003,CG47281
DG53137,DG53137
AP61437,AP61437
BN311988,BN311988
BL392493,BL392493
AP15978,BE165815
EF111594,EH469596
EH490290,EF64432
DL46858,DL46858
DL283511,BL452978
AW156061,AW152180
DH55832,DH55832
BN272661,EH235064
CW1029872,CW231746
BE154049,BE284303
CW1130017,CW531527
BY626111,BY62141
CW219926,EH206074
BB4063,BB4063
CC71533,CW269822
DN86538,AS80909
CW748523,CW1134572
BY309282,BY231826
BE29240,BE19931
CW378693,CW180128
EH671857,BW25561
BY608431,CM52645
CT18001,DL58463
DS102387,AG46221
CW749295,CW860786
AL229496,AL238154
AP81982,CG134371
EH1081541,EH110200
EH899483,BD103303
CH37702,EF106766
BY529949,CW527932
CL47030,AP61639
DB148365,DB188591
CC37064,CC103370
EH708998,EH473436
BY415773,BY415773
DR72799,DR35349
DW57565,BL193636
DJ8090,DJ8090
BY238456,EM41375
CW766752,EH965207
CW703249,CW888746
BL111568,AW77463
EH868786,DL185796
EH712985,BE156646
CW268726,CW967778
BB54237,BJ23028
DE262678,DE262678
EH470445,EH952083
DB235761,BX24775
EH62011,EH255732
EL24938,AN100011
EH1033703,EA19772
CW407850,BN209343
EH704163,EH392472
DM28588,EF98591
BL166601,BL154027
EH614085,DE205265
BG14977,EH224741
EH935247,EH935247
EH579549,EH633139
BL385304,AL211408
BR82335,CZ33551
CP31806,CP31806
EH528712,BD111914
CW1260960,CW1005818
CC77007,AN125686
EH761437,BE456245
CE36961,CE36961
CB45640,DB46314
BG56048,BG56048
BL264948,BL264948
AK69139,DR151730
DD147531,AN168914
EH966034,EH966034
EH501965,EH194603
AK113306,DL229054
EP58984,AL155616
DX53431,CC100891
EH861332,EH199168
AW176498,AW176498
BH87900,BH73640
EM2543,CW214433
BL358351,AN176663
CW387665,CW1025693
EH674835,EH358393
BY511931,BY511931
DT111028,AG45307
BB87641,DF14889
BL388774,DW73867
EF141831,BE101251
AL145803,AL145803
BL32485,BL338897
DE254768,BF28163
EF82329,CA30475
EH864327,DR124555
BN427996,BN427996
EH742668,EH1295446
CE48423,CE48423
EH155433,AW168632
EH780402,AS62439
BD107176,BH134730
CW1004184,CW638977
EH564863,EH1099990
EH215180,EH502864
DZ44392,BE146692
BL467850,BL467850
BC16327,AL167940
CW244900,DP11515
BE378229,DB327649
CW619775,CW1027852
CW566587,CW269277
EH1159382,BN322055
EH684533,EH823777
CW522717,CW298734
CW1034597,CW1300228
EF107587,BR98938
EH254449,AL89541
EF111594,EH488092
DN143628,BN491007
EF230021,EF230021
EH853567,EH853567
EH642410,DN94131
ED41153,ED41153
CN61506,CN61506
CW700800,CW1005841
CW888539,CW888539
BL403295,BY466363
DL204186,DL147085
BB37553,CZ105639
CW293460,CW456221
AA124519,BY377296
DL182355,DL123544
EH732787,EH888510
CW1037200,CW1087983
DC11085,DF3845
CG157446,BN364847
CW330571,CW330571
EH579903,EH518484
BR178448,DC23763
EB34388,BH65670
EM105472,EA26503
BD114214,BD114214
CW1043616,CW454528
CW86676,CW163083
CW564485,EH522892
EM17956,DA50064
BN282581,BN431838
BR197112,DD163905
EH674835,DE168039
EH469813,EH423288
AL32947,AP40664
BY435597,DL161143
DT53956,BY174575
BH102733,CJ211733
CW537897,CW537897
BE352505,CW837799
CG146937,BB117664
CN82942,CN82942
EH735060,AZ9872
EH115212,EH288788
CB46441,EF55811
EH579903,DZ42096
BY142625,BY13162
CW243288,CW380521
BY195869,BY80189
CW319087,CW1298642
DT118779,AL156302
CW959535,CW959535
EK17648,DG51182
EC18455,EJ23951
BH3796,BH86355
CD25097,CD25097
CW538044,CW989958
BY531114,BY531114
EH810309,AN172019
BY451157,BB37894
EH584686,EH490076
AS74263,CA55567
BN205998,AA107986
EN74533,BW57720
DL223003,DL220655
AL132675,CG151931
EM50560,EM50560
BY692100,BY630794
BE215276,BE215276
CC112086,CC112086
AL72115,CC85882
CW1043616,BJ31468
BY370049,BY610515
BY175593,BY518693
DX13014,BL163050
DB233143,EH718900
BE351618,BE351618
AW186514,BA17881
CP27893,BE206336
DG20337,DG20337
EH145039,CA110442
AL240720,CW1199132
CW517329,CG25780
CW467416,CW398539
CW241382,CW203785
BN354347,BN246901
CT45437,AW137259
DD35153,BR122736
CW122930,CW385847
CW1073079,AM96481
AN141015,EH1126678
BN355786,BN233427
CW734328,CW565161
CW224802,CW224802
BZ58157,BZ58157
CG35865,CG66476
BH80806,BH80806
DD35153,CW929984
EH1176281,EH460022
EH704163,BL219910
EH117679,EH117679
EF182732,EF205526
BH150502,EH646121
BE349044,BE453281
EH901796,BL270925
DE218999,BE195422
BY355944,EH592817
AG33637,AG33637
EH57221,AL181822
BD35963,EF230400
BR69301,BR76852
EH222798,AP64158
CW161422,CW1043394
DB202987,DB281822
BY560340,BY560340
CG148375,AW183744
DN129793,BY729817
EH1025577,EH1278700
CB64038,AN62089
EF195777,EF193186
BE343671,BE450883
AX72059,BD123511
CW549065,CW759334
EF201239,EH917693
EH810121,EF205869
DD116984,DD67616
AX49620,AX49620
CZ39047,BC26367
EH222798,EH697544
CW1163979,CW746967
BN311350,BN311350
CW600060,CW540196
CW808787,CW850167
BN134448,BN134448
DB256906,EH810121
EH550936,EH510447
DL228369,DL231993
EH926108,CW862652
EH418323,BY408420
CC37058,BY649196
EH859938,EH859938
CW990178,CW328016
CT17872,DR25358
EG21470,EG21470
CT42001,DH59378
BL407027,BL407027
CW1280603,AN222777
DL215931,DL114581
BE400098,BE400098
BW61419,BW61419
BN401066,BN401066
DA80618,DA80618
CG89753,EF222467
CW233208,CW124236
EF116452,EF116452
EH767570,EH1014293
DB305844,DB122846
CW1120854,CW1120854
EH812392,EM89938
DD28349,AS64069
DL252507,DL252507
BL118416,DJ7400
BY637915,BY637915
AL113336,AL54623
CW837788,BY390231
CT23538,AS52836
EL51193,EL96137
DA43544,BE36686
BY560616,BY517266
BE425658,BE425658
CW207233,CW530024
EH672595,BB63180
BC31737,BC30516
EL59233,CY24526
DB243820,DB139525
BP47890,BP47890
BW30643,CN51790
EH855278,EH279661
CW859906,CW817679
DD87971,BY368830
BN336633,BN336633
BL157855,BL280146
BN230197,BN195315
CW58988,CW58988
CW1041136,BL257589
EH458013,EF158769
CW1078292,CW714211
EH534711,EH1303759
BN205998,EH810309
EH337976,BL182975
EH441616,EH441616
CW815137,CW680038
CG114339,CG114339
BN287307,BN287307
DK36284,DK36284
AX52665,BR140009
BP47092,BP47092
CW406626,CW600646
CW990178,CW398539
CW558110,DL229054
CG157446,ED21525
EH441918,CN12971
CN37656,CN30877
AS100364,AS100364
CW698473,CW590626
BN447133,CW1119410
BJ10910,CW253569
DB269981,DB269981
EH330208,EH330208
EH1247298,CJ207068
BY579498,BY588174
CW623302,CW788482
CW993501,BE218208
AL204383,AL326808
BM70817,DA94866
CW1061374,CW791928
BN304006,CW260151
CW966728,CW966728
EH926355,EH376295
EH937793,DE280232
AA143786,CA80588
EH145984,EH145984
CW71666,CW71666
EH1107448,EH213654
CW977807,CW260151
EJ25615,EJ25615
BL329604,EH487725
CW799387,CW473608
AF12193,BY90141
BE251804,BE107303
EH579903,BY392382
DL283920,EB68535
CW960752,CW907491
BE267339,BE262209
BL340524,BL340524
EH732050,BP49647
EH757141,EH757141
DS104526,DS104526
BN339162,EH388170
EH82112,BL283872
DZ66646,DD126817
EH346583,AA94944
AA107317,EH516880
BN539186,DN108331
EH716213,DT120442
EH628912,EH628912
DB245640,DB213703
BL236483,BH80689
ER22201,DW35479
BE405369,BE227652
EH400346,AL255570
AE30202,AB38383
BL388707,BL530658
CW162049,CW391490
BL121029,CA42781
CW1294808,CW935955
CL38445,AW152180
AS85760,EH318129
AW110367,AW110367
AW156061,CA70316
DB134683,DB134683
AK144330,AK155830
AA210860,AA210860
BN184776,BN263991
BL280511,EH733026
EH521310,EH539463
DA83108,DA83108
DE197494,DE197494
BL438389,BL292607
CT29503,CC25702
CM32974,CJ190341
AG48318,EH884709
CJ113960,CJ113960
DD122129,DE143645
CW456741,CW597227
BB85657,AR10820
EH689457,EH682346
ES14361,BY454626
AA84269,DD35664
CW188483,CW600646
AE32664,AE32664
BL134235,DT35208
DP35138,CH35805
EH615176,EH568495
AW209210,CE27421
CW700800,CW1204073
CW724721,CW751716
BR192583,CP41287
CM7589,CR10455
CW634237,EF123154
DP23822,DD78451
CW633823,CW116887
DB194988,AK76183
DG61792,DG61792
BY458842,BY478908
BN486707,DA86394
CW278418,CW1050487
AL254970,EH389927
DZ67441,AA217780
AN202000,AN202000
CN37656,AL72084
DD136187,EH1054911
AW92376,CA42781
CW197994,CW599813
CW660609,CW507098
EH257023,AP8782
AA78386,CW471563
BL521995,BL506290
BN255873,EH681585
CW998298,CW592554
EH629269,CZ84947
CW462125,CW398559
BE331334,BE331334
CW312757,CW251736
CR24077,BN28502
BL250335,CA20580
DZ58245,DZ58245
AL64635,DB56117
CW564723,CW127927
DR104635,DR104635
AL288864,AL288864
EH967153,BZ62901
BL257303,BL263370
EH890578,BN387837
EH234963,CC85882
EH1026997,EH575637
BN63587,BN254636
CW1271562,CW1020570
CW1086582,CW509829
BY309282,DP43062
BE193315,BE193315
EH564625,EH388170
CW807585,CW498346
ER31078,DB122808
CW170688,CW1045425
EH190210,EH194006
DN142787,BB70173
EH1205406,EF185482
CW989913,CW1174042
BY99203,CJ4975
BR176005,DA110769
AM82753,CN75922
CW711046,CW725789
BR176234,EA23960
DL206330,DL157516
EH121147,CG131896
BL389771,CW770467
CW439955,EH592817
EH1088914,EH416851
DT94284,DT94284
BH120509,BH136418
CW969900,CW969900
AL92959,AL72702
BY616387,DD113778
EH957431,EM39678
EH1118601,BL23700
CW182993,CW419795
CC33787,CC82395
CW896761,CW705591
EH174612,EH173778
BD132015,AL126524
BY263960,EP54654
DN123965,BL299779
BY414398,BY390575
EH504540,BE57173
DE320631,BF38150
DB333207,DB125007
CW908668,CW453847
AA144525,AA54253
CM19649,BE114068
BR212602,AY44680
BD38212,EF37512
DE330942,DE296694
BE233590,DZ55629
CW958612,CW771684
CW773031,CW1331869
BH102733,BH54346
CW634287,CW634287
DB210802,DB209088
EH275549,EH163515
DE254102,DZ49855
EH323792,EH476428
EH592293,CY21303
BD138762,BD136394
EH933416,EH549536
CW1029872,CW495460
DL214825,AS85486
DB284924,DB284924
CW997238,CW579985
CC39757,DW75153
AA100490,EL48301
AL97040,AL97040
CW1101394,CW1101394
CJ20833,AN52092
CP35952,CP24437
EH811765,BJ28291
CW874605,DA92071
BN279425,BN354653
DS76128,BN298105
EH633078,EH633078
CW331778,CW222001
EH622155,EH771411
EH1155609,CW1327077
EH1166671,EH733026
CL48081,BY390575
DM27079,DL210162
BH112919,CC89087
EH379741,BY617983
EH189952,EH431108
EH179763,DL171797
BE418630,BE454771
BY653759,BY659628
DD145581,DD141345
DL211162,BW53806
EH674547,EF189186
DL247273,EH321357
BN425312,BL183734
EH1147342,AN144584
DM8159,CA126134
BN462009,AG35227
EH926355,EH1119284
CG45757,BL351270
BL378252,BL378252
BE297995,AL279431
CW879027,BN308788
DA100850,DZ66096
CW692080,CW692080
EN46847,CC159831
CC129191,AN98838
CW318096,BL149197
EH627149,EH680454
BN339757,DL121347
BR205634,CW854600
AN153699,AN153699
DZ39374,BE141599
CW643367,DL168499
DS108033,DX57331
DY18519,BE154383
BR158768,BR11180
CT49259,CT49259
BC45448,CW453847
DN129966,DN129966
BB80416,EH185252
BB63066,BR159947
BM6593,BD14570
AW171698,AG53716
CW234576,CW396762
BY390598,BY559697
EH973276,EH470249
AL189583,BE234591
CG96986,CG89412
DA87354,EH342552
BY378603,BY411590
EF134372,EF145678
CG66102,CG160700
EN76499,EN76499
EH460189,CC57404
EH709027,EH340158
DL256118,DL256118
EH861571,EH1126678
BN274044,EF54356
CW806295,CW770474
EH1062156,AL89541
DL201941,DL201941
EH1138041,DT64877
BY322097,BY460081
EH785592,EH508595
EH620897,EH475055
EH516495,DA9636
AL207969,AG41284
BL361873,CP50132
CW1020874,CW742845
BR155373,EL80827
CW1303074,CW1303074
BY397730,BN353478
CW678873,CW250857
CW711781,CW151982
CB59198,EH315841
BE26987,BE2262
CW1067561,CW1193749
CR23450,EP90637
AL240597,BH83528
DL198943,DL144405
BL486778,BL525823
EH302433,AL99280
EH600000,EH600000
BY513388,BY513388
CW203130,CW205283
AM102219,AM102219
DH57772,DH57772
EH855724,EH855724
DP39685,DP39685
CW813693,DB214903
AG45307,CM76949
EH639650,DN41692
AA187097,AA187097
BY672580,BY436112
DB223820,DB223964
BP17987,CW334744
BE352505,BE273057
CW1178874,CW871503
AL298325,DL226858
CW946990,CL42086
DL249936,DL249936
DA14164,AK152859
EH620897,EH670443
CW624932,CW722936
EH811765,DA42450
AK88575,DH44250
DP6707,DP6707
BE325762,BE333890
CW574525,CW493543
DD74863,DB240162
AW199716,AW116055
EH337976,AN72661
AX35986,AX35986
BL351270,BL351270
BY495669,BY539654
CW623302,CW399847
EH414087,DT133783
DB322665,DB322665
EH708998,DT66245
CW690742,CW1319974
EH859804,EH83178
CH36563,AW163949
DS105288,DS105288
CW1142299,CW1168027
EL84696,AT23707
BF30164,DL229054
EM37085,EH193490
BW43073,CM51940
EB50207,BR81884
CW1126916,CW850167
EH583494,EH173778
BY98598,EH1154793
DL39300,BY56441
DL208243,DL208243
EH560287,AA119825
CW1007843,CW395667
EN59623,BL506290
DP52704,CT47841
BE195021,BE195021
AL266603,AL182221
BY214871,CD3671
DB169275,BD154874
AM66752,BD154874
EH498589,AP64158
BN481122,BN519999
DT35208,DT35208
BA5439,BA16024
DL216882,CW634538
BH159237,CL56299
BL440309,BL440309
CW1285121,CW1343507
DB38541,DB246111
BN323252,EH764246
DB291324,CN90933
BE227123,BE225625
EH715102,EH414956
BD92705,BD92705
CW353997,EH917101
EH826764,EH826764
AK81267,AK81267
CW904237,CW407077
DA87354,CS16921
BC44448,BC43679
EH282030,EH699017
CZ27781,CC32977
CW419833,CW1331869
AW198936,AS23691
EH575593,EH575593
EF129842,EF129842
BC58240,AL252134
EB58470,AW166329
BE340378,BL409388
BW40252,BW40252
CW1020874,CW1070964
CW657451,BN308262
BZ35765,BL326345
EH425590,EH162789
DS112196,DS118986
CW251291,CW1243226
AL179735,BE219529
CW911571,CW911571
DB182807,DB241315
BN200145,EH238244
BY666145,BY666145
EL34898,EH842666
CW276060,CW210303
BD97075,AP42576
BN328379,BE175630
EH708998,EL31786
CJ198101,EH100901
BY396679,BY423838
CW1219024,CW1073079
CW1138634,CW1109080
BY672088,CW977987
CW1003810,CW1241677
ES21395,AW125265
BD48075,BD120815
BH171852,EP82056
ER3858,CW654110
CR22045,CW581836
AL147193,EH543430
EN29937,CW447724
BY370440,BY390575
DL185261,CC31247
CC89582,CC89582
BH150976,EL78297
BN370146,CW837799
AS61813,AN126323
EH221076,EH526288
CW370361,CW127927
EL55896,AM80464
EH294190,EH321357
BG10691,DA87962
DB235761,DA118426
CT5190,EG23637
BT5114,BT5114
CW865662,CW829522
CW238791,CW842057
BE235220,BE215770
DE274205,BR81884
BE325762,BE325762
CW1114090,CW1114090
BE207705,BE210572
EH1090428,EH1090428
CZ106628,CL34430
EH254449,EH677278
EH868543,EH833026
CW959613,CW328016
EH860266,EH925679
BN339757,BN276516
CN74246,AN155672
CW904265,BY221590
BL389337,BL389337
EH469813,EH575333
CW320275,CW689956
BR190210,AS73674
DD44723,CW632661
CW1029872,AL112656
DG66246,DG51182
CW890098,CW740059
EN46847,BZ3685
DL162695,AN155672
EH409309,EH321970
DE214168,DE193665
CW594016,CW739134
DH39120,DH4845
EH962139,EH934153
EH550872,EH245924
BL66884,DD130583
BR84411,CP50046
BH53627,BH13000
EH257635,EL27176
CW1150257,CW1071230
DT105200,BE128702
AL258459,AL258459
DL230990,DL230990
CW1221645,CW975253
CW677010,CW528641
BW32620,BY344273
CW518658,CW398559
EH1029194,EH1029194
CA83553,AS40094
CW1108540,CW1108540
AL198861,AL63509
AW182036,BL154027
BE154049,BE216250
CW109119,CW165699
EF28886,EF28886
BY378603,BY378603
AN133942,AN171082
BR152376,DC8284
EF111594,CJ131524
DE212670,EL52534
ER36849,ER36849
BN367769,BN370352
EH288711,AM54448
CG22236,CW600646
CW734328,CW477095
DT29550,CW320944
EH909205,EH1290299
CT53991,CT56276
CC137637,CC147438
CW222001,CW990080
BN317670,DH49464
DE308977,AX80828
EH441918,DB316395
BY554848,EH592817
BN313637,BP58302
EH1050275,EH313386
BL129357,EH425944
AW110367,DB308734
DL204128,DL196578
CJ112860,CC67964
BE336532,BE336532
BN423512,BN256869
EH1127197,EH1127197
BL116843,BL139217
CW203419,AA50757
CW1116818,CW643944
CW334609,CW169839
AM84710,CG197653
CW993773,CW109376
CW879712,BY497053
EH550872,EH376204
DL169595,ED39945
BL310254,BL310254
CW281090,CW509436
DR93520,CL34430
CW605075,CW1324975
AP11153,AP11153
BY619663,BY748651
CC117387,CC117387
EP44941,AK10790
CJ201886,CJ201886
BY578432,CE42218
EH777980,EH80615
BR156541,BR184874
BL437497,BL437497
CW608121,CW483468
BN293899,BN363500
DB160785,EF125338
CW118357,CW265544
CW1203841,EF182656
CW1035820,CW1035820
CW783277,BL460486
CW703825,CW182216
CW1308287,CW1308287
EH794912,CA73525
CW302925,CW493543
CW938930,CW842057
BN184366,BN142347
BL367701,BL367701
CW567287,CW1113062
AA84269,BE101251
EH811811,EH811811
EM26961,BY203162
BP65922,AP101283
BY411676,BY411676
DT69429,CW749946
DB246104,DB246104
AW196793,AW199404
CW1099775,CW581836
AP75332,AP80586
AP43586,AP40042
EH589598,AX48554
CJ68912,BE112812
DL68353,BL60952
CG168119,CC150311
DY20181,DY20181
EL84696,BR210249
AN97597,CR25876
DB293640,DB207246
BL350796,BL350796
EH906761,EH906761
CA37194,BL197327
AT22004,AT22004
DE290195,EH893246
CW703967,CW604891
EH414087,CC71527
BL395295,CM60075
AN132298,AN132298
BL495474,BL495474
BN417416,EH522761
EH921060,EH921060
ES18856,AK163581
AW199153,AW199153
EH671841,EH331681
CT30500,CT30500
BY507036,BE57173
BE429243,BE457160
BY559697,BY390575
EH68011,EH68011
CW1126916,CW1339407
CW846665,CW846665
CW207233,CW378497
CW370361,CW565912
CW912957,BY565084
BE379964,DX55761
EL49533,DY25514
BG37861,BL501915
BE355497,BE355497
CW272541,CW387785
EH681585,EH388244
DR38316,DR38316
CW416158,CW602026
EG63657,EG63657
BL389542,BL389542
CB79350,CB41885
EL73806,EL73806
AB28189,CC116240
DB60930,DB32162
BY474725,BY474725
ER36668,ER20413
AX66899,AX66899
CT50192,DN71789
BE334146,BE334146
BD113088,BL290404
CW643136,BY356939
DB261275,BZ24858
EH594818,EH594818
CW759334,CW1113062
CN98714,CN98714
AL57499,CW54444
BN433536,BN440440
DS101081,BB70173
CW782563,CW874605
DZ63011,AW210165
EH635994,EH298184
AK74697,DW24163
BL89006,EG13325
CW1096949,CW129953
DL197516,DL197516
EH425590,EH423288
EH189952,DT133783
CJ173730,CJ173730
AL221621,EP78391
BY643175,BY265922
CW145398,CW145398
CW649407,CW649407
DD27738,DD27738
CG106417,BL519779
CW736200,CW1010708
DE310759,EG13325
CD16114,CD16114
BL301262,CM25997
ER35475,CG103125
EF159840,EF159840
DB219416,DB190449
BZ23640,BZ23640
BY639650,BL393859
BL339859,BL286768
EN54843,EN54843
EH1016137,EH409522
CW330373,CW453847
CW773031,CW715729
DL247547,DL258482
CG146937,CZ59850
DE248230,EH927410
CA35710,EL7805
CW170688,DE167212
BC66513,BC66513
AN157578,EH391668
EF133580,BN291779
CW498346,CW1170773
BY415790,CL34430
AS65905,CC159583
DE103236,DE81635
BE21268,CL8776
EH1157211,EH929979
DB68742,DB68742
CC109919,DL169537
EH428944,CT44797
CR20058,CP23451
BY458515,DL33959
BR152129,BK33013
BN362520,EH592817
BL293491,BL293491
BG12888,BG12888
CJ136131,AM110076
BL121564,BL53013
AK142727,AK142727
CW478234,CW552002
DB243820,AK105531
DP26597,DT95445
CW870708,CW933188
CW498283,BJ31743
DL187401,CC109121
EH274892,EH136355
EM112499,EM108788
CW1184243,CW545975
EM105022,BD112806
BE217630,AZ10483
AL171847,AL238163
EG17576,EG17576
AW168991,AS23612
CW517819,CW362075
CW1164209,CW581974
BK40761,DX38497
CW416158,CW253271
DB149920,DB200733
BN416978,CN22974
CW518376,CW378060
BL89689,BL77161
AA60261,CW277849
DA109723,DA109723
DE304095,DE167899
CW206157,CW326081
DE248230,DE248230
EH456957,CW504103
EH970092,EH632697
DD87382,DB95294
BY515541,BY515541
AN151533,CW703771
CW974209,CW873036
EH710264,DZ67908
EH439087,EH439087
CW518269,CW111116
DH21740,DH69865
EH499774,AW209210
DL210162,AK104664
EH704163,CR9628
EH955093,EH764039
CH51935,CH51935
CC102648,EH658850
CW443162,CW197151
AL346165,AL360379
DR23613,DR23613
AN184633,DT26807
DE113618,DE149616
CW993965,CW883274
CW990481,CW433609
AL177404,AL177404
AK111980,AK111980
BN236948,BN102745
BY400993,BB103529
BB37553,EH516880
CN64347,BD160777
EK14551,BL234245
BE386877,BE386877
BN211690,CW483468
BN490726,BN490726
CA39315,EH733303
AA84269,CS12961
BR223145,CT56550
BY531029,BY531029
BL166601,BY452442
EH297724,DL94347
EH219446,EH105551
BY480038,BY480038
CW640834,CW745207
AS58001,ED51293
BN351285,BN192079
DH56596,CG47281
EH886155,CW1001164
EH546220,EH565147
CW654240,CW530024
AB10310,CA2785
DB219771,DB153969
CW622855,CW622855
CW877227,BL519779
CW653213,CW295048
BY44686,BY750252
CA66987,EH116155
CW787665,CW787665
DL241511,AY44680
AL159041,EB50122
DH52517,DH52517
EJ5288,DB95918
DW66589,BL342612
DP35138,ED51293
BN36399,BN7689
CW859216,CW1005841
AG49456,AG55937
CW851974,CW851974
AR5867,BL197577
EH510447,DE160053
BK42013,BK42013
CW40794,CW98009
CW66964,CW177567
BW28592,CZ59307
EH526524,EH526524
AL315053,AL315053
EH708998,CC127514
AW194901,AW194901
BZ9042,BZ9042
AS54574,CC101010
BN481931,BN463049
CX9306,DP16620
EH521310,EH594293
CW718279,CW648514
CW1108540,CW610319
EH857910,DT153130
BK37233,BK37233
CW871755,CW280544
DB222645,DB222645
CJ35448,CJ116394
CW609644,CW421552
AP72462,AP72462
DX39555,DS71477
BC39621,CC71527
EH1077371,BL506290
EM104506,DT124377
CT30695,BY452442
BH143499,EH840811
AE30202,BD117775
AN227716,AN227716
CC77777,DA65165
DS80344,DS63347
CJ142021,EH769815
BY613536,CW1339407
AM66752,AP58795
CG94117,CG97835
EF183662,AP8782
EF134195,CZ75035
BR143915,AL256292
BL336488,EH786216
CW801005,CW1152046
BL103333,CW116887
DN77256,DN84755
CW1073079,CW783615
CW278275,CG13355
AN118122,CW1014351
CW610058,CW535240
CW758317,CW259771
CW1220726,CW1071427
EJ23951,EJ23951
CW1019191,AL335557
CW556048,CW457347
CW424408,BN248382
BC48094,BC49960
BR220712,BR220712
DE304095,DE184346
CW602226,CW1019191
DR134689,CW387665
CW425693,CW398559
CW563497,EL53235
BE391012,DH34815
CW234609,CW1114430
CW1180887,CW1323241
EH632006,EH588118
CW521719,CW510197
DE260574,DE187991
EH786141,BL372742
EH576398,BN149643
EH712985,BL260160
CW887565,CW1134572
BY610472,DL229054
CW228224,CW228224
EN64494,AL85569
EH939877,BD125673
BY527742,BY527742
BE360848,BE360848
DL192964,CW837183
BY481878,CW862652
EH1062156,AS87974
CW1083017,CW321697
EH346979,EH191192
CW496101,CW282396
CW1220726,CW1316498
EH732787,EH164982
CW1126916,EM34946
CA73693,CA73525
EH254577,EH254577
CW472978,CW664560
AL104595,AL104595
EB62120,CW886013
BY560789,BY617633
DB196567,DB196567
EH392334,EH395013
EH409586,EH245924
EH1204526,EH960908
EF142715,BR122736
BP47718,BL128515
BL437100,BL326345
BY410425,BY377296
CW588661,DB140225
EM123950,EM123950
EH427348,EH427348
BY338542,EL84988
DN85209,DN85209
BD143543,DX55761
EN29730,EH241324
DB112488,AS87974
EH469813,EH162789
EH516495,BL206131
CW779730,CW743852
AK6592,CB32717
DE28278,DE31074
BY677312,AG38129
CW744723,CW986322
BN455643,EH826177
DB168497,DB104352
DL98305,BZ15168
EH394607,EH1049876
CW1126916,CW1026894
EH498589,EH697544
CW1092361,CW1092361
CJ20833,AF13274
BL280511,BL214778
EM46832,BH118293
CW765881,CW1061078
BC39621,BF30016
CW378693,CW1116783
CW424689,EF157507
CG72782,DE239045
BH46612,BH54346
DR43529,EG41452
BH101912,AA143809
CW536728,CW1061078
EF183662,EF183662
AL275294,AL275294
CW455959,CW370322
CX16424,CZ29014
EH366954,EH760704
EF134195,CT48183
CJ120973,BR98938
BR124940,AA136962
EH99846,EH647798
CW712414,CW841657
DT118779,DT118779
CW313700,CW395294
AN33890,BN289473
EM51100,EM72480
DD136187,CW1031628
BW43028,EP82056
AH12974,AH12974
DR47954,DR47954
DL213401,DL174384
AM64389,CF8365
CC90465,ED51293
AS76957,EL23836
DL76263,DL124911
EH994051,EH123021
DE253096,BL426457
BL360274,BL360274
EH346583,EH704163
CW878578,EL77093
CW1170601,AF25671
AL155616,AL155616
BP61289,BP61289
BD135776,BD135776
EL56427,BF21094
CL65235,AA204937
CW293460,CW289594
EL82498,CC128329
CN21106,CM32078
DE281937,EH908383
CW102115,AL88455
EP32705,EL11234
BE27371,BE256749
CW227379,CW975134
EH906761,EH893246
CW907965,CW918353
CJ143965,CJ143965
BN324868,BN324868
BK3287,EH1161355
EH1056862,EH388032
BZ10075,BZ10075
EH803071,EH378132
AX52665,AX52665
BN361632,BN194821
CL50810,AK37636
AK130889,CC86011
CW782563,CW1088566
EH786654,EH786654
EH569210,EH1086344
DZ62026,DW45645
EH57973,EH282623
DP39969,DP39969
CW1081662,CJ129064
DB142860,DB195946
BY37495,BY183400
BB3728,BN266343
CT59613,EH558874
DE266724,DE266724
DB294311,DB334836
EH104232,EH213654
BH83912,AW45408
BP75133,EH527415
EG13325,AM61321
DE270883,DE270883
AL304780,AL304780
AL36144,BC44805
EH970925,EH970925
DL193960,DL193960
CC80557,EL40242
BL380857,BL435982
EH489266,EH245924
BY152095,EH454124
BY294926,BD55200
EG41205,EH810309
BY516823,BY516823
CW376435,CW1319974
ER18134,AA116976
BY558268,BL152559
EH469813,DT28999
BD103337,BD129909
DT105200,BS6460
AA207501,DD186768
CB40163,CB40163
BL513905,DL193846
BY210920,BY209957
EH461570,EH461570
AW150559,AW150559
CW765834,CW765834
BH53744,BH124584
AN134973,AN134973
EJ5288,EM41375
BY496323,BY496323
CW521244,CW706361
DN92331,BB74569
BL453733,BE255083
AB37531,CG172272
DA72237,DA9636
AN90532,AN90532
DE282967,DE282967
DN81835,BY104882
CW781401,CW781401
AN69220,EH592817
BY416887,BY416887
BN319884,EH814923
EH761437,EH1013687
EH601459,CJ210665
EH149209,EH931609
BL393832,BL393832
AL90315,CW315693
EH773192,EH810778
EB38685,CC86119
BG22738,AL211408
CS25481,CS25481
CW604459,CW805909
BY102856,DW25146
DB192146,DB193469
AN2389,EH1253271
BD132015,EH778184
CZ94425,CZ94425
AK97008,AK97008
BE39656,DX18352
BY253207,AH15493
EP19888,BY455729
CW1159459,CW915888
BL392564,EH927551
CW451884,AW206449
CW841042,CW841042
EH1061885,DT108942
DL127060,CA9892
AL209601,AL85573
EH238104,EH442330
EH668591,EH813186
BH125038,BH125038
BD132552,EH827823
DL119348,CW268477
BD69993,AW34848
DX51401,DX51401
EH1128664,EH1128664
BE355188,BE355188
BD60421,BL214982
DL73693,DL73693
CW747660,CE35351
AZ10309,AZ10309
BL460893,BR239904
CW95182,CW95182
CW605075,BY314085
EH802896,EH802896
DE219659,DE219659
BY348984,BY390575
BL354986,BL354986
EF175079,EF99131
EM45653,EM139140
AL70634,BL227329
AL63509,AL63509
DL185261,CJ131524
CW1176573,CW421552
DT29550,EH488092
EH809927,DB293640
BD36999,AL156805
CZ104892,CN99245
AL81366,AL81366
BM7066,ED16330
CW159879,CW602333
CL38840,BY421540
CW183171,CW297189
BE423634,BE423634
CS24495,BY386189
EG15971,AF4607
BR54861,BR183337
CW703967,CW823835
CW419469,CW799387
BN458973,BN458973
DD68902,DD75411
CN37656,AK120558
CY22981,AN105804
DR84257,BD112806
DT179101,DX61188
BY587864,BY515096
CW157742,CW298951
BY170801,BY6071
BE283596,BE283596
BL323378,BL413897
BY112443,BY180413
DJ16170,DL61636
CW118357,CW505963
DN130337,DN130337
CN80514,BR108204
CW498064,CW1344389
EM87465,DL176912
AM60571,AM85326
BR198253,BR198253
CW356638,CW540196
BL402563,DE303581
AL89191,CW214967
BN245371,CC85063
CW655785,CW421552
CW780613,CW769228
AX40319,CW334744
BE209449,BE234824
BN230197,EH262857
DL162695,EH527436
BE258122,BE258122
CW929749,CW1300228
DB226324,DB99305
CW550344,BN308788
EH853993,EH802787
EH926355,EH309987
CW764418,CW475436
AA133391,AA117571
CW814027,CW278418
EH489266,EH376204
EH953595,EH953595
CW1101301,CW1118354
AN191699,DT153130
EM99067,BE65207
BE351892,BE390629
BL486783,BL85878
BL317080,BL245620
BN352480,BN370352
EB28695,EB28695
EH414087,EH527436
EH448666,EH663558
CJ75872,CB54469
DL273155,DL35046
DE96767,CJ39067
EF223406,EF223406
BL250361,BY428245
BD45698,BD145012
EH855427,EH570671
CW1022842,CW1022842
EH440629,BN155645
EH741121,EH204661
CW783615,CW792079
EH326584,EH272574
CW970922,CW647529
BL399442,BL223635
EH718900,EH718900
EH346583,EH1161385
CW230429,CW151982
AS85988,AS85988
CW439955,CW217139
CW152735,CW218404
DL130829,EH884345
EH234709,EH234709
EH671841,EH473436
BE125993,BE125993
EH806934,EH423895
BD106271,CW735865
EH556380,EH652043
CW804661,CW792079
CA80588,CA80588
EH653454,EH854653
CW828449,CW135674
EH752439,CJ65482
BL196153,CC25297
BL28601,BL158741
AA166575,EH472871
CW817593,CW771829
DT118779,BK38576
DS101081,CW511403
DL143098,AN105670
AW151591,AW208956
CB80153,CW734568
BL310953,BL346732
AA100490,DE155728
AK13120,AW34848
AP70698,AP102360
DZ21155,BB77223
DG49425,DG49425
BZ49864,BZ49864
DN128142,DN128142
CA93009,AP35297
CW148319,CW155421
BL131245,BL101322
EH212006,BL152559
DB241315,DB196954
CW500329,CW483468
DB85860,CZ87607
BZ27773,BZ27773
BT11286,BE264221
CW1092439,CW1037068
AA184428,AA185647
CW843609,CW843609
AL271930,EL55493
BD86740,DB147421
EP43547,EP43547
BN211690,BN236573
AA139576,EH442439
BY371801,BY210969
EH875377,EH518484
DH2441,DH2441
EH414087,EH780233
EH629832,EH192865
CJ47915,BL210478
BH102733,EH622632
CW499115,CW564407
CW318096,CW203785
EH498877,EH241395
AA113631,DE155292
AW50098,AW50098
DL214706,BY220267
CP45717,AL303665
EH828621,EH496984
BY88793,BY70554
CW1069314,CW760797
AB33253,AB33253
BZ3766,BZ3766
BY473129,BY358844
CA75755,CP27229
CW777503,CW289594
EH614085,EH599523
BM55760,DA54157
CA113315,DE138569
CA124799,CA124799
EA31891,DS39544
DA100208,EH313015
AM84710,CM59685
EH906761,BY608353
AL314408,ED48831
CW701131,CW701131
CM71077,ER42462
AL30197,DP27985
EH661256,DD90591
EH645506,EH645506
CG72782,DP42763
BM3987,AL299512
BL242340,BL242340
BY156507,BY445131
AK118342,AK118342
AW110367,DH42681
BR192583,CL42086
DT81920,AW78515
CJ35795,EH245924
EN22354,EN21302
BG21119,BG21119
CZ104892,EH478771
EH826772,EH826772
BN368737,BB74569
BL299178,BW31131
BN311801,BN311801
CP28261,CA2785
DD129262,DD56387
BY159016,BY28646
CW550509,CW398539
BY257374,DA93923
BW43028,EH716631
EH1226202,EH1218543
AL335482,AL335482
BY262097,BY306669
BM61570,BM61570
EH1098672,EH952205
CW1140326,BD117775
DN123965,EH522761
EH860236,EH753129
BR17089,BR233217
EH177316,EH802592
CW202133,CW748929
CW603112,CW677089
DB237668,DS93988
CW575873,CW704589
CJ194797,AS73674
EH78448,EH519520
AG34040,AG34040
EB61222,EB61222
DB302279,DB251333
AX28804,DA15693
CW185489,CW315815
BY679927,BY572235
DB286776,DB299159
EH495025,EH388714
CH22419,DD43342
CW1003742,CW305395
BL217345,DL96631
CJ202209,DD128103
BL433549,BL433549
BL323419,BL323419
CJ111091,AA69206
CW57087,CW246712
BY81656,BY11093
CB64635,BE317495
ED37622,CJ136131
BB37553,BB55197
AK139487,AK139487
CG17952,CG17952
CJ137281,CJ137281
EH735007,EH735007
CM38008,CM38008
DA77479,BF21094
CW1103258,CW769228
CW629462,CW480362
EA20728,EH488092
BY531446,BY530728
CW766636,CW985117
AL207969,DE162558
DB256341,DB180204
CG106417,CW842057
DD182602,DD182602
CA60999,DB97415
EH1005433,EH1005433
BY677482,BY677482
EH153773,AW67365
EH1064128,EH416851
EH302433,EH502296
EH1052027,EH1052027
BZ47606,CW166196
DT106904,EH469596
CM67826,CM67826
BY389244,BY344512
BE217630,AL193354
BN397434,BN457767
BE195021,BK33127
BY126159,BY411984
EH925347,BR233217
BZ36946,DA118856
EF134372,CW726288
DB137922,DB145786
DL138616,EH206074
CW1063861,CW629155
BY377067,BY377067
CW933188,CW933188
AS60394,BE198340
EH600776,EH576280
BH81042,BH81042
BL121029,BN462215
EH266436,EH296568
CG187003,BL390173
BN105660,BN170214
CW391025,CW795339
AK88575,BE246765
BE166506,AA143809
CW651522,CW651522
BL500024,BL500024
EH712749,ER24773
CW1115348,CW550610
CA103037,BG50813
DN74285,DT95445
DB243244,AL263563
EH745987,EH295307
AT15646,AT15646
CW1178874,CW1208440
BH112919,BP40920
DT29550,CC31247
CW1057295,AL270796
AL170522,DN48729
AA152890,DK19420
BW56210,CA11753
EH513654,CW787457
CD15178,CD15178
CW629462,CW575679
EH684326,EH483482
CW450284,CW888746
CW581407,CW483468
AL278949,AX30332
EH1000315,DB34496
AK20736,AK23077
DL210162,AS23612
ED46050,ED46050
BN395971,BN395971
CW242961,CW243148
AN130998,BE206995
DB182807,EF118430
EP42834,BN285294
CG161588,CG161588
DB115427,DB328495
BR90682,DE193178
AL330922,AL113922
CW1121713,CT51028
BR43328,CN22974
BX17475,AW156990
EG41205,BY439540
DB176793,DB86365
CW478624,CW627993
DW56619,DT81309
DL214325,DL233817
CC50314,AD14795
CW484833,CW429104
CW536972,DY47232
CA81676,AA140751
EH561680,AP13711
AL89191,BE6768
CW778705,CW829635
DD188242,EM88330
BL372431,BL372431
DB142373,DB142373
EH865772,EH738047
BL143824,EH255666
EF180065,EF107399
CW790665,CW1016744
EH604971,BE12575
EB65627,EB65627
AA60261,BL149197
EH755147,DE212218
DZ78160,BL393859
AL51742,CW1221407
BL391506,BL391506
BP26583,AW63967
EH1128874,DB272493
EH439878,EH1250849
DN54267,DL121521
EH624769,EH697544
AL279828,AL326808
EH651166,EH651166
CW1010910,CW389797
CA72570,EH179149
DL241511,DL229794
BE202417,BE195422
DN132837,DE229246
EH533218,BL452978
CE7746,DL66879
CL38142,BY395533
DE207257,DE313119
EH1243685,EH1243685
EH302342,EP56506
EH899781,EH899781
DE82633,BE63985
CE38613,CE38613
CW909101,CW909101
CW278275,CW334744
CW893573,EF134195
EH219446,CC94479
EH530715,EH650779
EH358076,EH356438
DL215961,DL215961
EH478930,EH478930
BY645737,AN184247
EH1026635,EH1026635
DB169275,BL272172
DE217727,DE313119
EH1166671,EH784706
EH1155839,CW1092361
DB135637,DB91730
BL447198,BL221753
BP37654,EH428116
EH189952,CC71527
DX61776,DX61776
CW946441,CW555706
DH52255,DH52255
CW518658,CW1357323
CN37656,BH157768
EH861571,BN384472
CW210693,CW334744
DB142374,DB39372
BY527880,BY392537
CW1073079,CW804661
BL430211,BL257589
DL139863,DL135254
BN488786,BN488786
CW550321,CW502811
EH610732,EH610732
CP10797,DP16620
EN59623,DN116516
BY757863,BY725210
EH792902,EH822409
AL22519,AL22519
BB54577,EF186635
CB66877,CB14467
DB292502,CW755694
BC16327,AP13711
CW493553,CW434160
EF167766,EF247128
AA107317,AA107317
BN521261,BN521261
CW311344,CW111258
BN219288,DS97494
CJ21138,CA9854
AZ16333,AZ16333
AB18679,AB18679
CW528552,CW330571
BR172654,AY44680
BY645168,BY645168
BY531505,CE19237
EF167814,EF167814
EH983760,BR3520
DR101427,AT16946
EH222432,EH222432
EH708998,CW407077
DL202111,DL202111
CW645645,CW499592
EP25493,AP8782
EA39423,BR105483
EH679386,EH902040
BL399361,BL399361
AA138149,CT39186
DL183048,DL183048
BL271452,BL248220
EH96894,EH428944
DR2552,DR2552
DB137922,DT113466
AN157578,CR9628
AL255683,AL89541
CZ64154,DS75225
CW752359,CW376099
AS17702,AS17702
BE326025,DX55761
CW449010,CW449010
CL40153,AW137259
EP25058,EP25058
BD106874,DR8841
DA116784,DA110780
BW49850,DE319090
BY742276,BY138980
CT13982,BH51331
CW519319,CW126284
CW391330,CW391330
BL403027,BL310254
BN311862,DE230503
BE329908,AE34843
AN216548,AN179649
CW931171,CW1342441
EH812024,AN146157
EA17031,BD112806
DL241032,AS27554
BN362216,BN371706
CG76010,CG76010
BY495837,BY474798
CW1028998,CW1028998
DX17099,DR16933
EP99320,AT19007
CW704957,CW446455
DE285338,DE285338
CW629462,AL104595
BH127072,BH127072
AK130889,DP35656
AL283979,AL292487
CW1069314,BR163236
BM62965,BM62965
DN128107,AG36431
BR82335,CA42781
AX60107,AX60107
CN75563,DB99305
CL49740,CD17359
BL308942,AX48554
BE51172,BE129438
EH212006,EH128325
CW829609,CW1086513
EH925732,BN246901
EH730973,EH1242454
AL132675,CW453847
BW49850,DL279518
DR108021,DL171797
CJ71199,CJ71199
CG124558,AZ10483
BY529690,BY529690
EH511953,EH901816
BD99109,AW191283
EH708998,EH331681
EP82319,EP56089
BY371200,BY610515
AM86080,AG41284
EH242573,EH438279
AH16932,BY452442
EH444618,CN44013
CW724721,CW667131
AW89465,EH650779
AW176500,AW73189
DL131422,CM32078
EH508209,EH508209
CW409068,BJ6248
EH1275395,EH1275395
CW528091,CW395294
DG65961,DG65961
CW940810,CW940810
BL159322,AW45408
EH1138041,EH564196
CS27549,EA37018
EH981773,EH1311832
EH858309,EH458661
BN433430,BN433430
BY624691,CB79537
CR12300,CC131345
CA114593,CA114593
EH391253,EH272574
AG49802,DT99043
DE198338,DE198338
BY83382,BY64617
CT13982,BE213462
BY64579,ED50598
CW243148,CW243148
EH1317771,DN111057
BL174259,DE167212
DN135602,EH933416
EH708998,EH301005
CW794613,CW1044383
DN52146,AM78765
CW864572,CW864572
BL418336,BL418336
CW764418,CW643815
CW779061,CW1324363
EH603758,BS15171
BB37553,DZ55629
CW1251041,CW783419
EH705913,EH1287326
BL484133,BL423536
CW824141,CW1336043
AW179985,BH151572
CW798850,CW228224
CW875595,CW556259
CP38006,CP38006
EH504540,EH237430
EH732787,EH273898
CW238791,CW218122
EH879942,EH811887
BY51863,BY161226
DX39555,DW64150
EH639164,EH639164
CW466801,CW288766
BY601848,BY132814
AL283513,AL206308
BR192547,CJ19280
CJ105937,CJ105937
BD102498,BD75200
DF18952,DF18952
CW615538,CW859216
DE238764,DE238764
BY544601,BY544601
BN281346,DA65165
CP31587,CW1134572
DD49353,DD63427
BY610187,BY610187
EB48712,CW800326
CW365787,BN132326
AN152499,AN152499
DA110874,AN203818
BN468876,BN468876
AL240720,EH522761
CW725175,CW1244221
CW862702,CW784313
CZ75868,CZ27717
CW1364727,EH987976
DL147222,CW596784
CG76010,CG75296
BN435151,BN463069
CW737293,CW737293
EH837604,EF180065
EH931609,EH802592
CW968596,EL91597
AA84269,BN212669
BC55860,BE204867
AK110866,AK105251
CC33787,BH66272
CW1221211,BY370440
DB131479,DB122148
AL299720,AL299720
AN138734,AL126524
EA35184,AW156990
CW568256,CW243008
EH618137,EH618137
DT92246,DT89977
CW1164209,CW483468
CW469575,AK87990
EH820678,EM68800
BY315422,BY452442
AL193735,AL193735
EH321861,EF56403
EL93054,EL93054
CW59062,CW39012
DE22097,DE162686
AB37048,CL51936
CH37702,AW156990
EH887753,AM47727
EH704163,BE138198
CJ150623,CJ150623
EH927370,EH975231
BY402438,BY402438
BH166784,BH121785
CW892257,DH41256
EP47116,BR81884
DE212670,DE212670
BA5439,EH733303
BH82205,BH82205
BP37654,ED21525
BY554789,BY386189
BD93107,BD93107
DL203234,DL203234
CW1043616,CW534624
BL11158,BC44420
CA104558,CA104558
CW1048423,CW687548
AA26930,DD17382
EH398806,EH526288
CW915754,CW1199989
EA49357,BE206995
DL176050,BY633732
BY721069,BY716235
EH452484,EH22185
BE355242,BE417312
EH425590,DT28999
AN107645,BC30516
CW363936,AL57499
CW703674,CW670998
EH179763,AL190305
AN174586,AN159226
BN361632,BN456609
BE249011,BE420495
CW346209,CW503045
BN267887,BN267887
EL51193,EL51193
CW1172507,CC95098
BB80575,BB33692
AL237825,AL173589
AM88933,EH516880
CW495460,CW175943
DT144709,DT144709
CC139565,EH169521
EH658152,EH341379
CP27893,DR140963
DE254823,DL199887
CW415163,CW243148
BY291534,BY415633
CZ58099,CZ58099
BY473129,BY396679
BY547215,BY264291
CN84762,CN84762
AL207414,AL200870
CW578879,CW201139
AD27177,CM52878
BE310844,BE107890
BB54083,BB54083
BY398053,BY392537
CW731374,CW533290
BN429588,BN429588
EH213587,AN162718
CW651522,CW982963
CS14102,CG122388
DN113484,DN58697
AL108527,AL52378
CW1177931,CW1177931
DB169275,DT99043
AA113661,EH868352
BY137305,BL42217
AZ16446,EH1271647
EF134372,EF128605
CW914508,CW398539
CN16296,AW113637
CW268057,CW667131
CW727586,CW122703
AG24511,BM58816
BY497800,BN262711
CW990178,CW472230
BR82335,CW231746
CW982262,CW982262
DE265950,CZ109344
DL211304,DL163925
DL169595,BW25561
EP71616,CJ136848
BE284336,BE456245
BE271852,BE257921
BR157143,BL148975
CL55104,AP13711
AP100857,BB118061
BR214254,DZ68091
EH834875,EH834875
DM8159,EN77314
BR79693,DL134548
EH294190,EH622632
DE233943,DE234021
BF19322,BF19322
CH53531,DT51283
CW559540,CW407897
CJ160097,CJ160097
EH181142,EH378132
BN159892,CW166196
BY639650,BY405840
DC11728,DC11728
EM60789,EM60789
DB182807,DB328495
BY616926,BY638723
EH849921,EH952205
CW293460,CW453823
EH515748,EH455396
ED45394,ED21525
EH738501,EH738501
EH648257,BN334888
CA60999,BG16997
EF204317,DT108942
DB178321,DB103830
EN23351,BE257735
DH32184,CW499592
CW234609,CW157062
BN55917,BN55917
CW1067561,AA127875
EE6132,AA162407
EH771848,EH771848
AL72534,AL175841
CW802633,AA163081
EH1064128,EH258369
BN275036,BN271251
CW609644,CW679232
EH179763,AP8782
EM87129,EM87129
CW993501,AP91680
BY556367,BY556367
CW293460,CW539837
CW629930,CW761459
EH694655,EH522761
DL178623,DD163997
BZ23340,BZ23340
EH414163,EH358393
CW806196,CW783615
AP69088,CN87837
CJ104038,DD67388
AD27813,AN152351
DA87354,BN333636
EH811765,DN55551
BE397823,BE397823
CB64635,DL211304
DB265836,AW220058
BR146772,EP73553
EH79295,EH553613
BE170604,BE170604
BN340506,BN335054
EH753205,EH368083
EM82035,EM82035
EN59666,EN59666
BL121029,DE67527
BR146772,CZ70399
CW935955,CW1339407
CW409551,AM13647
BE270140,BE270140
BY374712,BY222595
DZ25656,BL433475
BG22448,CG153353
EH1069624,CC153196
AP11141,EH67572
AW132511,DB81271
CA113328,CA113328
AL136214,AL90706
BJ36606,CS30949
EH1031100,EH1031100
DT35208,BA17881
AL221621,EH763099
CJ136131,CJ134195
CW760512,CW794216
EH1205146,EH376280
AL34317,AL32838
BB80287,BB80287
DL170727,BL299779
BP46865,BL230756
AN37186,EH146826
CW596989,AN61634
CW279606,CW250857
EH996104,CC28222
EF126990,AA158488
BL328875,BL328875
AL232663,AL232663
CW1014351,CW1014351
BY264030,BY264030
CW578118,CW272965
BE344006,BE357131
BE330949,BE118991
EL93094,EL93094
BB25068,AL155567
BL428775,DD11160
CW537400,CW560761
EF142462,EF142462
BN553104,CA42781
CW859216,CW175943
BH159237,EH1255704
EH822148,EH803510
CW293435,CW172263
BN515715,BN515715
CW189590,CW189590
EH815527,EH642965
CW643367,CW597227
DB143671,DB204575
ER36703,EH762632
CW387665,BK24914
CW972917,BL306051
AP52529,EH948507
BH80806,CD21139
CS31679,DB258955
BY69589,BY299348
CW1163675,BN311056
BE207705,DL176078
EH57973,EH132312
EF2868,AW5486
CZ95222,CZ95222
EP93772,EP93772
DD115929,BJ38384
DB218350,EH600695
BH116312,BH116312
EH398806,EH219717
CG70759,EF211641
EH213587,EN77314
AY22112,BW48570
AL66462,AL64450
CW202580,CW116887
DE164179,DE147687
DD66213,CL34680
CN49748,CN62636
CJ154023,CJ154023
EH798871,EH798871
AN2073,AN2073
BY415790,BN311781
CW938930,CW707245
AA146169,BN333636
DE286827,DE286827
CW511321,CW377231
BH127852,BD160777
CW210823,CW306782
CW715853,BL284122
EF62976,CP27761
DN105420,BY328889
EH197897,AW116055
CW908668,BD112806
EH748682,CJ53597
BY645995,EH955051
DB169220,EH513669
EH1073798,EH1073798
BL260522,DE202732
EH826916,DB182807
CW1091424,CW562318
CW989013,CW989013
CW756239,CW1113062
ER20144,DL78296
CW996882,CW589269
BE157713,BE180412
CW531405,CW531405
BL48711,BL51632
DT157535,AZ17600
DB176793,DB161188
DL236391,AN203818
AN108688,AN108688
EH564625,EH444768
EH1088914,EH237109
AA189574,AA94070
CW157844,CW638169
CW444389,CW1173869
CW281862,CW54444
EH1038740,EH486300
DL129280,DL134548
CT43479,CT43479
CW1196641,CW584716
CW617186,CW377583
BN326901,BN236573
DL254223,EB72946
BR171911,BR171911
AL350140,AL350140
AW91192,AW91192
BW26543,BW33205
BE209713,EH305359
CW1317807,CW1090658
CH43042,CH43042
BZ19780,BY518917
CA67473,CC153196
CJ27493,CJ27493
AN236356,AN176663
EH436876,EH110194
BC51480,BC51480
EM112499,EH998655
EH678904,DT85352
EH535420,EH321357
BN317657,CC85882
CT23159,CT7196
EH620897,AE16959
CW703825,CW1170773
DE289721,DE289721
EH509016,EK22563
EH925732,EH233961
CW1031329,CW1019984
DW27439,DW27439
CW662954,CW559786
BL160600,BL196143
BH147950,BH147950
DN147142,AA136962
CW1037200,CW1038905
DL199216,BD88461
CW1013468,BN402572
BZ47606,CW734568
EH391071,EF180293
BY357601,BN491007
BY620616,BY620616
BN553816,CG29934
BP52406,BP52406
EP85338,EP82056
DL223003,AY44680
AN157578,DT66245
DT33083,DT33083
BY381514,BY380671
EH629832,EH204661
CC63644,AY29081
BH92545,BL154027
DE294198,DE173043
EH737725,EH499585
BW35837,BY743104
DB202269,DB139525
CN37656,CY21303
AN73299,AN195198
BN319764,EH713430
DN14406,DN14406
EH601459,EH684181
BH163409,BH163409
EP99320,EH626196
AL37485,AL37485
DL254223,EH1093480
CW51766,CW60701
BL300997,EH334363
AX73859,EH1255704
DL214825,CG148375
DL131422,BE107303
BY585084,BY739921
EH490290,BD82285
DB135981,DB135981
CA80070,BL138829
AR12690,AJ21547
EA46111,BN433430
DZ62354,EH502296
BR203335,BR140083
CW369980,CW369980
EM92277,EM92277
DN65356,EF230400
EF57721,CL19922
CW659934,BL263370
DN146758,DN146758
DT76496,DE218898
CJ127475,CJ127475
CM11373,CM11373
CW678964,CA60756
BN241763,BN241763
CW513997,CW618305
CW469499,CW536314
BB54577,CP19705
EG55323,BP60081
CW761431,DE217323
CW1076737,CW218404
AB11948,BL86813
BD48075,CB40272
CW123085,CW1315254
BY616387,CC124664
DB111753,EH255666
CW86355,CW197202
EH629832,EH455198
CW880833,CW1086361
BN265168,DX61941
CS14102,DH25083
EH741973,EH741973
CW1291233,CW172215
CW325005,CW1052908
CW293624,CW1028149
BB75779,BB75779
DE261354,BY289521
CW522717,CW534624
EH961360,EH388714
BB89079,BB89079
CG43589,CG43589
BN317670,DL74928
BY720192,BY592426
EH630724,EH1264912
BW49850,EH437310
CW728299,CW1044349
CW581407,CW445600
AW132377,AW132377
AA127835,AA10911
CW289011,CW620840
EH844960,EL48801
BE398908,BE283596
BB46564,EH146826
CG102096,CJ128494
CW623302,CW710335
AW179851,AW179851
EA35184,EP84986
AM89332,BD108204
EN45945,EN45945
EH153297,EH349030
EH765407,EH765407
EH516495,AW131781
BB20984,DX24144
CJ136335,EH423281
CW893381,CW1173415
BY671382,BY671382
BC49904,BC49904
CZ47443,EH470249
CW350147,CW684804
AN107645,EH592817
EH493257,EH371980
CW306698,CW108902
BL437100,BL502797
DZ17813,DZ17813
AT12294,BR81884
AL333168,AL137256
CW1024308,BN278413
BY559697,CE19237
BK35536,BK35536
AN156561,AW150233
CW581030,CW581030
CW804661,CW1337673
CJ91086,BH80689
AL104595,CZ89453
BE350557,BE350557
DA11131,BA17543
CW498039,CW359049
EH460275,EH460275
EH561680,EH840811
EH403372,EH308786
BY635241,BY610272
AN99507,AN138845
DF20075,DF20075
BN133516,BN139055
CW210823,CL23110
EH807257,EH778462
BH166784,BH166784
CW820472,EH1296500
EH323792,EH344197
DS72058,BB51235
DE263028,AK106011
BN345253,BN345253
EF109217,EF179306
CJ155595,CJ155595
BN335862,BN335862
DB107038,CG153353
DB292315,DB292315
CZ98879,DL240764
EH967153,EH585306
AL176810,AL176810
AL333491,AL333491
CA96534,EF164027
DM14308,DM14308
EF54412,DB201313
DD65015,CW1026960
CW890846,CW621990
BY303468,BY321585
EM53296,EM72480
CJ46304,AS27554
EH901761,EH901761
BL476954,CH29223
EF208178,EF208178
BR188583,BR143883
BH157599,BH173031
BE356410,BE63985
CS21633,DR82074
EH838114,DD87571
CJ134746,BL345228
BN63587,BN169769
BL257303,BL260427
CW110649,CW651363
AN157765,BL411462
EH484581,EH575333
CW376435,CW310853
EP88097,BZ34513
DB82732,DB4843
EM45550,EM45550
BR220213,AX29272
CW121732,CW121732
EH379393,EH348783
AL103192,DA95527
DA105564,DA105564
CW1134570,CW393012
BR97251,EH840811
CW1033864,CW1033864
EH960557,CX23095
CW532846,CW339059
CG120336,CW769228
AL249752,AD21836
BY495669,BN423964
CW703249,CW444681
EL53033,DT128152
DP35138,DT85352
BE341392,BE341392
BE406822,BE406822
AM60862,CB20244
CW553678,CW1368162
EM43588,DT57782
CW1011449,CW732607
CW419469,DL158458
CM53602,BR157341
CW498409,CW498409
BC51575,BC51575
CW777503,CW453823
CW510954,CW95696
AL194324,AL84817
DB137922,EH388032
AD33907,AD33907
AN110418,AN14255
BL115472,BL45917
CW246073,CZ74846
CW1173807,CW1073403
CB72974,CB72974
DA43851,BM35339
CW982495,CW485855
BY507003,BY628261
BL326930,BL326930
DL223003,CW1349452
DT84717,AY20155
BD101303,BD101303
CW1051305,CW1235482
CJ175570,DE223264
CG80172,CG176755
CW1075200,CW786037
AG33637,AG35571
CW998283,CW1148736
BF30164,BT13109
DE263725,DE280430
EH835427,EH835427
BE328178,BE328178
CD23922,CD23922
CW556048,CW35436
EL55485,CG115745
BY700437,BY700437
CW850548,CW1088566
CW795931,CW795931
DB150467,DB113228
BL494708,EL48301
EM125808,EM91885
BE69555,CK2114
CW1030302,BN346321
DL205805,BE247165
BZ33381,EH301005
CW1313374,CW1313374
CW17911,CW17911
DL129280,CC85882
CT48303,CC159189
CW586410,CB93093
EH730417,BN380981
CW387665,CW78698
CB79145,CB44752
EH1239589,AA108544
BD128765,BD128765
DD87382,DD87382
EA35184,BP40920
CN36570,DL100669
EH880418,DB242176
DW64339,DD138102
DB122779,DB164920
DB292502,DB195266
BN465801,BN465801
BY683698,BY631472
EH967153,CW595746
CW510062,CW510062
DL170727,BH177176
BC35830,BC35830
EH504540,EM62794
AA195599,DA127638
EH305370,EH287400
BB98832,CB4213
EH768130,AW174987
BN444848,BL409388
BY651020,BY651020
CN74246,CN79722
DD126218,DB198706
CW212558,CW111258
CW1049801,CW789525
CW684196,CW310599
EL85260,EL85260
CW441751,CW1028149
DB286617,DB107385
CW499115,CW799387
BY662416,CA133633
CW350618,CW645849
EL73805,EL73805
DR111726,DZ9857
CW485778,EL57912
BL389599,AN172019
EH626196,EH914756
EH385135,EH98445
EH397981,EH649857
CW340118,CW581974
EH258501,EM115910
DB74119,BN380981
BG31686,DM18693
ED45394,BN364847
CW387665,CW165496
CP41751,CP41751
EL68179,AR10820
CW561082,CW161335
CW993110,DE231201
CW824797,CW824797
CW433156,CW765785
CA79544,CA55567
AN125495,CW653735
CW1274843,CW844757
CW296065,CW606075
AL324077,AL324077
AG55940,AG55940
BC58070,BC58070
CW340118,CW531908
CN62223,CN62223
BD106271,BE264221
BL382650,BL382650
EH1300612,EH1300612
EH708998,EH389927
DH56050,DH56050
CW404131,CW380714
EF183223,AA151758
CC93785,EN39245
ED14688,ED14688
BR124940,DT128152
DB287006,DB99229
DL224304,DL224304
CL48076,EH822409
AK67061,AK67061
DZ57825,EL65272
CW472117,CW453823
EJ13474,ED39945
BR214254,BH106405
CW931171,CW931171
BR158768,DH39120
DR65507,DR65507
EH1265278,EH576280
ED55171,DN74562
BZ21251,BZ21251
EF182061,EF182061
CS13195,AX14269
CM64869,CM64869
EG28457,BW25561
BY544726,BY592426
CW321296,CW509829
CW461593,CW830049
DR97753,BL322117
EF4979,EF4979
DL198713,CB29968
AW52445,EH287472
EH1036250,BL75394
AP26364,CW54444
AS65905,EN78292
CW893925,CW337920
CW731075,CW82541
CG115455,CG115455
CW664295,CW1340109
EH1164851,EH892419
CW302925,CW891936
EH398457,CW906976
BY610708,BL523784
BR145823,AW150647
AN117936,EH886797
CW99061,CW43257
BY547215,BY547215
DC22091,BN461487
CW228695,CW98321
CW278724,CW127927
AL315053,AL289792
BY507036,EH238244
DZ41250,BL407190
DA87354,EH780520
AK156781,AK106712
DB243172,DB243172
CW576146,CW576146
CW806259,CW806259
CW584203,CW722936
EH788088,EM85615
CW1225794,CW1225794
DN148059,AK151347
EH560287,EH356438
CW1188602,AA166333
AL90315,DA50805
EG53162,EH241395
BY387248,BY603509
BL226261,EH235064
AM86080,DB123626
BY625985,BY625985
EN24925,BY222155
BM57594,BM57594
DB193863,DB193863
DB157023,DB157023
BN439527,BN485329
CW880458,CW1032752
EH1190924,EH1006583
BL272139,CP18039
DH37708,DH37708
BL327311,BL256544
AF12193,BE107303
AL107012,CN85521
DE306340,DE306340
DL198559,DL180540
EH704163,EH301005
BN318856,DS68139
BY372155,BY505886
DA87962,DA87962
BY558268,AP80469
BN311056,BN291147
CT21556,CT21556
EH1055720,EH1055151
EH528143,EH158229
EM120744,DT153130
AA100490,EH423288
AL70634,CW1244221
AA160104,AA160104
EH867501,EP70736
CW686133,CG47281
CL55648,EH978615
CW529112,CW1340109
EH968162,EH968162
DD129279,DD129279
EP15311,EP15311
BN145060,BN145060
EH825801,EH162870
CL42542,CW725789
EL55049,CC34295
BY421365,BY367438
BN472975,BN508648
CC151687,BB85039
CW1131214,CW631300
AL255683,CH48324
BA4915,ER4175
DH52393,DH52393
CW325005,CW201139
DB269981,DB264232
DD205297,EF228262
EH1116032,BL432136
EH113314,DW4484
DE315733,DE315733
EH514172,EH166809
AW70815,CC78989
CG74349,CG74349
BE296977,BE296977
BH141144,BH141144
CW567287,EH643039
EH234963,DN41692
EH495025,EA50238
DE266511,DE193178
AK78530,AK78530
CW419271,CW699065
EH915295,EH915295
DA24208,CN89699
EH1217176,EH516880
EB62559,AW172458
CJ33971,AA121623
CB48332,CG73698
CW450284,AW152065
AL7195,AX7675
CC90465,BL290404
CW892257,CW404903
BL120208,BL176111
DZ48762,DZ48762
EH939877,EH693282
AL113521,AL113521
AT18136,DL98502
BN455643,AA151333
CW154784,CB29312
EF40239,AM18679
BY337834,EF78748
EH419063,BK39505
CW1249936,CW1249936
EH443908,CE28886
AL192470,AL57949
CT45437,AP8782
EA42814,EA42814
BS15013,DX47132
CC63644,CB38424
CW1240746,CW1174587
EH177316,EH650779
EH348783,AL52378
CC81435,CC147438
EH979375,DS86380
EF158729,EF158729
BY400993,BY337834
EH168081,AA73745
DB235761,EF126293
CW885859,CW771104
BY409669,BE185610
EH489266,DE116370
BB89680,BB89680
CW727586,EG13035
CW1155087,DE217323
BL35668,DE110395
EL11911,DB123626
AA145073,AA164623
BN482909,BN482909
EM41936,EA24598
BY360005,BY345478
DW44841,DR78751
DL214825,DB320373
CB54233,DB103039
BY436493,BY451078
EH1026068,EH1026068
DH46686,CN51790
BN553104,BN402572
DL121382,DL98502
CW208917,CW320762
EH1226202,EH1244884
DT166565,DT166565
AW25362,CM36634
CC22314,AY16709
EH337976,EF56403
AP44535,EA28570
AB29858,AB29858
BH91007,AW102395
CW579055,CW528641
EH810309,EH388714
CW1051336,CW1346742
CW1042340,CW581836
CN65943,CZ57732
AL170073,AL218181
CJ165257,EH518484
BN392263,BN392263
CW387665,CW387665
CW327861,CW690742
AJ39967,AJ39967
EH278065,EH451174
EH802612,AS100170
CW990787,CW990787
BL459680,BL459680
CW383755,CW339059
EH370875,DX46401
BB90645,AW183744
CW293435,BE63985
EG28786,EG28786
CW152985,CW612183
DL69173,BK6573
BY312274,BN74644
BR150029,CL34430
CW1029752,CW197202
CW67878,CW67878
DB116579,CN81191
CW1017272,CW1017272
CW222001,EH295967
EH761437,EH528673
BJ11304,EH181659
BY497385,BY497385
DB160054,BE225653
EA39708,BD92705
AL270384,AL270384
BD132552,DB275066
EH1149288,EH921156
BY193785,BY11093
CW695560,CW859216
CW1125609,CW510808
BD132844,BD132844
AN192739,AN192739
CW533512,AF13274
AA127207,CN61179
CW576414,CW471563
BL340712,EG43930
CW214772,CW214772
EH655085,EH798467
EM83340,CZ105639
CW550949,CW241241
CW579446,AL32014
BY325478,CZ84947
CW755694,CW755694
BG26544,DE141185
BN72108,BN73658
CW446442,CW1073403
DB123854,DB123854
CG163840,AL187215
DK35214,AM84517
EP87823,EP87823
CW783972,CW860877
EH513101,EH513101
CW716671,EH497724
CL38840,BY138099
EH818103,EH818103
EH70215,EH70215
CW416158,CW416158
EH1127247,EH1127247
AP15978,AP13650
EH716223,EH716223
CW1024308,CW433609
AA100490,BH106753
DL243230,BL439267
EH927551,AM91127
CW1036674,CW905168
AK112575,EH958692
CW591787,CW639564
DE271334,EH1058536
BN431163,BN431163
CW372218,EH343641
CY31097,CY31097
CW629462,DB91730
DL233119,DL233119
DB64785,DB64785
BD99877,DB172340
BL217511,AA133122
DN31715,BN257404
CW370919,CW778928
AN142015,AN142015
EH495025,BL275606
AL64275,AL64275
EH206460,AS44800
DZ65094,DH11085
BE349536,BE349536
CG179320,CW1176573
CW681124,AN224135
AN40604,AN138845
AF24276,AL306724
BB20421,DT82803
CW568166,CW154512
EK14551,BR81884
CA40749,CW749739
BR172315,CN24581
AL316278,DX48473
EM86909,BR61104
CW668832,CW1319974
CW657451,CW703973
DA17006,DL111074
DS41213,EA24280
EH828621,EH828621
DL50144,BL488861
BY291534,BY265922
DM29038,DM29038
BN472925,AM6117
EH149209,BY114153
CP15821,AN87790
EH1058550,EH621793
CL23948,CC86119
EC22090,CZ33165
AA166575,BL212102
AX40351,AX20024
AL90315,DE218898
DB122415,EL48801
EH752439,CW530460
BE253171,BE253171
AW70815,AM55688
CB73562,CN30149
EH716213,EH1068194
CW724721,CW453468
CW229964,CW229964
BR125242,DZ63008
AL74469,DD71594
EH981006,EH105551
CW719097,CW251659
CW534621,CW1173869
BY357601,BY705013
CW595381,CW419754
EM87465,CC101010
CW1142354,CW503045
DL246250,DL246250
CW84009,CW351104
CW1121713,BL506290
BN195975,EH733303
DB159765,DB175197
BL241341,EN77314
AA113661,BN407058
DB182807,DB120081
EN46398,EH423281
EM102069,EM102069
BE320842,BE244651
EH966264,EH276159
BW53824,EH955051
DD149061,DD149061
BL421931,BL421931
AL97179,AL167940
DE99913,DE288315
BH64695,BH64695
BY577941,DT137955
DH45379,DH45379
BR84411,CS25808
BY413488,BY324566
AL260733,AW183431
BN9703,BN55164
CW293624,DT87452
AW35105,AW190760
DA54952,DA54952
CW234271,CW407897
BN249749,BN396630
BB119379,CW623399
EH1046702,AS42352
EH528143,CJ38489
AB14050,BN390697
DB305844,DH41256
BY501777,CW338090
CW216484,CW740059
CW272018,CZ22257
CJ100388,DH34714
EH620897,EH344197
AL83989,AL89541
BE368537,BE368537
EH810121,CT48183
BZ7897,EH231575
CC148483,DL203466
CW972453,CW595746
CE47744,CE47744
EH222798,EH231056
EH651101,EH672738
EH596565,EH416851
CZ82157,BC45671
BE317107,BE317107
BL241341,CC28222
DT95287,DT95287
EH1019933,EH1273952
DL211701,DL147093
AN133788,CW721312
AW186514,AW118104
CW531708,EH825036
DA94866,DA94866
DE217727,CW1134572
EH128735,EG49165
DE312108,DE312108
CW315634,DY5843
DB138101,DB92509
BY392030,BY496700
BL448128,BL458711
CW629462,CZ105639
EH240040,EH299859
DE301910,EH116155
EH841813,CC114079
BY371801,BY325755
BN159361,BN263991
BD86740,BH131437
EH52931,EH1036637
CW390025,CW873976
DB211440,DB211440
EP90035,EP90035
EH592293,BH157768
CW923272,CW923272
AN6179,EH291505
AL330753,AL330753
BE291030,BE291030
CW476131,CW385847
AN136043,AW158497
BC39621,CG2857
CT5784,EH892669
BY194239,CW121117
AL341191,DL214691
EH765479,EH327031
CW1294808,CW850167
EH1062156,AB22843
CW550109,CW323267
DZ65094,DE62670
CW651683,EH224741
EH939343,EH226301
CW1005540,CW1005540
AH16932,EK13759
CW1096087,CW1234450
BN199806,BN435129
BN354988,EH927668
CW361232,EH592817
CW455959,AW132511
EH1162581,EH1162581
AA170725,AA170725
BL435055,CG151931
BN315727,BN263774
AA127142,DB106892
CW561362,CW550610
AW182409,AW182409
DD84959,DL123544
CH37702,CW1190210
DE88293,DE62519
CW543117,AP35297
EM110662,EM110662
BL530154,BL530154
CW992591,CW713368
DN26872,DN26872
EH185791,AN122893
BE189147,BE357131
EA50917,EP101938
EH704163,CC127514
CP27893,DN88981
BM56398,BM56398
CP26782,BE206336
DN73540,CB51367
BR128793,BR128793
EM94093,BL326345
DT45142,DT45142
CW728313,CW329320
EF170490,EF170490
DL196578,CA113202
BY572531,BY580078
BY94153,BL74891
BP37654,EH680454
DJ13502,DJ13502
EH392334,EH416851
CN61506,AN88444
DT160465,DT124377
AL142850,AL72586
DD46412,DD71594
EH1031371,EH1031371
EL78297,EL78297
CK12744,EH642410
CL55104,DT26807
AL170900,CW438119
DB316252,BE330469
DS98391,BL506290
AL252080,AL252080
DE119609,BY11795
CW808983,CW862738
CW294018,CW289445
ES21395,CW1090658
CJ80670,CG108761
BL81554,BL59134
CT26400,CT27206
CW482765,CW1324975
CW932972,CW493543
AM95118,AM95118
BL210536,EH487725
CC107828,CL54048
EH614085,CJ99176
EH535420,EH688954
CW442660,CW727078
BE355597,DT66245
AN118096,AN118096
EH1066003,EH496984
BE388915,BE388915
DL50705,EG41694
DB161983,DB38505
EH1062156,CC85882
BZ71538,BZ71538
BY408420,CC74949
BR182132,DD141345
AK21297,AK45718
CW998283,BN289473
CW498283,AA95622
CW624932,CW439741
CW408073,CW62173
BR220213,EH233961
EH1006682,EH1253271
BL438192,BL438192
DT135033,CW108902
CW821758,CW771684
EH195894,EH167585
CW908668,BL452978
DR4638,DR4638
EH793193,EH949463
BB98400,DX56155
DB192146,BB66863
CW443601,CW161617
CW246073,CW180128
EM31182,EM31182
EH246448,BM58816
EH1123074,DL256578
CW912240,CW126023
DB205308,DB213703
EH765373,AM5896
AW70056,AW67392
AW173314,DA84128
BR143969,AP80375
CW813204,EL91597
DE190383,CL19356
CW1079497,CW563497
DL129280,CW1089245
DR84465,DR84465
DL177947,BK35536
DE207164,DE80997
BC30005,EH423288
BK48468,BK38501
AL132675,AA71863
CW1104627,CW878914
EH866024,CJ207068
CW911061,CW911061
CW526905,AN127774
EJ22412,EH1068194
CW911932,CW851572
CW574525,CW1244221
AN56613,AN55352
AL97040,ES27425
AL138036,DD77392
EH852298,EH852298
AS36848,BE66149
CW1216970,CW1278829
BE47029,CM32078
EH782079,EH825623
BK32198,BL450963
BY456666,EH518484
CL64065,CL64065
CW509371,EF157507
AN126423,AN118084
CW255615,CW1207219
EH1138041,BK43902
CW303958,CW200947
BM51151,BM51151
BP40782,BP23963
BH139410,BL287786
EH378404,EH1119284
CZ54100,DB95918
AE16810,BL212102
DL199989,EH927668
EH134270,EH128483
AL33120,BR53263
EH221076,EH283777
CW1013468,CW306197
DB167967,DB149292
CW751515,CW657451
CW1022632,BW57720
DA8132,EH414984
DE230305,BY456850
CG102003,CG102003
DW66589,DT81309
CW1051305,CW982014
BG35474,DB149292
AA162233,AM13647
DN86342,DN94188
EH1231253,BL519779
EH901878,EH914493
DB212548,DB137404
EH718925,DN116516
AN157578,AN69766
AL240720,AW140475
CA80070,CW570953
EH233499,DE161983
CG162942,AW197422
BH171451,CE55136
CW162512,CW259771
EK21583,CL51952
AA60261,EF55811
EH323792,CJ52662
EH626196,AZ9598
BL316845,BL316845
CW152735,CW109950
DL194572,CC159583
CW695560,CW648514
BH137741,EH733303
CJ55294,BN388278
CW496101,CW259771
CG187003,EH687038
BR190186,DH21690
EH194386,CC71527
EF47292,EF47292
EH759188,EH731291
BG31584,BG31584
CZ72256,CZ72256
EN38519,BA17543
EH621518,EH621518
CW1043616,CW231025
BN354347,CZ67296
CW349887,CW278418
EH125540,EH451788
CW707159,CW289594
CW728313,CW385847
EH1128120,EH1128120
EH392334,AM6117
EH87040,CM10367
CW1134570,CW277849
EH887549,EH921334
CW24017,CW128917
AH20146,AH20146
EH979375,BF21094
BY686641,DL96397
CG106417,BB115995
DE233382,EH285464
BY645168,BY266906
EH117679,BR57179
CW694405,CW162116
DN123965,CW1199132
BY431572,BE146692
AL277702,BE273057
CW1170601,CW260151
EH864154,EH495578
CW834112,CW611883
EH828480,EH828480
ED43507,BE334170
BR203416,BR203416
AF24276,DD202895
CW142311,CW144872
CW732901,CW692080
BR188583,BL300228
CW149289,CW364321
BW52374,BK45987
EF171699,EF171699
BY475643,BY299343
CW707159,CW400986
EH414087,EH367083
CW404840,CW150094
EH238104,CW268477
BL258096,BH54346
CW424565,CW333895
DD27738,CT27633
EH337976,EH162789
BN386351,BH112553
EH221076,EH219717
CW996973,CW553195
EH664004,EH149027
EH221076,EH309987
EH504540,EH428116
BR139538,AE25450
BY342897,BY392382
BY625834,BN454957
BL299084,BL290572
DB202269,DB190449
BN123205,BD92705
DB122779,DB63774
DE230305,BL219397
EH317040,EH317040
CW252880,CW252880
CE41042,EH389255
BN313637,DX63302
EA52220,EA52220
EH419376,DD126817
CC116994,CW407077
DB189665,DB118988
DB115427,DB182807
BE225994,EH221953
BH60277,DL94347
AA164934,AA190244
AG24511,EF55811
CA96457,BN435636
EH231236,CW407897
DN112545,DE301784
CW596989,CW524693
EH364634,BY499425
EH980672,EH495578
AB25016,BE138198
AL230206,BE234591
CW1058437,CW1058437
CW703674,CW802878
CW499115,CW723235
BL241341,CA126134
BR54023,BR54023
BL371135,BL371135
BL381779,DE223744
CW243148,CW389797
AL253160,AL147879
BN275683,BN402572
BN319722,BL72421
CB72871,CJ154388
CW1017178,CW1017178
ED55171,BL282678
AN157578,EB45034
CW494380,CW473608
CW1281540,CW184472
AL264778,AL166446
CW629085,AL300857
EH913693,EH944356
EH627149,EH527436
EH678904,DE227142
CT24487,BR106783
CW675891,CW836553
CC130200,CC130200
CW511321,CW809749
CW1061374,CW1061374
EH784578,EH162789
BD142570,AA155581
AN88815,AN88815
BY398392,BY554789
CW373712,CW373712
BW43407,BY456154
CW384482,CW315815
AA124519,CJ136848
EH830580,EH733026
BD109224,BB50772
BE131563,BL274433
BL77260,BL15864
BN317731,EH245883
DL48697,DE54806
DD66213,BL112937
BR24439,ED30116
CG128725,BH99038
EH606712,EH298184
BL506019,BL462616
AL315206,AM90093
AA145073,CJ188455
BB6158,EH267429
CB20860,EL21080
CW887956,CW887956
EH348783,BY90141
DD35153,BL171333
CW171462,CW184202
EH421842,BR105483
EH409586,EH780233
AP85736,AP85736
CW902105,CW1368162
BZ56999,EH389255
EH732787,EH217127
CZ54100,EF120086
BE335375,BE339242
AA148592,BN291147
CW395672,CW341168
DT111290,EM56718
EM4370,DD77392
BE260104,BE260104
BY351405,BY351405
CW391025,BL250794
BE47029,BE107303
BN190051,BN250010
EH861643,EH589258
EH1207672,EH1207672
EP61037,DB275066
DB201045,BX23197
DL130829,EB33752
CW653213,CW862357
EH705412,EH705412
CP18451,CN33487
BY411237,BY62432
BL143824,EH235064
AM81705,DB137404
EH194386,BY377296
CN57387,AW188720
BL280511,EA37018
CN81322,CN62223
EH640017,EH1058970
DP23822,EH1181132
EG38742,CW305052
ED34123,EH508595
AW169616,DB213936
CG72782,BY287688
EH738741,DB118198
BR220213,AM78765
BL395295,AK106011
DX22458,BH15808
EH827823,DD126817
DD95751,DM26299
BL380965,BL290572
DB169275,AT28942
BN317680,BL254307
EH1161844,EH975231
EN29937,AM5222
AA71749,AA6821
BW55808,BW55808
EH354244,BN255855
AP23683,BE65207
DN107083,EP84986
BY209948,AS20455
CR23450,BE206336
EH865696,EH865696
DE217727,EH795212
EH773192,AS87476
CW217585,BL97387
EH534711,EH181736
CT5415,DW24538
DA89692,AP13711
BL96442,AY18382
CW804661,CW783277
AL104595,EH238244
AL56831,AL24745
AM83946,EL36247
EH494621,DL67396
CW672900,CW447193
BG10691,EH149922
DL252009,DL252009
CW946347,CW1144535
CW1062178,CW1013829
CW801005,CW58988
CW823739,CW581030
DL223003,DL229794
EL72378,CB31258
BL439267,CW1005841
AA190444,EH1033900
EH958303,EH935305
EM16797,BD48703
EH1154828,EH451788
EH802592,AP8782
DL152185,DL152185
EL21230,EL21230
EH750175,EL57630
EH699877,EH885583
EM122008,EM122008
AK53523,AK122454
BY604736,BY604736
EH278570,EH278570
AA188609,BY592426
EH109700,EH363955
BL269104,EJ18642
BL441434,BL441434
BN368083,BN368083
BX16761,BX16761
DE46914,DE71989
AX42838,DE185546
DZ11922,DZ11922
EH716083,EH688954
CW313162,CW699690
BR130477,DP44721
DE82633,EH246448
EH1131374,EH1131374
CW1081190,BZ58154
DS77417,DS77417
CW773031,CW1101394
AA195792,CW43257
CG72782,AA110730
AM73402,CZ57785
EH346583,CG31775
ER36668,ER36668
CW876564,CW243601
AM80247,AM104431
DT111111,BL287786
BP30737,BP30737
CW603112,CW602545
CW42587,CW420469
CW763500,CW763500
EH340374,CW205283
EH1159382,EH810778
DB44995,DB44995
AL204584,BD83599
BL244170,BL381635
CG20481,CG202507
CW664422,CW664422
EH189952,CA29237
BL109864,BL199880
CC116994,CC127514
CG34139,EH1110430
DA117673,DA117673
BL476954,BL219910
BR192583,DE231201
EH810121,DN116516
EH719318,CP11900
AL66613,AL66613
BY663288,CE42218
EH246448,EB45789
AN195247,BR98938
DF9456,DD52568
AG31543,AG31543
AS82035,AS62762
CW778928,CW778928
BW41012,BW50305
EL83588,EL85536
BN538348,BN538348
BY723526,AG33499
EG40334,AL173589
BE347505,BE250282
CW931848,CW931848
CW886816,CJ88546
BL434219,BL434219
DN132837,CZ113609
AP6899,BN289473
EH539757,BP58302
EH436876,EH98130
BL261971,AW197422
CW623302,CW777732
EH358076,EH601459
EM122584,EP92139
DE215392,DE202580
CW949068,CW949068
EH1064128,EH380810
AA139576,CZ119391
CH60203,CJ79549
EH48323,EH233077
BY443207,AN150940
EN38519,EN38935
EA28352,CW444840
CA96457,CA96457
BY378249,BY457954
BN403749,BN459951
EH1000889,EH592817
EH1125679,EH856263
BJ31483,EN30386
BN302386,BH139804
CL38926,BT10389
DS83313,EL40242
CW600148,CW302925
CW761459,CW721390
CW582017,CW1190210
BR146772,BN530276
EH694655,EH1161385
DT151424,EH1027144
EH538825,EH456391
EH113314,DA17006
CW581407,CW253271
CW204389,CW673567
CW139714,CW392574
CB78733,AA162148
CM19649,AT14624
BH144626,BH144626
BE418409,EH753518
CW824845,CW415438
DD68579,BL163050
CW887565,DP36066
AJ38312,AJ38312
CW640867,CW746583
BY663288,BY560789
EH262860,CW739853
BD129485,BD129485
BR217292,AM62502
AN176503,AN176503
EH1109875,EH1109875
CW21041,CW895675
EH710250,EH242573
EH708998,EH642965
AL350500,AL350500
BN263085,BN87775
CW238637,CW748929
CA138534,CA138534
EH132911,EH235890
DB272493,AE31484
CG90130,BE152610
CW570315,CW1294576
EH1150213,EH1245587
BY591442,BY750252
AK74697,AL70860
EH337976,CN81191
AL136232,AK49788
CW725336,CW725336
DL214301,DL214301
EH241773,DE76903
CW783615,CW1337673
BP34837,EF56403
CW482214,CW111986
CW663898,CW663898
EH823960,AR6305
BE276312,BE66149
BL83862,BX4926
CW713368,CW946535
BL195371,BL199684
CW1127062,CW1034571
CW835891,CW734695
AL282637,AL356260
CG96323,CG96323
EH911899,EH972947
AN182346,AN193642
DB290381,DB211482
BY628324,BY632741
EH234189,AA163081
CW135378,BE112812
AL260733,DK40823
BN423369,CC159189
CW965897,EH522892
DE174825,BL404912
CG157446,CW526394
CW539151,CW333895
BN368737,BN340986
EG40334,CB93093
DB90801,DB90801
DD181835,EJ13408
CW1169318,CW1010708
AG49802,DS87398
EH831410,EH831410
CW1219024,CW802880
CW108902,CW565912
CW356672,CW419795
CW485778,CW410561
BN324068,AL173589
BY335235,BY553717
EH243252,EH170635
AW209408,AW209408
EH1236240,EH1320869
EH645475,EH645475
BR148314,CN87837
EJ22412,EJ22412
DG30167,DG26120
EH666395,EH986317
DD35153,DD116885
DP17797,DP17797
EH1003345,EH194362
AW171698,AW171698
CW1365817,CW1049919
BY547215,BY537602
CT5863,CT5863
DE167300,CW203199
BN51763,BN69727
BN311862,BL452978
DB123267,CM48450
DE117240,DE93505
AP80588,BD140496
EL69869,AL169692
BL398778,BL416817
EH1212994,EH1207615
EF111594,CC31247
BP50949,BP50949
BB63966,EF64432
BN428747,BN483120
DA105959,DA105959
CW808787,CW1026894
DB207984,DZ64298
ER24957,ER24957
CW441751,DL171797
AN129961,EF55811
EH1029944,DE288714
CA66987,EB33752
DL151080,DL151080
DB313084,DB153288
CJ143844,CJ143844
CW1104776,CW1104776
CW929013,CW929013
BP37360,AN162718
BN537497,BN423900
BL381779,BY633732
BM7590,BM7590
CW1002913,CW939591
CW1219024,CW804661
EH643039,DL211304
CW495460,BL154027
CW783560,CW1063288
CW578879,CW1179660
BE217630,AP64158
AN99507,AN196096
CR15627,AA18207
CG42944,CJ90684
EF145789,DS71477
CJ165704,CJ158637
BY398113,BY390948
BZ43004,BZ43004
CW536728,CW604891
BR172928,BR172928
BY292852,BY219975
EP77797,EP77797
AP11271,AP83087
BZ22255,BZ33239
DA48682,CW126814
CW584203,CW651363
CW233788,CW1328625
BY43150,BY636244
DA100208,EH473778
BR207986,BR207986
EH702591,DE127957
CW28913,CW100965
AZ11604,BR232176
DR106988,DR106988
DB112488,BL277598
CX21652,CX21652
AL155817,AL156302
BL166601,BL234245
CW370361,CW108902
BG28518,BG27491
EH767941,EH767941
BY649254,BY719203
EH115363,EH708385
EL77810,EL78625
EH952415,EH965759
BY456666,CW454528
CC10219,CC10219
CW993773,CW1282328
BN313637,BP40920
DB150234,BN367234
CW521576,CW339059
AN83770,DT87452
AL19136,BD22323
CW1121713,CW760797
CW442660,CW444840
CN73690,BR176650
DW77689,DW77689
BZ32168,BZ32168
BE71908,BE65207
CG133635,AZ7530
AM107743,DB209085
CW909570,AM69189
BN240368,BN435129
BL340712,BR153280
AA210000,EH1059245
BR8483,CG80647
AL51742,CJ134598
BY514143,BY517266
BE114068,BE114068
BY361773,BY368830
BZ63995,BZ63995
BR227686,BR227686
BY29483,BL197998
DA20900,BH83426
CW878625,CW761233
EH266386,EH551853
EF163917,CS30949
CW875368,CW878673
DT137003,DT137003
CW703249,CW594566
DA8132,CW445600
CW281090,CG52698
BL521995,BL390173
DB14748,DB102393
CB42948,CB42948
EH537210,EH385417
BL521995,BN394465
DX13158,DX6467
ER30646,CN84082
EH790291,EL80827
CW640867,CW1104627
CW173003,CW129953
BN471187,BL519779
DF19216,DF19216
EH1012636,EH1012636
CW594016,CW1025570
DD194248,AL173589
AX61075,BN530276
BR172315,AM78765
DE210163,AP62724
EH917120,EH414984
DS84585,DS84585
BN409739,BR210249
CW891670,CW891670
EH332023,EH332023
CW293649,CW176111
BY507036,BE115648
CW1232951,CW1232951
EH605456,EH833026
CX11407,AJ21547
EN50049,CM40018
BY460800,BY456362
AB14050,DL193139
CC107003,BR169930
EL79437,DL156302
CW623302,CW823251
CW678873,CW496101
CW442326,BD67776
DN93603,AW65612
CW602226,CW585842
CJ65218,CJ65218
DA126404,DA126404
EH1189111,EH870745
AT22005,AT22005
DB8837,BR149267
CW833827,CW833827
DB314768,DB314768
EH441918,EH194006
CB59319,AL200357
CW118357,CW272187
BY296603,BY246933
DA103026,DA103026
AL215435,CA24571
ER31078,CW1126437
BY475045,BD138967
EH561680,DT26807
BN213800,BN148981
BE295860,BE304330
CA91534,CA91534
CW931063,CT51028
EP17076,AW208956
EH448666,CB32717
BY379078,BY283841
BN365179,AJ34556
EH288254,EH329508
BN121952,ER4175
BE342456,BE154135
BL217511,BN364847
AL247048,AL241742
BL188653,BL351270
CW111258,CW212558
EJ6356,EJ6356
BP37360,AF13274
EH821439,EH821439
CW96344,CW96344
CW137190,CW874191
EH221161,EH281862
CW1168027,CW906610
BL11158,DX24144
CG129762,CG57800
CG163840,DW72711
CW634097,CW611190
CW581407,CW699690
BE256749,BE256749
CW690742,CW600148
CW1002830,CW898752
CW1138634,CW1094725
CW385847,CW1301784
CC81435,CC95636
CY29508,CY29508
DT155327,DT155327
CW890098,DB97930
AF12193,CM32078
EF240602,DB220755
EH1124103,BL488123
DZ78160,AK66169
BY670089,BY670089
DD6093,EH993808
BE283162,BE283162
CG95892,EH614457
CW959535,CW1348451
CW800774,CW1232951
DA106729,DA106729
AE16810,DY17996
CP38163,EL18149
CW638508,BN148819
DB167967,AP58800
BE408820,AX31880
CW1136775,CW260407
CW493167,CW533426
CW550238,CW529166
CW808983,CW1044383
CW222001,CW651363
EH1099500,EH1099500
EH685245,EH856263
BL176549,BL139217
CW862372,CW268477
BL383658,BY565219
EH862915,CE42218
BL228937,BL186314
EH600000,CW973104
CW946441,CW1101611
CW998298,CW1070675
BL35668,BL34152
CW906540,CW1350729
EH775560,CJ125646
AL44336,DL85889
DB185456,DB185456
CW557173,CW994137
CT17872,AS98044
AN124298,DB59601
CW370038,CW341168
CJ46992,DD160134
DL231355,DL231355
BN357046,BN405725
DB107669,BR76677
BH143499,BL112937
EH234963,DB111885
EH359007,EC4388
AL278949,BC47066
EH668591,BE242956
DD114988,EF126293
EH639650,EH321357
DD28363,AM47083
BN343632,DB224905
BJ31483,AX14269
EH479283,BL230756
CW1221973,CW1235482
BY66273,BY66273
EL55640,EF100573
EH845623,EH948977
BE389151,BE389151
EB65248,BR210249
CW203419,CW86701
CC30021,CC30021
CW548381,CW604790
CW74725,EH407023
CW1223455,CW990278
EH892373,EH892373
AL209601,AL144195
DH46686,EF104966
BE271898,AB4442
BN444848,BN496463
DG66855,DG66855
DB167967,DS78931
BN397434,BN340986
EH899483,DT114816
CW498346,DE94897
BM44510,BM44510
CG24066,AL117207
AW140015,AE22918
EN24925,CG202801
CW87672,CW1356397
CW765881,CW430951
BE170604,AL155616
AA143651,AA164623
EN29937,EM62794
CW1003810,DB260509
DX42662,CH35207
DG48309,DG48309
CW911932,CW491661
BP68163,BE324347
CW386879,EH491869
AA46425,AY42213
AL254970,CL51936
EH504540,EH527436
EH642410,EH642410
AA85932,BY478908
BN376436,BN372588
BL338730,BL338730
EH383232,EH383232
EH739998,EH400205
BY137305,BY191973
CW1140721,CW915134
EH467552,EH478971
EH421405,DD63766
BY378603,AG39434
CW578118,CW124236
BY663388,BY373652
EH457652,EH457652
BY490577,BY490577
BN515231,BW56163
BN275683,DS39544
CW619135,CW602545
EH161708,EH527415
CW707159,CW691950
CW605075,CW295048
BY382582,BY382582
CE36091,DZ49657
BJ12427,BL197078
CW1104627,CW1128643
BE350675,AL261994
CW1196641,CW912093
CW370361,CW1273018
DL56365,DL56365
DE319085,DE319085
EH629832,AM6117
CW1045646,CW315839
DS75699,AA133984
DT39986,EH200083
ED40809,ED26919
EH370540,DN44559
DW34317,BB9907
CW550949,CW127927
BB46564,CS16921
EH871939,EH955051
CW985216,CW1158658
AN90698,CW829522
CY14856,AG56103
BE47029,AL52378
CW529112,CW555126
DN94633,EH321357
EH685245,EH685245
EH983760,CW166196
CW184648,CW935564
CW533531,CW533531
CW1025570,CW327290
BE171847,BE93154
CW667802,CW1138000
EH802612,EH551195
DL169595,BN220785
AN180459,BE369530
DB305844,AX30332
BE462318,EH663213
CJ107893,CJ107893
CW157742,CW294583
CG164560,EH839524
EH490290,BR218797
BN449036,BN191854
AA132484,BR59860
EH753526,EH923798
DE315072,DE315072
BL342485,BR72781
CW221166,DZ9621
EH213052,CH20461
CW334609,CW231806
EH1130063,EH1130063
DN147142,BT10245
DB244337,DB316395
BY372432,CJ196793
CW713760,CW798485
DE229906,DE4290
DR42944,AX11511
CW157434,DD39423
BN522868,BN522868
DR121291,DR112719
CT29503,EH342552
DL173559,DL173559
DA51053,DA53551
CW713368,CW814027
EM20830,EM20830
BE18581,AN155672
CW146538,CW802260
DN52428,DN47290
DT16206,DT3826
EB56959,EH440621
CW908668,CW935564
EF134195,BL421868
BY610436,BY610436
BN387541,BN540752
EH1153077,EH1153077
BL434293,BL434293
CW896312,CW1190210
BM6593,BM78168
AL38983,AL38983
AA191065,AA191065
BH23228,BH16970
AN139138,DZ64817
BR79693,CN24581
EH872847,EH872847
BL296847,DE329918
EH328151,EH421344
EH108048,EH240540
EH920321,EH920321
BR192583,AP68630
CW1008210,CW1342644
CW872017,AY44680
EH213310,BR113460
CW604459,CW1134596
EH490290,EH429230
EH921334,EH921334
CJ143058,CJ192237
EL84696,EL52534
EH907151,DL211304
CW1245521,CW1245521
CJ115226,CJ115226
BR141538,BL188884
DT133119,DT77153
EM79726,EM79726
BD94198,BD82712
BE224762,EH659569
CC85695,CC85695
AL350345,AL300165
EH966536,EH966536
BN180836,BN211494
BH18638,BH18638
AN81880,CW340776
BR203335,CC159583
BG41252,BG41252
DR3968,AW131781
CJ141006,CJ141006
EH1088914,EH192865
EJ5288,EG58140
EH688941,EH248915
CW278418,CW284844
CW1027906,CW1019984
CT13982,DB137404
EH925353,DK43387
CW515802,BN343273
CP45183,CP45183
BY346451,BY36740
DY8261,DY8261
EH132937,EH146826
DZ78160,AT28942
DL115726,DL85727
DB234035,DB200733
EH850631,EH376295
BL364972,EH729179
EH784578,EF56403
BY390551,AN105670
DB193733,DB319280
DA20900,DE147687
CW1070641,CW1070641
BE235220,BE328804
BR172325,BR172325
BY542419,BY542419
EF159127,BR174150
BB38883,CW162116
AP83848,AP83848
EH269875,DC20046
CM53602,DN94150
BP53564,BP53564
CW1185489,CW1119410
BH61955,CS16921
BC31737,CA20580
ER40424,CG142147
EH223518,EH587081
EH284674,EH455584
EH925732,BN216283
EH827693,EH927551
CW1164209,CW531908
CW784619,CW784619
BH91007,BK34224
AW45324,DR50218
EH1127101,EH1107448
CW871195,CW451755
EF162165,EF173539
BN269413,BN173950
DL220769,DL220769
DZ14961,EH255666
DA110874,DA110612
EH1218665,DN121191
EN20436,EN20436
CA81676,EH466592
DB107669,CW333895
CW1051252,CW932834
CA94176,CA94176
EH332023,EH457974
BH61955,BH91491
CW862372,CW217139
EH231236,EH211762
CC141164,CC141164
EH705412,DE211619
EH712749,DT85352
BM33708,BM37670
CW1084391,CW1084391
EM70184,DB307658
DB122148,DB122148
DB281839,DB281839
BN328735,BN319950
BD142576,CS29544
CN57387,DD116885
DW35455,BE146692
CW1172232,CW1301526
CW376435,CW600148
DE285014,BL410237
EH1062156,BD112806
DB106272,DB56672
EB65248,DE216991
AN148709,BL212832
CW92943,CW728904
EF11724,EF11724
BY332827,BY499639
AS69746,AS69746
DE230374,DN87046
DB107038,CW714211
BR140453,BP11091
BH152228,BH152438
CG130534,CX20518
BD63849,BD63849
CW1029872,CW287954
EH229851,EH235890
CW985565,CW407077
EP17076,AS59834
CW1235656,CW173974
BM67396,BM67396
EH398806,EH309987
BD37855,BD122716
BH86355,BH86355
CW1080569,CW724405
BX15813,DD85688
AK104593,AK104593
EH1118601,EH708144
EH967153,DN111191
CC115325,CC115325
AB28189,CG202801
BL483375,EH668177
BN403590,BN403590
DX39555,BL303543
CR19481,BN333636
BN380422,BN380422
AA101523,AL77201
EH862915,BJ47875
CW482765,CW1070964
EH792902,BS15875
EH1007263,EH508595
BE195441,BL299779
CC117747,DL204717
CW1229250,CW898215
BR148314,AA155212
EH850953,EH850953
CW807539,CW807539
CW952020,CW251736
AL36358,BD29305
BD109402,CT40324
EH516495,EH342552
CC28677,BP50600
EH835794,EH835794
BY720192,BY544726
BF6725,DA6563
CJ38744,AK25514
BY178917,CZ42844
CG148016,CM20656
CW762165,CW491547
AK34619,CM29334
AJ14754,AL129403
CT23159,BK45987
BE75160,BE183134
EH675696,DE288570
BX17863,DL195178
EH820678,DD126614
BE221938,BN322055
CW1036097,CW1036097
EH866496,DL226909
CJ113844,BN508648
CW861035,CW1070675
EH149209,CW78698
CW407850,CW116887
EH1308438,EH233077
CC50314,CC50314
CW1244158,BE39409
CW734328,AM45958
BE251982,BE251982
EM105472,EH245924
CW1123564,CW1123564
DW64264,DW64264
EH419063,CA29237
AL240720,AT28942
AL237708,AL71839
EH388721,EH223518
BR188351,BS15875
CW404131,CW175943
CW808903,CW808903
BR192547,BR57179
CH11776,AW65598
EH1045729,BE142276
EH213587,CA126134
EH104232,DL102080
CW350618,CW298897
BD115153,BD115153
CW687258,CW688772
BH43143,EH597824
CW1226504,CW1173654
BC30005,CW78698
DG24131,DG24131
BY504733,BY504733
EF202983,CM78808
EH1130601,EH1130601
EN24925,AN126323
CW586410,CW175943
BE176435,BE176435
CW5546,CW148515
DL184871,EJ23951
EH469562,EH469562
EH484204,EH262857
CW610619,CW533426
CW93110,CW531667
CJ123288,CJ123288
EH887753,EF45481
EH806934,BL80649
AL208077,AN168168
DX17099,BJ10573
CW243288,CW398539
AK9825,AK9825
BL513789,BL513789
CW975643,CW579985
EH639650,DE172255
CT55071,DZ66920
EH699877,BL504665
CW691323,CW907572
CW597799,CW278254
EH1058512,EH1058512
CW843572,CW966038
CW836948,CW836948
AL155817,AL155817
EF178170,EF178170
DT103618,EH658320
CW835686,CW1352867
BL257303,BR218797
CW1117260,CW1342441
CW414896,CW994137
BN377243,BN343273
CA47672,DE118647
BL521995,DN116516
BN413374,BN124973
CW102115,CW102115
BY314548,BY447448
DB128677,DB250377
BN240191,BN386262
CW869196,CW787457
DT29550,EN47360
DK43536,DK43536
EH257635,BY446541
DE287119,AA185647
DT152896,DB282917
CN78844,CN78022
CW784619,CW1326535
DT9722,EF37512
AL219270,BB78995
BY247973,BY174575
CW394246,CW471563
CW22439,CW122703
EH710183,EH710183
AL101285,AL107339
BR215351,BL203658
CC37064,EF195644
CW370919,CW1292089
EH856375,EH856375
CW930423,CW930423
CW290608,CW290608
CW1048426,CW1021078
CW1089480,CW1289462
CW893134,AM78765
CW85047,CW111304
DB133203,DB99089
EP78850,DD225516
CW461593,BE185610
EH229851,EK21229
AL278949,EH458630
EB6578,CY9127
CW173003,CW154717
EP92577,CB79537
EH459464,EH622632
AL136232,CG154057
CW878905,CW1103658
EN53777,EN53777
CW876736,CW864261
AN129961,AN130752
BN356503,BN356503
ES24134,ES24134
CJ36731,CJ158637
BE429243,BE429243
CR14544,ED25501
DL259010,DL259010
BW34070,BW34070
EH592293,CW472474
BE352505,EH626196
BL220957,BR3520
EH193003,EH197723
EH591892,DL233119
DT18818,DD130583
BL474738,DB198706
BE45201,BE284686
CM53602,BM58816
CW732607,CW732607
AM89332,DX51401
DD119369,DD131723
EH610347,EH563874
EB50207,BL154027
CW499120,CW144884
AN139320,AN139320
EH374362,ED15142
DA64915,DA64915
CW1170601,CW990080
EH589598,DT95987
EH826341,EH621793
BE198340,AS60394
DL236391,DE307228
CW729770,CC159583
DN120460,BL519483
BL59134,BL80649
BE233590,CW1147092
DB106272,DB69304
DK28923,EH362745
CZ33713,CZ33713
BE173627,BE93747
AW195754,AW195754
EH1067528,EH1073769
BH137741,BZ5053
CT59613,EH470249
AL251373,BY377296
EH704163,EH1109327
EH130687,EH321438
CE22283,CE28886
CS33949,CG151258
BY373460,BY186192
DR34136,BM12065
EH632776,EH632776
AA190444,DL269805
DE215547,DE215547
EH222798,BE57173
EH1094463,EH508497
EG33691,EG33691
CW1317807,CW1349425
EH189952,BL171333
AN161384,AN161384
DE274205,DD116885
CW603112,CW1234450
BN184776,BN184776
EH925732,EH348783
AA149209,AA149209
AN161320,AL311555
DE271251,DE271251
BR141538,DL145851
AX50415,EN77314
EH704163,CC58478
BN91438,BY21912
CW358466,CW477007
CW765834,CW524263
DB331029,DB315758
BN272661,AM55688
AL240720,BD160777
BH147335,BR174150
DZ58666,DZ58666
DB28436,DB44435
CW623774,CW759667
BN279425,BN544032
CW1182243,CW1182243
CL49610,DE208112
DB106227,DB104352
BD47234,CZ96220
AK34619,AF13274
AA145073,CZ121627
EH716083,EH488092
BY94153,BY376199
EM105472,AM5896
DB44614,DB4481
CW962768,CW568595
BH54931,BY413488
EH2536,AE14436
CW654537,CW251659
EH900090,AM16698
BR233522,EH918401
CA61374,DX24144
EH747175,EH1027897
BL392493,AX42606
BL340807,DE239037
DL103670,DL103670
BY591374,BN418852
CW510808,CW533290
EH997275,EH997275
CW306698,CW1273018
CW478234,CW303830
EP58999,EP58999
CW889088,CW889088
CW787953,CW759667
BM31412,CW123389
EH504540,EH697544
CW187506,CW519419
EH639650,EH592817
CB28532,CC131345
CW896524,CN5354
BE454883,BE394192
BL432306,BL432306
BY577544,BY360221
CW58618,CW62173
CW1029872,DE269401
CW1026089,CW688772
BP24017,BN337364
EH533095,BE218208
CC33787,AJ5402
ED42041,AP69783
DB106227,DE98619
EH1168871,EH1168871
CW1227491,CW931171
DZ10356,BN307410
DL113082,AL330791
EH702591,AX81335
DB322273,DB322273
EH496431,CG186446
DL175090,DL175090
AG39434,AG58824
CW230429,EF157507
EH998655,EH998655
AL226912,CW959820
CW42309,CW162419
CW1076832,CW805787
CW428172,CW602855
EH893606,EH893606
BY662416,ER24231
EH314112,DB95918
EM60789,BB73862
CW1079579,CW1079579
CW993773,CW167148
CW657691,CW337801
DB171305,AK105531
BL395295,CL49562
BH169065,BJ40726
CA93197,CA93197
BF26826,BF26826
BY662416,BY314085
BL160600,AP63981
EH994579,EH994579
EH603556,EH603556
AN184633,AP13711
EH311419,EH311419
BE227123,BE458310
BN421538,BN298186
AL138036,AL107302
BE271852,EH1311716
BE428215,BE428215
EF145268,EF104966
CW964158,CW304482
EH887753,BL132788
BB3332,EH1183343
DT10054,DZ38270
AK58633,DA50805
ED33457,ED33457
DE82633,AG56103
DA68310,CB93093
AX63806,AX63806
CL39920,CL29308
CA46072,BW41796
CW1062726,CW1062726
BL154976,BL154976
BE27269,BE27269
CW770025,CW735865
AX45496,AX45496
CW392851,BD69812
BY137305,BY117890
BC57906,BC57906
CW111512,CW86701
AL330022,CN57190
EF176929,CA50534
BM29173,BM29173
DA69338,AK89651
BE390207,BE390207
CJ136131,DT173273
BN409837,BN281346
EH790291,EH813186
DE136197,BY80977
BD147840,BD147840
CW1121713,BR163236
DT19878,DT19878
BJ36606,EB68535
AE34889,AE34889
AN37186,CW955581
DA89692,DS39544
AH25428,AH25428
CW609916,CW515226
DE108173,EL11234
BE252398,BE252398
BN385743,BN385743
BN318856,CG154057
EB43915,BL225996
BL288720,BL288720
CG162052,EH502296
DL55745,CC43023
DK36270,DK36270
AM37972,AM55688
CC122232,EH920027
AL350345,AA172119
BY501617,AX70302
CZ120956,EF161519
AW111561,BL193636
EH116471,BL399867
EH425944,EH425944
CB74717,CB74717
AG49802,BP40920
CW785141,CW1063695
CW479996,CW491661
EH752482,AJ21547
CA61374,BZ22946
BY447001,BY155708
BL229364,BL206131
CG175079,CG113057
AY30004,CW846716
BZ33865,BL393821
DT92632,CZ86961
EH195894,DS34119
BR220213,DB185347
CW796173,CW796173
CW734328,CW599753
CT17872,BN272461
CR23598,DX51401
CW627453,CJ38489
BN329294,CM42523
BH91007,DL121521
CE22283,DL199984
BW28732,BE119297
EH658152,EH319648
BJ41388,DS19716
EH851155,EA46937
BY326343,BY326343
CW581178,CW1134572
BY681192,BY681192
EH378451,EH584807
EH1062156,EH592817
DL44394,DL72483
BN176899,BN156816
CW208917,BL180548
CA93142,CA93142
CG190166,CG190166
BR78655,DB109113
DB240717,BY217034
CW878896,CW273466
CW870708,CW669150
EH1272299,EH1272299
EH99894,EH460205
BL340807,AX45168
DA87354,CC25702
CW629462,BD77965
BE336236,AL319895
BY610119,BY293385
CW735865,CW837183
BH133434,EH886797
EF58853,EF144190
BL121029,DE58457
CJ142574,CJ58470
AW156061,AW183768
EH116383,BR49121
DL115116,BY434061
EH149209,BL182975
EH800334,EH800334
EH501045,EH478013
CW414198,CW1042157
DT152896,EH227310
DE198962,DM28497
DX42662,AL193354
BL314561,EF44403
CW247441,CW199889
DG53019,DG53019
CW1195814,CW1195814
EH233499,EH382906
BN362520,AS87974
EH490290,EH1082915
BY265839,DD70129
AL64275,BD29305
AB28189,CM32078
DZ65315,DZ65315
DN128596,EH875028
BY383942,BY610515
EH518763,EH815396
CA62442,EH458661
CW213470,BD12034
CW1201271,CW784619
EH301024,BN307431
CW986861,CW1339407
EJ16045,AA148654
AE14341,BR189176
EH399260,EM67581
CW552913,CW556259
BP61152,BP61152
CW550509,CW380521
CW939975,CW592373
BN343625,BN343625
EH379393,BJ29186
CW313162,CW445600
BZ29757,BY376199
CW637966,CW308361
BC39621,BY279659
BK28969,EH331520
EH346583,CC127514
CW116501,AX17123
EH967153,BN462215
BY152201,EL11234
BL198076,CW393012
BE203485,BE298891
CM41314,EH622632
EH441918,DB99089
CW1134680,CW1301190
EM71250,EM47839
CW215951,CW120696
AB37048,BE151626
CW783615,CW783277
EH467632,EH128160
CW1103290,CW1285768
CW1106000,BY307642
AT13382,AP64158
CW206939,CW231395
CW518470,CW619925
DL175900,EH442724
DD66213,AA155581
EH1000262,EH554638
EF200400,EF200622
CW1085752,EF200326
BN441596,BN441596
BD114291,BD114291
AN79677,AN79677
BN361632,BK39505
BN373485,CG85194
EH741121,EH376280
EH506488,EH309987
EP25493,EH650779
EH421405,EH240540
BR212602,BH182114
CW255615,CW582494
AA155517,CA80588
EH629653,EH629653
CJ85254,CC161552
CW849860,CW1060259
DP45645,EA34224
CW460367,CW1122240
CW935403,CW935403
CW44452,CW268174
DY33239,CW602700
CW238791,CW217139
CW149341,CW97817
BY435597,EN75480
BW14209,BL84019
AN61287,AN80679
CG134870,AW183744
CW630476,CW630476
DA95295,DA95295
EH794454,AN177981
BY514475,BY514475
AF12353,AN22558
EH979375,EH682523
BN553104,CC85882
CW767325,CW1254480
CD22716,CD22716
BJ18961,EF111631
AL46561,AL315786
EH816468,EH330117
AJ3528,AX13529
EH258501,EH206074
EH732787,EH305359
BL398131,DT68730
DR71672,CG154057
BN552153,CB46587
CE57007,CL34680
CW165496,CW222001
BY310393,EP40467
BY397944,BY101132
BR123184,CJ58470
DN123965,AL173589
CW568262,CW873976
EJ25249,BK39411
EH830210,EH830210
AA115256,EH250825
DL138616,CC34295
DL147091,CW467725
DL43230,EH164490
EH1103539,CW1022632
BB80232,CE28886
AL38184,AL94429
DM31115,AJ43515
CW1152470,CW1323696
CA44060,AG41659
BE332300,DP42763
CW501542,CW664560
BM45845,AL253486
CW879027,CW1101611
EH779504,BD111914
EF141831,AM85451
EP97192,BL399361
CL49740,CY24526
BY372994,BY360898
EM105472,AP35297
BE110657,BE304330
EH240374,EH427348
DL119348,EH592817
CC20350,BL80649
BD134799,BD134799
EH489266,EH431108
AL112691,BK39505
CN71587,CN64347
CS34238,CS34238
CW749295,CW934140
AL74741,AL155567
DE206835,DE135204
AL255358,AL114668
EL20729,CZ51547
CW559812,BN308262
CW912209,CW912209
AB44286,AB44286
AD19251,BJ20256
AA164843,AA164843
EH765373,BY287688
CW442660,CW575407
BN281346,BN340986
AA169447,AA171241
BB57652,BB57652
DL57955,EP69358
BL267655,BL267655
CW829044,CW419752
DL215504,DL215504
EH1021574,EH1021574
AN198644,AN198644
CT59613,CW846716
CW693571,CW525422
EH1033703,CH23054
CJ148169,AB38383
DN86538,EH442439
AB28189,DN53691
DB185832,DL205805
AA60261,BN333636
CH50985,CH50985
BD74864,BE214939
DZ63011,CN79722
BY456666,EH610228
EP33053,BZ11582
CJ198073,BN389657
EH516495,AL129674
BZ63442,BZ63442
BE380786,BE260843
EH735060,AL167879
CN35505,CP38120
EH1204122,EH1312115
BL171232,BL160122
CW59558,CW52929
BZ60017,BZ60017
CW864320,CW918353
CW588005,CW963871
DD194248,DD216047
AK153378,BC58554
BL193773,BW38937
EH257635,EH162789
CW142169,CW575809
DT9413,EH1006844
AW89432,BL167803
BE299829,BE299829
EH409586,DT140230
BN409739,BL282678
ES21395,EH245924
CW1170108,CW1170108
CW431152,CW431152
AN89507,AN89507
CW590495,CW203419
AW140777,AW120188
DB8837,DB254811
DN123965,AW140475
BN210598,EH1161355
BN159892,DE86624
AL177759,AL16466
CW817930,CW420469
AL103168,AL310568
BL465282,DL205805
CJ70831,BB43079
CW525022,CW272965
AB30387,CG165302
DN112894,BY558025
EH993056,CL31416
BN381310,BN211494
AW163176,AX80722
AK97282,CW627942
EH419376,BW48570
EH482799,CG13355
AJ35887,AJ35887
CW226501,CW226501
EH213052,CW78698
BR133057,BR213564
BN191669,BR3520
CW1186724,CW823739
EF226256,EF226256
EH544854,CW111986
BY61243,BY262299
EH802498,EH802498
BR125735,BR125735
BL528980,EH1272995
BY458842,BY20295
DD121996,DD84633
EH825739,EH711648
DE292231,DE292231
EF34240,AP8782
CA62531,DL156302
BL65211,DK16911
DS78389,DS48262
CW910020,CW879595
CW996973,CW734695
DG51797,DG52606
EH1028407,EP92577
CW859456,CW859456
CW407850,CW334744
AY22112,DK23138
CW1145433,CW427906
CW1034966,CW309368
CW896524,CW481590
AP12553,CM29334
CW1009083,CW1009083
BN446468,BN446468
EH473298,EH657375
AE27957,AE27957
CW581407,CW475302
AM85552,AL326808
BL282624,BN304602
AW93697,AW60337
BJ36870,BJ36870
BB42501,AN130752
AG35571,AG33637
AL290740,AL290740
AL207969,BP50600
EH866855,EH920027
CW442326,CW647529
EH704163,DT66245
CW256046,CW597227
EF115442,DL211304
CW319644,CW319644
CW1193215,CW732623
CJ36399,AR5782
CW9225,CW318974
BR149304,BK34224
EH258501,AN35216
CW1221211,CW1221211
CW679232,CW756621
DT161314,CN78022
CW911932,CW611439
EH444476,EH684326
DL39300,CE11723
BD87115,BD158256
CW651683,CW200947
CC120622,BW6309
CW1089274,CW794216
BE288593,BE288593
CW991634,DD198590
BN448330,BN448330
EH412412,CW611883
BC57489,BC57489
BY556205,AD16075
EH1131276,EH1131276
EH1054859,EH1127661
DZ52245,BR233217
CW561082,CW86063
CW695560,CW453468
EH418323,BL523678
EH917120,DE107517
EH258501,CX17061
EH866855,CW905652
CW1301526,AN192739
CW313882,BL255612
CW227379,CW329921
BL476954,AN69766
EH622155,BL80649
BE246650,BE246650
CW932972,CW615170
AA127875,AA198089
DL142534,CN81361
DE303845,DE238400
DE177691,CJ136848
DN107083,DT114697
CW177191,CW199889
DN52146,EH488092
AA168279,AA168279
BH147783,BH154705
CW936828,CW1181800
DZ30167,DZ40807
BL250335,BL277598
CW738368,CW738368
CM43852,EJ16498
CW730929,CW1124265
CW989259,CW896234
ER5937,EP4894
AP44518,AN151003
AS54293,AS54293
EH314112,DT26807
CM31518,BX4926
CW1278000,CW1252535
EF126990,BP54062
CW672869,BY335235
BB119379,EM62794
CG94477,DE130744
DE275792,DE219329
CW898215,CW1208783
EH266451,CW973104
EF217084,EF217084
BB103015,BB45367
CE52088,CE52088
EH917598,EH999879
CN52523,AA180343
CG120926,CG106417
CN43728,CN43728
DN56053,BL271131
CA33889,EP26062
EH148983,EH149790
AW169616,BY497385
DH54636,AK120463
CP42515,DS104869
EH160736,EH583605
CW1239045,CW1195961
EM82520,EM82520
EH361157,EH361157
BL301993,DS115405
DE185407,DE71332
EH732050,AN139468
BN263017,BN263017
DE238764,DE306479
CW124677,CW148515
EH860266,CZ87607
DE328124,DE328124
EH348783,AL103378
ES14361,CW899235
BM43473,BM43473
CM65516,CM65516
CW1061236,CW1247512
AA60261,DT81309
DR102675,BL377654
AJ24449,AH22082
CW875595,CW1124265
AL166548,AL170747
AL221142,AL136116
CW441751,DT100576
BH125038,EG15277
CW916745,EF234360
BL414092,EH1295340
CW938930,CW950202
AW126113,AW60337
DD182606,DB183834
EH708998,EH392472
BN418052,BN418052
CW543117,AN96190
BY360005,CN68353
BB54577,CL31416
BN386351,BN386351
CW1065762,CW626735
DL218544,BW56433
CW1190660,CW865829
BL441003,EH224964
EH674835,EH550380
DZ10356,EH1109327
CW5546,CW1045283
BN159892,BR3520
EH37065,EH379219
BY498804,BY498804
CW1170601,CW1025693
CY13736,CY13736
DL28911,DL28911
EF186262,EF186262
EH221076,EH440270
EH234963,EH622632
EH1224954,AW183431
EH420950,EH419290
CW1154381,CW621990
BE171398,AL135843
CW1244221,CL23464
DT105200,AW51196
DS102387,AW122331
DA77505,DA77505
BY418590,BY594630
DD89487,CB80987
EH266436,EH489573
ES21395,CA36169
AW96208,AW94614
DB323127,AA24223
AG49802,AW156990
CW974347,CW1350729
EH931609,EH650779
BE358629,BE151626
AL285381,BN380981
DN128596,AL311555
EH292267,EH187159
DB43560,AA87382
AD4500,AN34068
BN282680,BN238907
AW75624,DL152812
DT124222,DT124222
BR225722,CN96445
EH50303,EH32989
CW1029872,CW244533
BL476954,CC127514
DZ65094,CC28222
BH119034,DR83379
CG42944,CN22974
BY667419,BY667419
AP67200,CG47281
CW1004184,CW1004184
DE83000,CW256427
DB123631,DB12210
CW490263,CW681124
DE212670,EH1226378
EH860266,BN440534
EH1186315,BH103468
EH659471,EH659471
DT9413,CC49072
AK34619,DH32859
BE173492,BE220136
CW254841,AW98755
CW1049209,EF146572
BL352539,BL329992
DB115427,DB137388
AB37048,BL193636
BD86740,CA20580
BY399322,EH576280
CW529112,CW1250374
BL264561,BL442092
CW1157931,CW898508
CW1005163,CW1005163
AN179540,CB79537
CW904265,CW447193
CW559812,CW799387
CW880458,CW1118354
AL14658,AL14659
EF189980,EF28171
CW208185,CW894716
CW483142,CW647529
CJ165257,DX14528
BR50267,BA6237
EH212006,EH345667
EH294190,BH165568
DE182798,CG9614
BL390734,BL390734
EH1159315,EH478013
CW690248,CW690248
BY413488,AK120463
CW547958,CW837799
EH755944,EH1266485
BW35837,BN316354
CW1101841,CW517395
BY169867,BY377752
BY381679,BY588648
DB49385,AA12918
EM25692,EH291505
CW1075206,AN156561
CZ41213,DB186343
BY683672,BY683692
AN179540,ER40280
AW187455,AW159266
AZ18860,AN228071
AA89112,DE208529
EH401765,DE227142
CE33254,CE33254
BH142262,EF56403
CW313545,CW676760
BY544726,BY544726
AN61287,AN45023
EH1034658,EH1034658
CW553678,BN308788
CW135312,CW254626
CW151286,CW151286
EN64494,AF24111
AT19007,BH156604
CW654578,AM3599
DP45645,BE298891
DP52955,DP52955
CW1103258,CW859216
DT92632,BR75434
CW563497,CW338090
CW1365817,CE35351
BB75240,BB75240
BL444726,BL444726
CA95044,DK38002
DN104631,DS41948
AN176040,AN196096
CM19649,DE233425
CW518269,CW251736
DL172292,DL172292
DT76781,CJ202207
BL145206,EH5983
BY390598,BY368830
EH506488,EH283777
EH196213,EH303764
DT94877,BR105483
BL284608,DE201045
EH189952,BN456609
BN317657,EH592817
EH887753,CC28222
EF153703,EF153703
CC91555,CC91555
DR124555,AG50886
DS72058,BR105483
DE291921,DE291921
DS88969,DE208700
CP38018,DZ64817
BN329571,BN311286
EH232635,BR197989
EH527726,EH621793
AS44514,CZ102958
CC2713,BK10682
BE251415,BE251415
DR127003,DR127003
AW154321,AL270247
EK14551,BP17059
DK35955,BN417349
BY394134,BY205691
DT139488,DT139488
BH60277,CJ38489
DT105200,CL48688
CS27549,EH642410
BE176318,AX60683
BE99424,BE22231
AL67261,AL59105
DL249104,DL249104
CW1008098,CW1008098
EG27572,EG27572
AG28776,AG28776
CW908668,CW218122
CW482968,CW568071
BE237381,BE179466
BZ30849,BZ30849
CW568256,BP15556
EF140151,EF140151
CJ35795,AW125265
BY390551,BY446180
DD164420,DD216047
DR93520,DR140963
CG91225,CA124376
BE19931,BL75394
EH294584,EH267429
AW111561,CW1317488
EH511953,EH637545
EH459464,EH560415
CR20058,AA180343
CW387665,BH32710
DW47283,DW47283
EH234963,AA71863
BN467997,BJ10573
DE321283,DE321283
DE74263,BD43688
EH834983,EH818103
CT18001,CN35606
EH568865,EH568865
CW882979,CW503045
BN177252,BN177252
AA117571,AA117571
CD20907,CD20907
CW182722,CW182722
CG96986,CG160700
BL389742,BL389742
CW1184634,CW1049697
CW754553,CW754553
EH352213,EH565147
AX76044,BL142193
BL347852,BL347852
CA117143,CA117143
EH973276,BL427335
CD16235,CD16235
DL241032,BN358757
DT84648,CW196199
BY495669,BY495669
AE15220,AW71301
BD48075,BD124545
CW350618,CW229964
DG49971,DG38703
BL381779,AP64426
BY521834,BY521834
AL316079,AL316079
EH755515,EH1136422
BL274568,BL515444
CC95636,AP56129
EB58470,DN116516
BY645737,CJ161503
BY530659,BY530659
AM88933,AP42576
CW962939,CW962939
AB38092,AA133122
CJ51613,AE32591
BN319722,AS30519
CG139219,CG139219
BE239651,CW231395
BE309772,BE309772
EH926258,EH926258
DD196720,AP68630
CW263342,CW263342
DR140925,DR115108
DL176912,DL176912
CW43788,CW576262
CG146372,CG146372
CW533608,CW264546
EF182732,BP60081
DL211873,DL230835
CW1365817,CW508356
EH834120,EH834120
AD27177,BL81102
AH18074,BW24863
CW568256,CW1195113
BN452330,BN153631
BJ31483,CB59032
AN186617,AN100011
DZ69467,DZ69467
EF79288,DB241315
BY245427,BY197017
CW1010910,CW339846
BN492054,BN492054
CW794245,CW1219989
EM87465,EM87465
BN326901,BN175990
EH704163,AN69766
EH331520,EH409522
CP39665,CP39665
BL391927,EH1109327
BY408420,BY465071
CX11407,BB55197
CW704957,CW704957
CW313700,CW570331
EF126285,EH826580
EH443908,EH469596
CW425187,CW425187
EH718925,DE253849
EL20858,AL77201
AN117936,CS27907
CA14458,CA16158
EH390904,AR6310
CW713062,CW873659
CW733582,CW526379
CW770223,CW560345
BH53627,BB84781
BY64764,CL15887
CW600060,CW481786
CJ80670,BL193636
EH614085,EH753129
BN409739,CW1049919
CW695560,EA50238
CW751035,CW794216
EH870324,BY558969
DB302164,DB302164
CW469499,CW507916
BJ35017,BL404663
BE424322,BE424322
EM70736,EH178043
CM52561,CM52561
CW746652,CW395622
EH851023,EH258369
CC150320,BH132340
DA90461,DT124377
EH285265,EH555815
BE47029,BE260395
BY707557,BY707557
AK8848,AK8848
CW982849,CW779642
CC150320,EH576280
EK14551,DE115161
BE193684,BE142276
EF229841,EF229841
DE318585,AS73674
DM32063,DM32063
AK110778,BY360221
CW288108,CW116096
EF78228,AL190305
BY556580,EA46937
EH391071,EH442439
CA71851,DR82074
DL211304,DL170599
CZ33252,BL209778
CW1117260,CW931171
EH1020856,EH1020856
CW440888,CW612183
BC39621,BE141599
EH1019933,DN130635
CM43596,CM43596
CJ135868,EP73553
CN76262,EP84986
EH1036414,EH978662
CW129278,CW39012
BL139150,BL139150
DP32412,DP25029
CJ137281,BR218797
EH928740,EH651162
CW782194,CW1032137
CW404131,CW266772
CW1056526,CW1332353
AL154967,DA116033
BE405514,AL356953
EH205528,EH281862
AA84269,BL154027
AW150155,CG93340
CW997238,CW1336043
CW293460,CW292413
EH1138041,EH327031
CW884962,CW1082771
CW165496,CW165496
CH50502,BN378856
CT17872,DB140803
AL124295,BC11367
EB44725,AM62502
DE134335,DE134335
CJ127134,CJ127134
AZ12117,AZ12117
EH855278,BR102258
AL147193,BK37531
BE455199,BE423411
EH477684,EH884345
CW952482,CZ87607
BE195441,BL393859
CL51694,CL60934
DN52146,CJ131524
AE21221,AP65136
CW990178,CW380521
BY77346,BY99414
BR149348,BR149348
EF114145,EF131582
CW659934,CW724104
CJ123344,EJ13408
BP61231,DY5565
EH1088434,EH923798
DT137346,DT137346
CW996882,CW621990
CR22045,DZ49657
CW596989,CW611190
DG7437,DG7437
CW769750,CW769750
CZ33252,DT64877
EF134195,EF134195
CM53602,CX17061
DW66589,BR76677
DN36320,DE156365
CM41314,AE14436
BL198076,CW277849
EH95777,EH1176695
DA124149,BF36059
CW774478,CW985828
BR82335,BB117664
DZ45622,DZ60422
EH190210,AW155743
ER43025,DL115405
EH221161,DE155728
EH874034,EH874034
AP41325,CP38120
DL141292,DW30884
CW252040,CW169839
CW875846,CW732623
CW57087,CW40825
AA113661,AK155585
BN447936,CL69294
EH67033,EH66563
CW898215,AA166333
CH41347,CY31890
CL16893,BD37855
AA60664,BK34224
BM45845,DT85352
ED24159,ED45547
CW221166,EC4388
EH779780,EH779780
DN135602,BP33914
BL250335,EP30087
CC12673,EH305177
BY306915,BY90141
BN433536,BN423900
BN219288,BN196252
BN291779,DL210162
BY674285,BY674285
CL54180,CL54180
BG22738,BL279675
BD71529,BD22841
EH269875,EH515884
CT53991,AK42888
AN19878,AW8950
AA201794,BL409388
CG66271,AX8764
CW1052685,CW1023001
DG45989,DG45989
CW147964,CW223096
EH23261,BL105502
AS45365,AS41219
AL308935,CH36948
EH661256,BY314085
CW207233,BE150309
DE274205,DE319090
EF133580,EH1086732
CW330373,CW935564
CW238791,CW935564
AL210719,AL293988
BP51066,EH756965
DT117497,CW973445
CW813858,CW813858
EH860017,ED30143
DT147515,DT147515
EM65529,DD17019
EH684326,EH684326
BY410425,BR218797
CW894625,CW1104627
DA19284,EH181659
CA65327,CA24571
CW735865,CW735865
CW81598,CW1315254
EH955400,EH955400
CW302925,CW499592
CW320275,CW749739
AK113306,AA199006
CW893134,CW320944
CW509977,CW654233
AG48318,AG48318
AA187542,AA187542
CW1116818,CW796355
AX57450,AX57450
EH1000889,BH165568
CC44726,CC44726
EM107337,DN78664
EH515748,EH273509
EH115074,EH288788
CW331778,CW165496
CW1019191,CW1131496
AA101523,BH54346
EH592293,AM19267
CW908668,BY392382
BH86420,BH93328
BL131245,BL131245
BN466448,BN538321
AY15965,ED30116
EH366954,EH301696
DN132837,EH986317
DR85644,DR85644
CJ139929,CJ139929
CW550949,CW1273018
EH1315553,AX55811
AL247609,AL247609
BR84411,BY314085
DN88495,CL34430
CW715853,CW525422
DS17319,DS55479
EE5008,BL31434
AK110778,EH823960
BY495921,BY531786
BY603423,BY603423
CW985565,CW517395
AL261994,AL261994
CW164037,CW507916
CW1180887,CW1316614
BL128592,CA90579
AN160859,DN97904
BZ55212,EG50493
BH71985,BH71985
BN362520,BD112806
CW734802,CW1146129
CW482765,DE142401
EP92139,EP92139
AX5446,EH583605
BP29393,BP29393
EH610347,EH755518
CR10779,EG26395
EH564290,DP36066
BZ12948,BZ4658
DD65015,CH18887
EP47116,BL234245
CW348956,CW1335297
DY16755,CW1126437
DN75475,DN75475
DT145402,DT145402
DN147142,AA132878
CW862372,CW740059
BZ17543,BZ17543
EH346583,EH301005
CW931181,CW272838
CW679851,CW295048
CW733120,CW728904
CW1170601,CW203199
CW1192961,CW1100402
EH9127,EH9127
CW1310331,CW1310331
BY375988,BY375988
CL55104,BY719203
EH54692,EH234230
CG137528,CL51472
CL10250,CL57632
DE304095,DE164654
CP27893,EP90637
CW219926,EM113815
CW365823,CW334744
DK30887,BY573087
CW361232,CW218122
AL114668,DL118221
EJ25249,DB209085
AW111561,BE151626
CW645645,CW310853
CW217585,BL169274
BY425091,BY57782
EL59949,EL30372
EH588270,EH588270
EH205984,EH1107659
EH227071,AL20709
AT27760,DL242277
BN117472,BN167948
CW152735,CW757837
EP69767,EP69767
EH898855,EH898855
CW409313,CW745665
EH735082,DB247164
BY645737,DT153130
BY489676,BY244295
CW233208,CW764809
AH25039,AH25039
EH762752,EF69380
AN146065,AN146065
DB219416,BY351804
EH752967,EH497824
EL56427,BN322055
EK14551,AM85451
EH152769,EH672738
EH732050,AW166329
AL251373,AL112656
BY443207,BY265922
DA110874,EL82912
DL163925,DL170599
BR104828,BR132873
AL204345,AL208460
BH101859,DS69009
BL96707,BL96707
EH200658,EH181736
CW148319,AA90708
CW925989,CW481786
AP61717,CN81191
EH301024,DE143645
BD123310,BD139200
CW606118,CW894168
BE252927,BE174423
BE111434,BE111434
EH595422,EH595422
CW150044,CW150044
CC116994,AN223330
BY232239,BR106996
AD8977,EF124761
CW475722,CW599753
BN311056,BN409975
BH17505,BH17505
DR100829,BE452701
DE162151,DE162151
BY228960,BN295563
CW684196,CW1318430
DS48037,DS48037
CW500329,CW939421
EH325076,EH646584
DB116579,DB210389
EH221076,EH229974
AN63886,AL193072
CW1157217,CW433609
CC133067,BE196742
DB281930,CJ159350
BH140260,BH140260
CZ68700,BR105483
AN74893,EH175265
DE289659,DE140768
AL66454,AL66454
DL201530,DL201530
AP61639,CL47030
CW692727,CW692727
ER22201,BN228258
DL283511,DL220655
DE242625,DE232524
CW719891,CW719891
AN184633,AN85247
CM19704,DB144055
EH391253,EH181544
EH327494,EH327494
AL104595,AL108392
EH704163,AP80586
EN27406,EN27406
DN104911,CB60044
EH549536,EH527726
BY265992,BY161226
EH257635,CJ134598
CW968596,CW1193161
BY672580,BY32083
AL132890,BL187428
BY497385,BY591573
EH699016,EH639090
CW306698,CW127927
BY555825,BR136137
CW1366171,CW1366171
CW528227,CW218404
AJ3791,CW123389
BY424541,BY391794
CW202466,CW531808
CW595497,CW413769
CW470671,CW427007
CW884748,CW920205
DD153942,AW214729
EF84819,EF84819
AN129961,EL12103
CW829044,CW1146129
CW886816,CW556259
BL241341,AM47727
BY185640,DL74928
AM66752,BL299779
CW829044,CW999255
EH1216809,CW1249936
ES23558,ES23558
CW1167362,CW1101301
EF114145,CW761155
EH784578,DT100576
CL38926,BY360221
AL254970,EH473436
DE191090,BL125097
CG52417,AN88444
AX40319,EH301614
BY372155,BY692670
CW103450,CW140993
CN84658,DL258522
BB63680,AW209210
CW1178874,CW890876
CW1015532,CW1015532
AM66752,DB310424
CW1049801,CW931171
CW257241,CW340189
DD128103,DD114756
AL133130,BE146965
BY481772,DN84537
CW356672,CW356672
AL212187,CW749789
EH331520,EH380810
BD109402,CZ31675
EA14836,EA14836
DE174563,DE49425
CW600060,CW615170
EH648192,EH648192
DB37938,DB37938
CW430625,CW398539
BR148314,CC125834
DT121785,DT121785
CW950102,CW964122
BB80416,CG130297
CW865091,CW743613
AB28189,BE107303
EH473722,EH986631
EH108048,CJ90684
BY668153,BY668153
BN525086,EH585306
DM34018,DM34018
EH712985,EM56718
EH817601,CW1141195
EM64251,EA41223
EH179763,DT100576
EH236319,EH110713
CW1022632,BP60081
CW485778,CW996353
EG34410,BY405467
CW568256,DP43062
BH150502,DS69009
EH686666,EH686666
CW807618,CW344867
EH917101,EH917101
CW615442,CW507098
BE47029,CW111986
EH213052,CC62272
BY56086,DL61636
BE418668,CW977987
CH50502,BL421868
CP27893,BH132340
CW1064477,CW1064477
CW733120,CW84345
CW158598,CW339059
CG113164,CG113164
BR192547,CW993773
CW1134570,EH206074
BD132015,BL284122
CW750554,CW127927
CW1233743,CW564407
AN98626,BD92705
AA167454,EF162743
DL121382,DL95928
AL137351,AL236486
EF145268,AW209210
BE441725,BE441725
CW623302,CW503045
EH926717,EH560280
AL77899,AL77899
DB244817,DB246814
AA96092,AA79157
EN56259,DH45379
CW449010,CW419754
CW806259,CW1018706
CW1150110,CW667417
DL177947,EF126293
CW977987,BR163236
EH794865,EH794865
CW1158777,CW1182829
EH528941,EH733043
BR215351,CC127514
AG37137,AG37137
EF164830,EF164830
CW864325,CW692537
CG109093,AA133122
AM88933,CW575679
CW574525,CW600148
BW27427,CA11753
AG36431,AG36431
AM86080,CW647529
BY389519,AN112934
BD94198,CL34430
EH958108,EH958108
BY569278,BY569278
AL320106,AL124784
AM45510,CW1179660
CW53799,CW124750
BL396460,BL396460
DB171305,DB171305
AW182036,AM85451
CW75811,BE72627
BE355597,AH3030
AW180489,AW181004
CW102115,CW1159813
EH477815,EH304960
AN77197,AN149213
BL166601,BN215465
DN85111,EH214039
EH594430,BY619081
AX72059,AX55737
EH1072918,EH1072918
AA144793,CA80588
EH872841,EH872841
EH630724,EH285265
EN56037,EM35365
DN105420,AA157062
EH177316,CM20656
EB66430,EB66430
BE351892,BE276508
EH941105,EH941105
EM36220,EM36220
CW975253,CW975253
CJ59785,CJ161871
EH816468,AK110778
CN74246,DB246104
CW729770,CW770474
CW365787,CZ34056
BH128509,BH94638
EN50049,CW231395
EH794179,EH794179
AE30202,EF162743
CW238637,EH235890
EH504540,EH680454
BN416978,AG41284
DN107083,BP40920
CW1152605,CW1152605
CW293435,EJ12672
BR189077,BR105483
CW869196,CW781404
CW849212,CW849212
DD21544,BC42725
EH775560,CW893573
EL69869,EH417773
EH831428,EH831428
CW907332,CW688507
AL172808,AL234194
DD185648,AP72652
AM48291,DD76310
BL493441,BL528015
BY238372,BY185640
EL33657,EL31051
CW998298,CW592873
BL434360,BL434360
AL45729,AL45729
BN444848,BN440534
DK41854,DK41854
CW817738,CW546218
DR17457,EH317809
DD84655,DD83173
CD11013,BY76804
EH1098672,EH938996
BY475045,AP64158
CW460367,CW398539
EP86628,DL229054
DB258664,DB52460
AN76990,AM51356
CW983137,CW983137
BK40059,BK40059
DE50362,DE120945
EH704163,EH1082915
BD95677,BD129101
EM46832,BR76677
DR73281,DR73281
AL133900,AL133900
EM80120,EM81079
EM37571,EM37571
BN182089,BN82439
CW1155681,CW959464
EH531592,BR65434
DG41973,DG41973
CW998298,CW934140
CW882979,CW886013
BY175107,BY153988
EH396888,BY89818
EH137341,EH180326
EH208533,BY165573
CW465911,CW618305
BY715818,CC62272
BY308593,BY391794
CN64347,BE219529
DL98305,BE360563
DD101556,DD101556
CC33787,EG31767
EH995975,EH1101133
CC128037,CC119579
AX44038,EH550976
CG182084,CG139276
DB307037,DB302368
EH955400,EH607313
CJ136719,DW34571
CB56930,CB56930
BE431779,BE457642
BX21986,BX21986
CW479996,CW611439
AB39971,AB39971
AP65136,AP65136
CW916745,CW1134596
CE31022,CE31022
DB88256,CW509829
DE82633,DE127114
AW183228,BR184986
DD68285,EH1060898
CW479996,CW851572
EH845716,EH845716
EH147315,EH22185
EH708068,DN123519
BE217630,DL91745
BY466701,AG39434
EH981773,EH1027897
EH257023,EH128325
CW962941,CW962941
CW527764,BE47198
BL460146,AA104774
CW1000576,DD118325
CG109093,DB98046
AW206449,AW206449
CW567287,CW760610
CN78856,CG137528
BY603501,BY386189
CW645645,CW493543
BN291779,BN291779
EF78417,EF86037
CW465911,CW439605
EH134705,AS27554
EH561885,EH410610
EH1316677,EH1176877
AN69344,ES14825
AP44535,CN91126
BE39656,AW155743
CW879712,CW879712
BN83386,EH570671
DL132713,CN12735
DE196608,DE196608
EH635994,EH527741
BN417416,BN367234
AB37048,BH78644
BB54725,BB54725
AX29690,AX29690
EH961360,BE57173
CW703249,CW847690
BL193667,BL193667
EH951737,CT41820
EH328795,EH328795
AW171375,AW171375
BN422941,BN74134
DE284577,DE284577
CG139134,DE319090
BN496396,BN496396
BW32217,DZ9593
AA136081,AA166637
BH13000,BH13000
CW404131,CW1090658
CW724721,CW231746
DD74863,DB200733
EH1024217,EH749742
BB79054,BB79054
BE217630,BN364847
EH1109150,EH1109150
AP91015,AP91015
CW251291,CW717338
EM101881,EM101881
BL493899,CR27079
BL308017,BL308017
CC99831,BH99038
CW613306,CW550610
BH128846,EH874998
EH195894,EH480220
AL30699,AL356624
EH885647,EH885647
CW1017523,CW1050516
EP61037,AG59675
CW865662,CW674321
AK31596,AK31596
BK44694,EH425671
BZ59658,BZ59658
EH475544,EH504188
AS61598,CJ69608
CW854731,CW184771
EH603807,EH476428
EH254449,DZ55629
EN24925,DB268682
CW151254,BN54582
EH708998,EA48386
DT93880,DT93880
BH157414,DN130027
DD74863,CB54469
DE265324,BA8627
DB165845,DB101348
EH1047897,DB291474
EH629468,CW610167
CW166196,CW334744
DN107083,BZ55524
DN86526,EB69887
EH337284,EH491869
EH153028,EH473778
CW1024308,CW1070964
EH509536,EH621518
BE110657,BE91911
AR6368,CW151254
EH550936,EH208050
BL325757,BL228388
BY371426,EN45020
AN207907,AN207907
DB235061,DB235061
EH994868,BN315455
DB232880,DB232880
DR29197,AN73521
EH236319,BY170119
AB42628,AB42628
AK6592,CP27229
CW133457,BL73291
CW565978,CW684804
DD125933,BR81884
CW151254,DD26331
DY23960,DX19605
CJ99176,DB280107
EF204317,AW209210
CB21844,AY10443
CA93009,DL279518
EH1038740,EH254314
BY433214,BY328834
CW976401,CW976401
CW972453,CW589269
DR110373,AW170709
EH293702,EH917571
CJ2739,BN248382
EH1020495,EH528673
BL267584,BL371939
CC99831,BH151572
CJ142021,EJ23951
EH247270,DN78339
DN129793,DK40823
BY518177,BY518177
BL495421,EH687038
DP3822,DP3822
AN90532,BG21045
DE120389,DE191441
AG56398,AG56398
CB85980,BL204955
AP69088,DN114579
DB185426,DB85073
EH331520,EH331520
AN160859,AN168168
BY691376,CJ134598
CW927999,CW592554
DB53986,EB45789
CW725819,CW825231
EH274892,EH227310
EH467632,EH699501
DT83945,DT83945
EH515748,EH388714
EH970997,EH970997
EH1268356,EH1268356
CJ190662,EM35365
BY282093,EM41375
EH122912,EH122912
EH321861,EH281862
EH247111,EG15277
AS36848,EF57349
EF128856,BN357943
AS17947,DL199216
BH57513,BL130073
BE379556,AL243163
CW410267,CW203953
CW455959,CW746583
EH706326,EH706326
BR154648,BR105483
CA117143,CA24571
CL52864,CG137528
CW251224,CW251224
CG124558,CM25074
CC80586,DH35407
EB32501,EB64393
DP49363,BB48459
CC74315,BE154383
BY278699,BY350274
EH427348,BL113996
CC133297,BE175720
EH639650,EH639650
DH57404,DH11085
DW11240,CL8776
EH1061134,AS90165
EH592293,DS89531
BY451157,BY394134
CD10456,AN64513
DR150899,AM52466
BY478582,BY478582
BY234845,BY379828
EH451788,BX18915
CW540487,CW154512
EH702591,CW673567
CW1211360,CW902554
CW177434,BN481253
EH704163,CA98010
EH882604,EH652263
CG35162,AB25119
BY578833,BY517266
CN52523,DM28497
BE276312,BE276312
DA89692,EH784706
DN52146,BN402572
BY532247,BY368830
BL208403,AL31744
AL74741,BH94638
BL397157,AJ46009
CW966697,CW1099568
EE5008,EE5008
CW327867,CW459305
CW499678,CW699065
CW222001,CX17061
EH704209,EH704209
CP17561,EH166809
EH506055,CW845123
EH496787,EH666160
DA51312,DA51312
CW645126,CW498411
EH148983,EH764039
CW74916,CW153915
AA113631,DE151670
CJ80670,BH78644
CL48076,DP43062
AL74469,AL74469
CW471439,CW846991
BY131682,CB14237
BE34193,BE4573
EH153297,CM23599
DB85860,DB85003
BY191707,BY262299
CW1020874,EM56718
BH128302,BH128302
BB37553,AJ21547
CC81065,DA87962
AM86080,CN22974
EH614273,BH112553
CW915134,CW915134
CW440888,CW787935
EH888233,EH888233
CW293624,BY71965
DZ10356,AN69766
BY84541,AM72164
DR98686,DR98686
EH671857,BL241067
EH213587,DE62670
CR15627,AM15684
BR65226,BR65226
CW148319,CW1207219
BY291534,CG43589
EH1048998,BN386538
CW1134570,CW795339
EP69790,AK163581
CW800326,CW553195
CW806196,BN380981
CW370361,CW241241
BP34837,DE195868
DZ66646,DB275066
CW1003810,CW955581
BN368836,BN98389
CW527382,CW527382
CW966635,CW606243
CW733120,AG42124
CW639067,DE212670
CA73341,BY633732
BY191281,BY82043
AH16932,CZ29014
BY383163,CC74568
AW166575,DD75754
EH931609,EH162789
DL142534,BL112937
EH625934,EH408337
EH489266,CC71527
BL476954,DZ66007
BN518406,BN474709
BY528269,BY287688
AK17260,AW138617
EH615083,EH81391
BR136336,DA120102
AL243429,AL189080
BB74569,AK160079
EP77797,BX23197
EH815527,EH473436
EH616577,EH579953
CW1294754,CW1294754
BY163278,BY645168
CW543269,CW1357323
EM91885,DN75806
DZ47457,AS87974
AT8480,AT8480
EH857910,BM5630
AM58379,AM58379
CW698800,CW602700
AW111561,DE154601
CW363820,CW416679
CW672611,CW378497
BN311862,BL339184
BL301230,BL301230
BY530088,BY530088
CW579055,CH40237
BZ28882,BZ28882
BR43328,EH240540
BN320596,BN320596
EH221076,EH420549
EH444618,BE146965
DL138616,EH1235532
CW893134,CW879595
DL199224,EP53411
BR171041,BR171041
CW760615,CW760615
DB222012,DB122127
CW558110,AH12300
DW3898,CD2698
EJ23951,DD186768
BH171451,CW1195824
EH600776,DM26299
CW163592,CW126042
BN243410,BN243410
BN231161,BN413587
AW182102,AW182102
BL299780,BL299780
EH105492,BL321009
BL384906,AA169583
CW1099794,CW1152046
CZ19942,CZ19942
CN58726,EH646051
BE329908,BE101251
BE257674,BE257674
CW243288,CW615170
AP7291,AP7291
BL123562,AS45560
BL365074,BL365074
BY571518,BY222155
BN492903,EH878493
DN125150,BH110749
BR137863,BR137863
AN179540,CW654110
BC45448,BC30516
AW182036,AL112656
DM8159,AM55688
EH785199,EH785199
BE355597,BE138198
EH808287,EH256670
CW249892,CW768051
DL269632,DL269632
CW613612,CW1127590
CA122669,CA122669
DX39555,EF144724
EK14551,CA50534
BH119010,BH119627
EF81691,DB154632
DK19970,DK19970
CA83553,BK24914
CW533512,CT28649
BP22154,BP22154
DN105420,DN140107
CW917113,CW842057
BR111160,BN144395
CA105812,CA105812
DN147142,EM73739
BY408420,BY344273
EH899404,BL152559
EH941617,EH941617
DP38284,EF138191
CW675891,CW554611
CB46441,BH91491
DS63819,DS63819
CW760241,CW904265
AW160829,BD109017
AD27177,DS88062
EH666701,CC100891
DH54636,AM19267
BN466916,BN550204
EH292467,EH386310
AL108527,BE107303
CW319087,CW741581
CW969137,CW339059
EP25493,CM20656
CM42185,BD90963
CW184648,CW268477
AN90532,AW116290
CW1049836,CW735865
BY564553,BY553717
CW433156,CW311465
CW890389,CE44746
DB65034,BH93328
EH507293,BE413874
CW692727,CW719599
CW550509,CW507696
EH431830,EH428944
BD106934,BD106934
EH177283,EH771411
EH592293,CW1089245
BE266151,BE266151
EL57630,EL57630
EM10989,EM10989
BY481462,BY686074
AN157765,CJ147610
CW306698,DE8544
EH378125,EH955093
CJ87560,CJ87560
BY122222,BY307277
AS24155,BL157665
BL252581,ED25156
ES12342,DX29395
AM88933,CZ105639
CW998298,CW560090
EH213587,BL132788
AN13085,AN13085
CW143215,DE113376
EN46847,EN46847
EH489266,EH921109
EH575902,AN117936
AL108527,CM32078
CG22291,AS87974
CW395672,CW346154
CW1290413,CW764053
EH519800,BP38296
CW1042516,CW1042516
BY376366,BY426570
CS14102,DH21645
DE216209,DE216209
CA83553,AP13711
AL49441,AL49441
CG162092,CG160700
AA45439,AA56628
DA111085,DA111085
EJ23951,DP42763
BL322869,BL411462
EM94093,EH469596
DL247273,EA54857
AM80778,AM80778
CT48303,CC159583
CW472117,CC68545
CW1257517,CW1257517
EH611919,EH807770
EF230021,DL220655
CW890098,CW320944
DB184357,DB211018
AL20137,CW51603
EH549536,EH549536
EH826177,EH1204526
DT106198,AW97693
CW227002,CW359930
BY456666,DB86365
BK45399,CW728904
AW182036,CZ59850
EK14443,CD14403
CC130167,CC130167
EH538446,EH288960
DB53986,AS27554
EH823960,CE51226
CW190182,CW81863
CW526581,CG129762
CW841079,CW1329056
CC118788,EF175300
CW488994,CW560345
AK73210,AK35755
CW1076847,CW748539
AP8405,AP8405
EH594293,EH1090428
BH120509,DN133290
CW563497,CW377063
CW1085040,CW1349880
EH541670,EH250825
DN41449,BL216701
CZ46300,AN52393
BL290014,BL214982
EH211812,EH208050
CW1009083,CW1357387
CP38367,AN54990
CJ85017,CJ85017
AL59121,AL99034
BN269716,AP4941
EH1118494,BZ41530
EH655085,EH1062963
CT30695,EH245924
EH278065,BY376199
BJ18961,AL52378
CW121117,CW783241
BR194895,AL148152
EH741121,EH352026
AP69740,AP69740
EH703938,EH298184
CW1307243,CW471563
EH177316,EF56403
DY16073,DY16073
DL206636,DL206636
BP58302,CW732623
EH651101,EH651101
BH80806,BH76495
CW55672,CW864411
BB42501,BE63985
EH653585,DN27423
CP46981,CG137178
BJ18634,BJ18634
CW691419,CW691419
CA55223,AM10632
BN472925,BN243410
DL184871,DL279518
CS16850,CS16850
DN77256,EH1137510
CW293624,DT100576
CW778974,CW778974
BB72857,BB72857
EH550872,EH431108
CP26782,EP90637
DA118678,DA110780
DB239878,DB153288
EG41205,EH388714
EH346583,BL219910
EB58470,BL506290
DB137922,BL279675
BR122396,ER28821
EF182732,DL67396
EF159671,EF159671
DT120442,BY492650
EF166845,EF121571
EJ20857,DD85688
AN9563,AN9563
BH142603,BH142603
BZ22255,BL166957
CJ178297,CM23096
BY77464,BY62141
EH971001,EH971001
BE252406,EP64728
CW738865,CW1285699
EH704163,EH299713
CW991634,CW852414
CW215349,CW1058010
BL48219,DK10283
EH1055696,EL77669
BN462009,BR106680
DZ47457,DZ34820
DD129832,DD129832
BC39621,EH245924
CB81733,EB45789
AS87476,AS87476
EH510447,EH510447
CW864169,CW543412
CY16112,EH149027
BB59569,DW30884
CW424949,CW492967
EH632868,EH637314
BH16518,AT5411
AL256460,BR153280
BR160326,EJ23951
EH346583,EL31786
EH538825,CW888746
EH285265,CX13422
DL230239,BE180960
BN71138,CG42753
CW356638,CW600977
CW1078687,CW1078687
DW33378,BB77666
EF73631,EF131606
BE341130,BE341130
AL86389,AL86389
CW679851,DZ55629
BN315808,BN517148
DE294044,DE76903
EH516495,EH146826
BL329400,BL239315
DB169275,DB310424
CW482765,CW433609
CC113492,DK17622
EH1317318,EH1317318
EH379393,EH233961
EH957431,EH331520
BL236483,AA108294
DH57508,EP30087
DB183115,DB328495
EH613643,EH751891
CA75755,DM22571
ED14889,DE108687
EH1154828,DD88940
EH864495,BR213564
EH1000262,AB12971
AN160623,BY580078
CW531371,CW521941
CW488994,CW461778
AN138734,AG59675
DD161510,DD164437
EP82473,EP82473
EH1017328,EH835427
EH246448,CJ128282
CW307449,CW307449
AL244412,AL238267
CW5546,CW610319
EH568865,EH1281802
EH179030,EH519520
BL458041,BL429955
DE270746,DE231201
AL274784,AL274784
EH414043,EH414043
CW862372,CW935564
EP95537,DE162558
AT13382,AZ10483
BP26555,CN22974
CA73341,EF149374
BN518427,BN518427
BE202417,BE202417
AM85552,DD165353
DR84257,DE238400
BB42501,BE157097
EA31139,DE130744
CG22543,CG50682
EH759188,BJ34804
BL135409,EH440311
CY28711,CY28711
CW914508,CW615170
CW893281,CW511552
AX44442,CL54554
AP75842,BR60230
BZ22255,AP35297
CW655785,CW705591
EH285265,EH310964
AM88933,CW480362
EF209846,EF209846
AX59327,AX59327
CW893134,AM53419
CJ10702,EH247373
CB32958,BE160362
BY503853,BY503853
AA80276,BY250058
DB111753,BD18116
CW539401,CW533290
EH752482,EH802835
EH396888,EH396888
DT43386,DT98052
EH132937,EH342552
BL466594,CW1175165
CZ74430,EH419118
DB94124,AR6305
CC90061,BL154027
BY381679,BY551485
BB80232,EH1079819
EH583494,EH583494
BC57530,BR195893
EH851142,DP17797
EH344668,EH344668
AW180250,CG98509
BZ66285,BZ66285
AW125069,AW166511
CW521719,CW519419
EH537210,EH405290
AA183258,AA183258
BE310844,BE57173
CN74246,CN80083
DB73297,AW189841
EH698060,EH752695
BY429421,BY434061
EN37094,EH344197
BL435080,BL435080
BL340807,DE131511
AS59834,CP38120
BH61955,BL149197
DS80151,EG15277
BL366940,BL366940
EH966712,EH584495
AK97008,DY19206
BY558849,BN372133
CW162512,CW250857
CC102694,BL182975
BR136336,EN58195
CW439955,CW268477
DD36521,DD36521
DL169551,DL169551
EF130613,BR125481
BY461320,AA71863
BN240634,BN240634
CW109119,CW108029
CW590718,CW590718
DW35209,CM61300
AL153291,AL153291
DD108796,CJ123274
BN235634,BN293437
CW735274,CW899755
CW732422,AN68194
BL455946,BL472765
CG157446,DD131908
BR160716,CJ159778
BE336405,BE336405
BL202621,BL356138
EG56231,EG56231
BE86416,BE86416
EH448666,EH1271762
AP67200,EA50238
BH86420,BH154509
CW679851,CW1324975
EH880976,EH921036
BY408420,BA8627
CW670671,CW670671
EH569286,EH569286
CW728881,CW43257
CW467416,CW380521
EH974226,EH974226
CW760241,CW412585
EH716083,EH442330
BB37553,EH238244
DB137922,DB129961
EH546829,BH99115
CG139134,CG117385
BN386994,ER27470
DE175509,DE175509
DP26597,CE13921
AP52529,AB30198
BL143824,BL132788
EH845976,AG50886
EH176153,EH176153
CW779730,CW779730
BN60547,BN60547
CW366848,CW653275
EH815527,EH331681
BE373027,BE392185
CP39697,AM69102
CC126285,CC128712
DZ63011,AA164934
EF56195,EL43284
BL462616,BL462616
AA101523,BL277598
EH428347,CZ30626
EH1157853,EH1157853
DR93313,DR93313
CW846398,CW846398
CE41042,EH481106
EL56427,CG92211
DN25680,DN25680
BC57599,BC57599
BH172088,BB36126
EH661256,DZ55629
EH1069624,BL290404
BW28732,BW28732
CW387665,CW1074055
CW218712,BL161844
CA108405,CG147013
AN107645,CC85882
DZ65094,EF45481
CW595381,CW449010
CP18451,CP18451
DE310910,EH927410
AL175969,AL330791
CZ91404,CW640036
CE44622,CE44622
EH752439,BL339184
AN166546,EH977571
EH405422,EH205681
BM67362,BM67362
BY231179,BY233341
CW703249,CW592554
CW466981,CW421589
CW1042134,CW1075206
EH414087,EH245924
EF135929,EF135929
EH916124,EH916124
CW1073079,CW491547
DB193184,DB49594
BE209449,EF238946
AL77660,AL77660
CJ138804,CJ138804
BL302788,BL113819
AA92685,AA116976
EH642410,BR133928
CW1024308,BL260160
DL130829,BR59163
CW959464,CW422425
BL395295,BL263370
AN155057,AN203852
AN198800,CC124664
CW403359,CW611883
BZ33341,BZ33341
BY258516,BY279340
CW728954,CW430686
AW182036,BR81884
DA71941,BC42725
BL49086,BL210328
AW182036,DY8413
CW1142354,CW796355
BL190863,BL167582
CA105502,CA105502
CW22439,CW22439
EH303460,EH303460
BL369303,BL369303
CW387665,CW222001
EH414087,EH376204
CW86355,CW127296
DE233879,DE227846
DD65015,EL48301
CW506221,CW83071
EH294190,EA54857
EL79178,EL79178
DN128596,BJ47875
EF90495,EF33501
BY462337,BY344273
BY528355,DK35440
EH397313,EH642862
BN169769,BN254636
BL103333,CW334744
EH806977,BP49647
CA73693,DT128152
CW162116,CW421589
EH358213,CZ88621
AA136491,EP64728
AT26691,AT26691
CW127927,CW108902
EH1134116,EH1134116
EH326584,EH181544
EH1138041,BN278413
EH718925,BP49647
BZ22255,AL52378
DB176146,DB195846
ED40181,EH642410
CW893281,DP34115
CW218379,CW570953
DZ65946,CB30434
CW1140326,EF200151
CW1072737,CW208798
DD150280,AA192243
DL256405,DL256405
CW750554,CW108902
BY715818,EH1235532
BL267309,BJ9703
BC30005,CH20461
BB87558,BB72779
DB140810,DB153288
BP18718,AS40094
DE176397,DE96028
BB46564,BL149197
CG76010,EH1315553
CW536972,CW306197
CW1243226,CW1243226
BN527562,BH172732
CW1045957,CW1045957
AJ25658,EK18792
CW610619,DD17019
EP64842,AX8764
BW56855,BW56855
DZ8594,DZ8594
CJ99933,EA43302
EH195546,EH457974
CW296756,CW445600
AL101285,EC13018
CT30695,EH376204
BN361787,BN463049
CJ155446,CJ155446
CW454439,CW694228
EF121667,BC56559
DN133280,DN133280
AK24930,AK24930
BC60756,BC60756
AP22277,AP22276
DH59628,AZ13019
DH54636,DP43062
AN19878,AN19878
EM33670,EH570671
EF119040,BH172075
BY238356,BY5628
EH213587,CC28222
DB230876,AS78981
EH826341,EH549536
CN55356,CG72355
AN99507,AN216436
AS78983,CN95067
EH1132050,EH1132050
BR94326,DB129422
BN424781,BN304305
CW875325,CW390329
BL252581,EH840811
EB38685,CW231746
EH418323,EH444618
DE233119,CB93411
DL221232,DL221232
BL464228,BL394161
BY609671,BY465047
AX40319,BL242130
CW604706,CW604706
BN553104,EH592817
DZ63791,DZ63791
EH1039260,EH1311716
DN86046,DN75806
BP37654,DP43062
CW1114059,CW1055602
CW1067934,CW1349452
DA86202,EH901816
DB150145,AA146042
EH779002,EH779002
CW128277,CW128277
EH179763,EH650779
BL385304,AM76296
CW1260064,CW734568
CW1211360,CW1104268
EH556380,EH617661
DL241511,DL220655
CW222655,CW200947
BZ18850,BZ16409
CG52417,CG132414
AK87747,AK87747
DE88293,BL54567
CW1261583,AW172784
BN231065,CW124236
BN466916,BN466916
BR171838,DB320373
AX50415,BL132788
EH752695,BY486550
CW495460,CW667131
DR131678,DR131678
DH17063,DH17063
DS83313,DS71641
EH635994,EH285265
BY527951,BY340302
CW1066612,CW1331869
BL250361,BY411984
AM65919,BN311056
CW232491,CW307063
CW120336,CW844704
BL245952,CW305427
BE307791,BE168496
DN41449,BL138829
DR63063,AN94436
BY230864,BY90141
CW501972,CW879595
AL189255,AL176810
DD146120,DD146120
AA171681,BD160777
CW1135132,CW886301
EH981773,CW1026894
CC128037,CH65219
DE157485,DE120945
EH904479,EH904479
BD120601,CW511552
EH850631,EH1119284
CW938930,CW231395
DB208794,AG33499
CW835618,CW835618
CW1062518,CW1062518
BY370392,BY370392
BR115894,BR115894
EH1152948,AS101247
EH484204,EH427605
BE160654,BE160654
AB36732,AB36732
AX61075,DL214691
CB29536,CZ29765
BY415790,DZ49657
CW1172507,DA92071
DB94207,DB168061
CW912818,CW912818
EH1005220,EH1005220
DL175900,BE471205
AA146169,BM58816
DE307124,EH473358
AA169666,DX57331
BN530276,BN463049
CW902384,CW579552
AW25270,AW25270
CW498346,CW182216
BN121952,BH118293
ED18854,AG26950
EH1154213,EH1154213
CN37656,EH428116
EH519800,AN172019
DE308195,DE335432
EF52087,EF52087
EH459464,DE116370
CW185489,CW231806
CA92530,CA92530
EP97192,EH956654
BE290864,BL349134
BB102007,BB102007
CN78022,CN78022
BZ47272,BZ47264
BN308262,BN256869
DN142696,DN158205
CE31323,CE31323
DB119364,DB102865
EH939343,BY345047
CW1201271,CW1326535
CN98682,CN98682
CW550509,EH261419
EH62435,EH62435
DB164039,CW770467
CW973090,CW497822
DL178245,DL178245
CW450284,CW58988
EH1223650,BN492903
DR93305,DR93305
CP27229,CP27229
CG35865,CC75864
CW170688,DE175500
BY335869,BY565219
CE49150,CE49150
DB304032,DB167578
CB32958,CB33199
EH668591,EH733638
CW383376,CW1043394
BW36965,CG128534
DE100000,DE7248
DN107083,AW152180
CC90465,BL299779
EH825801,EH1205146
CW1260064,BR163236
BL48711,BT6268
DL230261,DL230261
CW1002806,CW177887
CW425693,CW231806
DL176050,AP64426
DE217727,CN57190
AW120443,AW45408
BN395252,BN399258
DN108124,DN66266
DA118678,DX61178
BL406265,BL406265
CL51314,CL51314
CE19373,BM14706
BY579626,BN324825
DB218162,DB218162
BD117493,BD51307
EH671857,CW441922
BY400993,BY335141
CW1252423,CW1345755
CW994786,CW994786
EH816383,EH621793
DE301006,EF60450
AK98747,AK98747
BY40652,BY60359
CW793049,CW628731
DS88223,AA92303
EH321861,EH423288
EH249069,EH18768
CH38226,CH38226
EH105492,EH331785
DB268170,DD77392
CW579960,CW934242
BD40980,BD134914
CW1103258,CW1337673
BN402518,CF8695
BL476954,CC78713
DX34626,DX34626
CW362608,CW362608
AK78969,AK67061
BD99432,EH379548
EH359007,EM41375
EG20382,BE398520
DB185876,DB97930
CW238574,AF13274
CG120336,CG197653
BL404073,CW878673
EH960557,EH763869
AN90532,BL235182
EH708998,EH429230
BY686641,DB97930
CC37058,AP63981
CW102115,CW1114430
CW640834,CW907572
DE82633,DX33847
BY265839,AN126323
EH1047172,EH532281
AA107317,DT64877
CW727586,CW22439
CW296756,CW524693
EH519800,BE449097
DS118517,CZ35702
EH76700,EH401548
BE237381,BE175291
EH132911,EH110713
CJ153184,CJ153184
CW1153993,CW1118220
CW495460,CW515155
EH359007,DB268682
BH171451,BN491007
CG174441,CG160700
EH533218,BN392009
CW608865,CW1026081
EH498589,EH231056
AE24479,AL144512
BP58302,CB93093
EH108818,EH555185
CW612834,CW612834
CG93340,DE214270
DA107762,DA107762
DP35138,CB93093
AS77661,AS77661
DN119870,DN119870
CW1142012,CW618305
BE386934,BE150532
AL335288,AL335288
EH1166671,EN24926
BW36965,BE138182
EH221076,EH1279835
EH891956,BA17211
CW639067,CW530460
CW118357,CW223096
BZ60024,BZ60024
BY461320,EH128325
BR174019,EF133460
CW1054342,CW1054342
EH736980,EH736980
DD65015,BL182975
BH100985,BH96574
CW1098191,CW258504
DE62671,DE75780
CW997238,CW515155
CZ94725,AX80257
BY599103,BY599103
EH1128535,EH1128535
CW946441,BN308788
CW593628,CW226369
EH845976,BE213462
DD66213,DD70129
BN449036,BN234605
BN409739,CB49899
EH1080795,EH1080795
BL317040,CZ94766
AP11740,CW378693
EH861611,EH952205
EH1114905,EH158229
EF191083,CJ160533
DE102411,AA108544
BY466701,BY411590
BH91007,BJ2552
AN207907,AN85247
CL42432,BW25561
EH683015,EH807770
AS74230,AS74230
BN211690,AN61634
DE245107,BY509603
EH298457,EH298457
CA35710,EP31495
AW180489,CZ47542
CT23538,CT21556
CW417011,CW699065
CW439955,CW453847
DD123055,DD123055
CW736933,CW736933
AN33890,DW30884
EH596565,AY31154
BN370507,BN348076
BL247518,BL321813
CW993501,CW1199132
CW421552,CW705591
CT31255,EH738047
EH864495,BR71846
AL67523,AL115140
CW184648,CW453847
CW383755,CW137807
CR22045,AN101686
AN107645,EH622632
CW358466,CW358466
EP42834,EJ16498
EH145280,CK2114
AL112691,AL112656
AK121180,AK121180
DD65015,CW1221407
CW659934,CW1195824
EH605076,EH500518
CW154784,CW153915
BY346426,BY411590
EH975117,DL185475
BY575508,EH913416
DE212365,AX33562
EH195894,BM58816
AL284335,CK2148
EH537210,BL523678
CW1018475,CW427616
CW748523,CW1190210
CW499115,CW473608
AB36732,EL68984
EF115442,EF115442
CH50502,DL236439
EP64104,DD94018
AL312632,CS30949
AL101744,AL101744
EH592293,EH231056
EH1005422,EH1005422
EH562884,EH562884
CW805787,CW805787
CW548381,EH643039
BS7867,DN41692
BH143905,BW56163
AN175167,AN175167
CW743147,CW909944
BL420138,BL420138
EH632274,EH632274
AL72115,CW320944
CZ51534,CZ51534
BY235221,BY274763
CW166196,CW1330915
DL130829,DL91745
CA35710,CA35710
EH993056,EH432432
BK3287,ED19620
AN155815,AN155815
EH516495,DX33847
BE379556,CW783277
CW181300,CW128387
EH379393,AN126323
EH161708,EH457974
AZ3188,CJ16074
CW340118,CW416158
BR184874,BR184874
EH222798,EH527436
EH295412,EH952718
AX40319,CG13355
BE336632,BE336632
BR137535,BR145449
DE266511,AG56103
CW751515,BN308262
BN500548,BN500548
BY400442,BY400442
BE424746,BE133657
AK98896,AK98896
BR136058,BB103529
DZ69526,AG55397
BL317080,BB59237
EH802592,EH423288
CW147964,CW147964
AA89112,DN26728
AK34619,AK119739
DE274205,BB117664
EH794388,EH830077
BH155358,BH155358
EM74654,DN139565
CW1070675,CW1290192
CW383755,CW161335
DR107541,DR107541
CB71731,AK89958
DE203792,CG154057
BE174026,BE174026
BY398200,DE18196
CW845909,EF176781
EH978701,EH1020372
DB165478,DB164514
DE274205,EH431108
CW836091,CW836091
AM86080,DT28999
BH151762,BH93142
EH141448,EH439618
BE99424,BE107282
CW791420,CW791420
BL386151,BL423536
EH1186864,EH1021001
CW763850,BP58888
BN324825,BN324825
BY290541,CW387933
BY720192,EH782246
BE426720,BE426720
CZ44838,CZ44838
EH379393,DL124411
CW1063849,AK119744
BN298186,BN298186
DB122019,DB203688
CW1235135,EH200940
AL318435,AL108392
DA87354,AG56103
BW33146,DD66380
CW536728,CW765881
DA51288,DA54236
AX77661,DB183834
EH385480,EH861670
CW650570,CW287954
BE348918,BE206336
CW1024308,DT64877
DX26175,DX26174
CC90061,CH25942
EH479283,EH1019648
CW558045,CW1232951
CB32958,AP64158
CP26782,AK163581
CC102538,BB74569
BR84411,BN278413
BR152393,AA162148
EH1110202,EH1110202
EH422841,EH537178
CC102694,EF56403
CW365823,CW116887
CP15821,AH14831
CW672869,CW771684
EL82167,EL82167
DB107038,CW1089245
DD11713,CG31053
CW704699,CW531808
CW1088752,CW1104268
CE45549,CE45549
EH972292,EH449567
CJ147093,BL450525
CG169637,CG115745
BY159016,BY8526
EN59584,BE206995
AL328130,AL336257
CW385847,CW385847
BL473246,BL473246
AA101523,BD112806
CW273611,CW296958
CJ62722,CJ62722
CZ57854,DL147093
CW1173816,CW1173816
BE101114,BE246262
AA167454,EH1027144
CW929749,CW612923
CZ34810,CZ34810
AA180301,CC131449
CW221165,CG44778
CZ68700,BN515063
CW920607,CW920607
EH484204,EH798267
DX5211,EH733026
CP16158,CP27229
DB167967,DB177131
AH16981,AH16981
CW905926,CW445600
EH909205,EH1141813
CJ62658,CJ62658
DR101561,DR101561
BM39865,BM39865
BR204316,BN358789
CG162233,CC159583
BN422298,CW381932
AP79012,AB30198
EH635994,EH322447
CW878578,EF159127
BL374585,BL374585
EF71325,EF71325
DL121382,DL199216
AS47087,AS87974
CB76320,CB76320
EF167088,DB270527
EF145789,CT44943
CA33495,EH386310
AA56628,CA79977
DL151000,EF78748
DB210802,DB210802
DD119369,EH774252
BH80565,BH80565
BH54931,AL193354
AX70186,DL226909
CW616802,CW616802
CW329245,CW536403
CW958742,DT126629
DB207984,DB209085
CW1110254,CW1110254
DL247273,BL138829
DA80738,DA80738
AN129546,AN129546
AX20920,BJ34671
BL9638,BL93317
BY399322,BY633732
EB65485,EB65485
AN30723,AN35216
EH808303,EH808303
AW132511,CA130300
BE166506,CW846716
CA58057,BY703727
AG58009,AG58009
CG106417,CN57190
EH558149,EH987491
EH582373,EH582373
EH995991,EH618137
BY207094,BY207094
CW489957,CW444840
BH159237,CC131449
DE29534,DE58405
BL121029,EH240540
ES23558,EN78185
EH732050,EH729179
EH1120003,EH1120003
DT109961,BL280140
DB281620,DB281620
EH116790,EH130659
DD143931,DK40823
CP41273,EF172821
EL75037,EL75037
CW849860,CW439605
EH983760,EH301614
BN491452,BN491452
DL75051,CL56299
CN73910,CN30632
EF172847,EF160308
DN138679,DN138679
AK83759,DS31692
DN147142,DS86380
BZ56856,BZ60017
EH425590,BH106753
CC58693,ER24231
BN324068,BN316354
DE287302,DE287302
EH250209,BY295423
DR60486,DR60486
CC125185,AX29170
DS86538,DS39544
CJ36731,CJ58973
BR124940,EH585306
CW1043616,CW366696
DR104487,DR104487
CW740280,BL263555
CW954715,EG59342
AN35889,BH39884
EK14551,AS40094
DD164160,DD164160
EP44941,BL119910
BY263969,BY434604
EH337523,EH337523
EH844960,EH515404
CW1174255,CW1030301
DD86680,DD71594
EH743444,AS73674
BR95672,CH36983
CW356672,CW641084
EH1205146,EH778582
AL298836,EH774569
EH888510,EH1298727
EN48159,EN48159
AP70698,AP8405
BP26555,BW56163
BN290032,CJ90684
DH53121,DH53121
ER31511,ER31511
CW219926,EM115910
AA164934,BR174150
EH490290,DR71902
EH473137,EH445952
AL278949,AL220271
AL310402,AL253486
CW944546,CW627993
CW229964,CW387933
AK13120,EH327742
DB247081,DB247081
CW931181,CW931181
CT41469,CZ97572
AE16959,ED40809
DR63063,AH3695
CW596989,CW456089
EP85338,BL326345
BR123394,BR123394
BY635241,BY635241
BY541872,BY498431
EM127374,EM127374
EH293702,EH225065
DB264288,DB188591
DH59378,DH59378
CC90061,BR128365
CW783277,CW792079
EH158324,EH1235532
EH694655,EH360516
DR131678,DR147762
EH212006,BH51331
CC134300,AD7663
EH321861,CW1221407
CW149289,CW341168
AB37048,AN69766
DB256536,BN358789
EH699016,EH550380
BZ10040,AK11930
AW149720,AW138571
CJ75872,CJ183458
AN40014,BD103230
BY685511,BY557122
DE187478,DE149616
EH836022,EH836022
DA110433,DA110433
AL170073,BN411940
AK112575,DB241469
BN350402,BN508648
CN21106,AW118794
BN490362,BN184101
CW789597,CW1219989
BL80444,BL69393
BY630077,BY630131
DN95578,AW157990
CW1099775,AW209210
BE116148,BE381737
AS45365,EP54654
BR90253,BR139393
CW150706,CW592887
CW1140721,CW905652
CW238574,CW390392
CW637588,CW637588
BN155509,BN124876
EM123938,EM93118
BL280511,EP30087
CW499115,BN308262
AL47401,AL78309
BE383580,BE243847
CW584607,CW610319
AL170770,BN390697
DD95751,EP55976
EB31315,EB28538
CW1184634,CW297159
CW658272,CW515226
DA89692,AN85247
EH442077,BL119194
CJ68912,BN261176
CW886816,CW1113062
CW517329,CW602202
BR214254,BM5630
BN370146,BN370146
CW912240,CW19447
CW1124857,CW691419
EA31891,DN146390
AL147193,EH1032787
CW268057,CW751716
EG55323,AA190244
DB150183,DB150183
DD40300,BC26367
CW668186,CW743852
CW493277,CW581030
CL45725,AT14624
EH708998,BH133779
BN537497,BN440440
AA146169,AN130752
CW1134596,CW1134596
CW846716,CW877374
BR215950,EH1023366
CW515771,CW273466
DX13081,DX13081
CW22439,CW40818
AN138734,BR105483
EH801148,EH801148
CY14856,AL143110
CW40760,CW40760
DZ70410,DZ70410
BY560616,BY632741
BH166784,EH645475
BL217345,BL239315
CG122531,CG122531
CW124741,CW124741
DL215224,DL85889
DL256484,CW503452
CW533512,CW1198938
AA164833,AA164833
BL321899,BL321899
EH161708,BG32150
CS24733,CT7196
CW716739,CW716739
DK36284,EJ26420
BE131563,BE276312
CW460367,CW615170
CG72782,CW724104
BN380635,BN387837
AL152757,EH233961
BY419232,BY361060
CW306560,CW1010708
BR62235,CB84333
EB34098,EH840811
CW436617,CW1068503
BL329400,BL380550
CW42309,CW913292
AN97488,DZ17813
EH818103,EL57714
BE395666,BE395666
BB69780,BB37547
BE355242,BE469977
CW135378,CW162116
DN94112,DN94112
BH74757,BH74757
AW186027,DB252153
CW147964,CW269593
AL269797,AL72586
CN37656,AZ10483
EH589914,EH682523
DE250108,DE60450
CW862277,DZ9857
CW548381,EH1115746
EL46264,EG13035
EH798418,EH798418
BR217292,BR217292
EH961139,EH961139
CW629462,CW433609
CC137050,CC137050
DP26597,BY314085
DB36431,DB32598
DR65948,DR65948
BR102752,AG59675
AN39533,AN22558
DL219034,EM104506
CW864411,CW643136
CC138654,ED58004
DE82633,BR123233
EH823960,EH335524
BH61955,CJ137567
CW187506,CW510197
DL150453,BR98938
BE310844,BE138182
CW599651,CW889949
BG48018,BG48018
BR43328,CJ90684
EH698060,CZ76137
DT82582,AN73521
CW287082,CW287082
AW140121,AW140121
EH292868,EH393580
CW147964,CW109376
AL36358,AL64275
CW525022,CW570331
AW140015,AW133011
AL204345,BE107890
BW45601,DE147687
EP39533,BK34224
AM66752,AT28942
EH654918,DL124891
DZ36305,EM41375
CW171077,CW88703
EH629832,EH1205146
CW584751,CW305052
BL193507,EB11296
EH1123074,EH923798
BY321085,BY321085
BY657444,BY657444
BE202417,CC101010
AA194194,AA79157
CH60203,CC116240
EH873631,EH1086732
CW1037068,CW1037068
BE290864,BE452701
CW357548,CW147964
DL123426,BR35978
DR123816,DR123816
EH1040533,EH1110202
CC50314,BY27145
AA148654,AP45754
BL327054,BL327054
BY731105,BY731105
EH775698,EM112499
DE282355,DE207374
CW908668,CW570953
CW177191,CW994137
CW510808,CW1060259
EH468831,EH468831
EH974507,EH974507
BY372804,BY372804
CW639067,CW959507
DS8209,DS101986
CW1117966,CW535240
AN129029,AN129029
DL131422,DL124411
DN152889,DN152889
AL324160,AL324160
BL381917,DT85352
EL75560,EL21230
DE177691,EF126293
EH386518,EH713826
DN67951,DN76821
DA71941,CX10021
DS98391,AA155212
BN338740,BN285294
BE425860,BE425860
BE284336,BE269235
AX61310,AX61310
CW424565,CW172263
EF183662,CM20656
BL137803,BL206131
EH614273,EH614273
ES8097,ES8097
EH1042911,EH798467
DB217712,AN150043
EH677434,EH677434
CB46441,CW203785
AA167454,DB246104
CW824845,CW673567
CG35865,BZ72906
BY601848,CB89263
CW368369,CW284433
CW747739,CW1352867
AK152898,CJ2739
EH94143,BE50062
EH1166583,EH1166583
AA60664,BL74891
CW1182243,CW910838
AA87832,CC86112
AX30517,AX30517
EH1271762,EH1271762
CT41469,CL42086
BY460800,BY344273
BL391927,DZ66007
CW227960,CW309368
CD19146,CD19146
BN397434,BN281346
ER3187,BH5743
BY359146,BY377722
EG59154,EG59154
BE209713,BE209713
BL143824,DL67396
EH447915,BR105483
CW521576,CW161335
CW128703,CW43257
DT66532,EH283777
DT134709,DT134709
EH679247,EH679247
BW32217,AK104664
AL226912,AL126624
EH968834,EH1321343
AW124345,CW359930
BL217345,AA103165
CW208917,CW474148
AB25016,DZ66007
BY378249,BN410314
CW171467,CW82541
CC114769,BE294362
CW1295101,CW1295101
DE76598,BL278537
BY645737,AA94944
BR145823,BR82973
AK34619,DD63766
DE11605,EH907734
BY384538,BE175720
EH782079,EH1110202
EH750945,EH750945
BL174259,DE175500
BY410402,BY347583
AY9796,CA61284
EH955271,EH955271
CW412443,CW359701
EF197271,CA62721
BY343022,BY343022
AN138734,AN85247
EH151765,CW973104
AK142116,DA86394
CW924563,CW924563
CB29554,BD103230
BL178041,BC51480
DE120738,DE81715
BE294984,BE294984
CW293460,CW691950
DB65585,DB92115
CW1086582,CW1357323
CW1103258,CW783277
EH550872,EH367083
BY482541,BD61129
DH54636,CW447724
AB25016,BN307410
CZ33252,CZ114592
CW992858,CW135674
CL58040,CL20275
DD188200,DD67420
AH20015,AH20015
CW963026,AW114138
BY639650,BY743104
BE320433,BE353842
AL43236,CW1027837
EH1231253,BE234591
CW325005,CW78698
BP22576,DJ5647
DB74119,BR157341
DA107446,DA107446
CW932972,CW789525
EH221161,EH931609
CW1025570,CW539837
AK14283,AK37636
EK14551,AW125265
DE267791,EH861611
DL170727,BL290404
CW180090,CW278193
CW465911,CW1060259
EA35184,EA37018
CJ136131,CJ136131
CW1155451,CW1155451
DB119364,DB97415
DL248003,DL248003
DA51584,EH275693
EH1088914,EH392334
CW870708,CW638169
BF28650,CJ138804
CW988355,CW1220414
BL386390,AL126524
EH1067245,DT99043
EH788088,BD132729
CW841079,CW841079
EH604437,EH327031
CW252040,CW315815
CW1055116,CW1052820
CG81924,EH628474
CW404480,CW164601
BE385228,DL232851
CW439605,CW1006848
EP2995,EH228836
CW419469,CW657451
CP38367,AA155212
CW656544,CW543412
AK110778,CZ50351
CW454439,CW326531
CW387665,CW393012
AM17723,AM17723
AP39148,BN440534
BN203204,BN203204
CJ80670,CW407077
BP48038,BP48038
DD65015,EH162789
CW1099775,CW550610
DT126854,DT126854
EH1005739,EH1005739
AW186027,CJ183082
DD194248,DD90591
CW1184634,CW445600
EF157729,EF157729
CW768051,CW768051
BL103333,BR3520
DL99192,DL184520
EF84898,EF94423
EM103727,EM103727
CW998298,CR18299
DP23822,DS89531
BL257303,BL219910
AH16932,BX12753
CW461593,EP77441
CW758081,CW164061
CW675203,BM54326
DA62305,DA62305
BW38937,BY362114
DN75110,DB86036
BE166506,CW1031628
BE195974,BE195974
CW312757,AM10632
BY371801,BR27339
BY146973,BY220236
CW152164,CW477095
BN323826,BN462215
CW990481,CW480362
CG161627,CG155639
AL209601,AL85569
AW140777,AW41308
AW89465,EF56403
EH254449,DT64877
EH323792,EH426808
CW633200,CW1250374
CJ80670,DN109647
DD126817,DD126817
BN213800,BN194087
CW331335,CW331335
CW1307243,CW1170634
EH490290,EH1161385
DA111984,DA111984
EH1060306,EH895329
DJ8939,BL186314
EH681585,EH258369
CW547958,BN308788
BN378497,BN378497
CW877227,BL315353
BY308261,BY102013
DW38605,DE249376
DE230305,CM40018
DL177947,BL303543
EH993056,DT153130
DB207984,AA155581
EH489266,EH780233
DZ44073,CW272187
CL26437,AB21542
EH136102,EH136262
EH764187,DT108942
CW1164117,CW630560
DS38068,DE81034
CE41042,CE35155
BY262882,BY455632
BN425312,BN214106
CC58693,CC89087
EM103737,CW1323696
CW643333,CW1207974
AL112691,BP17059
DT105200,DE208529
EH639623,CG102003
EH149209,CS16921
CC143187,CC143187
BL54696,CW184004
CW720424,CW1036892
CC81435,AP56129
AL217356,CP26010
EH973128,EH937417
BP37654,CN30877
DH47835,EH206074
EB50207,DT133783
BE128472,BE215322
BY691376,BW57720
DA73675,BD64175
DM28588,DD85688
CW513895,CW802878
ES15933,ES15933
CC116994,CA131266
EK18807,EK18807
BY137305,BY180375
EH845393,EH170713
EH1199674,EH1199674
DZ36305,AS40094
BY418590,BY452442
CW110649,CW471563
EP44941,EG23637
CW501972,CW935564
EH177561,CG4769
BE203090,BE203090
BY529949,BN372588
EM109928,BN307410
CW1366784,CW683325
BY422779,BY344231
BL390173,BL390173
EH978701,EH1021093
BD132552,AK49788
BE434485,BE151171
CW135312,CW97817
CW907965,CW1076847
EM91584,EM91584
DB321033,DB321033
BN318856,CW525422
DA112562,CW1018629
DE212670,EH496373
EH1067793,EH391940
CW1065683,CW1065683
EH1128051,BL490252
BY369285,AW120261
DE304929,DE156241
BL118416,CW398559
DA97499,BR102258
DS89567,CW378693
BL217511,AA87314
DR88700,CH2590
BP58302,BL193636
AX27097,AX27097
EM104516,BL166957
AL318435,EH388032
CW993110,CL42086
BY278368,DL128567
CW794216,CW794216
DZ65460,DZ65460
EF47816,AL31416
CW892912,CW892912
CW102158,CW894716
DE150101,DE202244
AL333158,BM9018
EH254449,DB91730
EP93808,EP93808
CW909570,BN311056
AA132484,CW147964
DH41931,DH41931
BY258727,BY137765
AL112691,CW1090658
DH37729,DH37729
CJ99933,BR133057
DL241032,BN333636
AW179985,AP80469
CW424466,CW340189
EH484605,DA21107
BW27358,BE50062
CW568256,CW547078
BR148314,BB80481
BY732726,BY732726
EH600776,EH769815
CW629462,CW295048
CW991113,CW991113
EP15814,EP15814
CZ33713,BY347583
AP12553,AN52092
BE379714,BE79857
DW58185,BN386538
BL496091,BL496091
BZ24858,BZ24858
DL217530,CL31416
EH1042911,EH295307
BS7867,CC86119
DE254175,DE254175
CW391976,CW357817
BY510590,BY492650
CP38018,BL342084
CG142366,CG144945
EH887280,EH655850
EH1154828,BN258490
BP47426,BP47426
CB60137,AL127513
BB63966,CT28398
AF14323,CC28222
CW835602,CW835602
BH154098,BH154098
BL391927,CL51936
CW437869,CW1350299
DB107740,CA34448
BL127802,BL234520
BY455362,BY107114
AN169488,AN169488
CW896524,CW1210892
AL261351,AL261351
BR124940,DD216047
CW1013468,CW632661
EB50207,BB117664
CW133457,CW106463
BY352219,BY197017
EH1137778,EH192499
CW1188602,CW898215
CW219926,CW990080
EP85270,EP85270
CW554828,CW718888
AX59963,CW316607
CN44890,DB99089
CW511321,CW648514
EH234963,EH639650
BM66133,BM66133
BN518406,BN429104
EH1203410,EH1203410
DH54508,DH54508
DL184871,BR232176
CM60486,CM60486
AL278949,CG202801
BZ42683,BZ7473
BL386019,CB33129
BN464124,BN464124
CW885859,CW526581
DB305845,DB153799
AX57450,BL266337
DZ63011,BR174150
AK125090,AK94468
DP48627,DP48627
BW35837,BD160777
CW420184,CW420184
BE355597,AL99280
BW44331,DE288315
DE287213,DE287213
BY399322,DE238400
AW92376,AL112656
CW1208043,CW419133
AK141045,EP82056
BB57377,EF100296
CS32441,CS32441
EF177460,EF177460
DZ63310,CA104558
EH516495,EH416020
BL488123,BL488123
BJ36648,CA94632
EH332023,EH588118
BN453994,BN453994
EM98719,EM139827
CW765133,CW331335
EH618089,EH618089
EH629832,EH352026
CW585011,CW393012
CW937462,CW1345847
DD194623,EH737779
DD129488,DD129488
CW938930,CA42781
BZ24029,EH428455
AL184608,DA127612
BN363865,BN363865
BE77847,BE457160
EP85338,EH712601
AB31111,AB31111
BR163236,BL421868
BP58302,BL287786
AL240720,BN316354
EH855278,EH486537
DH2523,DB17304
DB21808,DB21808
CW559812,CW564407
CW886816,CW759334
EH830580,BE213462
EH213587,BN191414
EH732050,EF205869
CM44424,CD22710
CW893281,CW510062
BY681192,BY608203
EH409586,CA36169
EH1126109,EM108788
BB90545,BB90545
DB63778,DB63778
BN553104,CW632661
BL201542,BL201542
BR136336,CJ65482
EH441918,AS83330
EF115442,EF95101
EH346583,CP19069
DM34018,AS85486
CW692727,CW315693
BY577544,BY529893
CW814027,CW814027
CW1196817,CW735238
DZ47457,BE409766
CW293460,CW723235
CW1098385,AM62502
CW847690,CW836553
DN142787,EH485845
BL345404,BL345404
CW1302130,CW1302130
CL43684,CL43684
EF165447,EF165447
CT21556,AL90706
EH484581,EH162789
DN67951,BE117015
AD27177,BD103303
CW852414,CW1220137
DL141112,DL141112
DA71989,DL172038
DW53799,EH426808
BD60957,BD71719
CW1140326,CW875051
BB46564,CC25702
AL34451,AL34451
DM18822,DM18822
CW885447,CW915134
CW585011,CW1036729
BL397807,BL397807
CW95005,AW127927
DB273074,DB273074
BN361632,BN212669
AL177759,AL225018
CN57387,CH59695
CW901600,CW630560
DE279060,EH892125
EP69693,BW25266
BE233850,BE233850
CW745930,CW1199132
DD141078,DD141078
CW1070233,CW1070233
BR231671,BR76951
CW640041,CW193171
EH955013,EH955013
DS116147,DS100375
AR5867,EH500518
CW537897,CW811937
EH681585,EH310964
CJ93598,CW461742
BL283946,BL137899
CC123421,CW905652
AR15296,EH876503
EH535420,EH488092
AP81766,AP81766
BX17475,BN315455
EH321861,DT28999
DA97021,DA97021
DN143628,BL345228
BN471187,EP84986
CW979479,CW720471
EA17031,AA71863
AL257138,BE214939
AP81982,AP85736
BN294919,BY577182
AN148831,DT115412
CW272685,CW272685
CT30695,CN30399
DH54491,DH54491
EH1202945,EH1289936
EH601459,EF135551
CW728299,CW1101394
EH494621,AF13274
BY30405,BY90141
AW189506,DR94175
BL149960,EH210013
CW482765,CW295048
BN390332,BN543776
EF143324,EF143324
EH284674,EH939570
CC119776,DB131056
EH704163,EH496984
EH745987,EH533495
AK66739,DP33255
BZ32639,BZ32639
AN120941,DE208700
EH967385,EH967385
CG132414,CG132414
EM93623,EM93623
CW319087,CW529166
BR8110,EF191459
DB196933,DB196030
EF107757,CK14404
EH1214485,EH420549
EH337976,EH575333
CW657519,CW579552
EH499774,EH576280
EH567973,CW743852
BE78370,BE4237
BY470598,BY475364
CW278275,CW1330915
CW596292,CW385029
EH1235215,EH233077
CW659965,CW659965
BE385202,BE330638
AM78802,AM78802
CW878578,CW1301526
EH912371,EH163515
BD38212,EH249687
EH153456,DE118000
DT100229,EH875791
CW450375,CW302439
CW275096,CW303863
EH601459,CT38635
DD74863,AL300350
CW135378,CW421589
CC128037,CW1082771
CW996882,CW1263274
CM55013,EF135929
DA51288,BL183769
CB17160,BR4314
CW704517,CW704517
AN174282,AN174282
DZ35272,DZ35272
DL283511,DL124411
CW927999,CW1290192
AW78188,AW138571
CW1190636,CW724104
CW528552,CW354253
EH579903,EH233961
BB39938,DE38959
CW1229718,CW1229718
BG21648,DE142401
CW990787,CW51603
CW884353,CW734695
AK141045,EH469596
CW653213,CW1147092
CW417067,BL168442
CW581178,CW653735
CW140791,CW140791
BR43328,AL98910
EH870324,EH955051
BX20097,BX20097
AM88933,AM52466
EH1046640,EH356438
BD114441,BD114441
BN375226,BH143694
AA111225,EH601459
AW62898,AW62898
AS64069,EH285265
CG153274,CG153274
AA89112,BS6460
DN68853,AX35759
CJ86363,DB86180
CW675293,CW610319
EH1127308,EH1127308
BC61804,BC61804
EH972050,EH972050
BN280553,BN315424
BN397434,BN351597
EH295165,EH423895
CE36091,CE27421
EK13506,DM35721
BL391927,BH133779
BY359640,BY359640
DE62671,DE82266
CW1140638,CW1140638
DL183757,DL156477
CW711781,CW1176934
BE78370,BE18400
AL81754,CW1052908
DB124646,DB174065
DX12630,DX12630
EH7122,EH124212
CL39785,EH769815
AP45706,AW126113
CA66987,CW714211
EH861643,CW595746
BL11158,DT63899
BL229364,CW203785
BL419805,BL419805
BB36566,BB36566
AK34619,BH172075
EN53777,AA113661
EH521310,EH874737
CW477594,CW333791
CC58693,EH478771
DL283920,DD204657
EH352101,EH352101
AX36048,AX36048
CW251224,CW73217
CW864325,CW742384
EH944828,EH238244
AK14283,AK152496
CW149289,CW346154
BY686641,CJ131524
EH149922,EH149922
BE359046,BE298891
BJ8641,BJ8641
CS13195,CN68353
DD170775,DE289877
CW214661,CW214661
DC20046,BK24822
EH132937,EH780520
CW643367,CW1027837
BN415262,BN346973
CW511855,CW89775
CW424408,CW226501
CW355974,BB46863
BY595131,BP53830
AL51742,EH650779
CW602226,CW469379
CW1034597,CW106106
EJ6362,CM37563
CW749295,CW592554
CW208185,CW312188
CW71754,CW359049
CW625256,CW625256
DL81978,DL100669
EN24925,EN24926
AN145540,BL426457
BY475045,BY324566
DD28349,DD68057
CW66964,CW56931
CW1170601,EH206074
CE10869,CE10869
CW276846,BL152559
CW751992,CW399763
AL251373,BE141599
DB173178,DB173178
BN474062,BN439527
EH925732,EH733026
AN157765,DE231201
BE346580,BE346580
AN2389,BL467649
CZ91311,DR8841
BY730013,BY730013
AS62439,AS62439
CZ44781,CZ44781
CB75210,CB75210
EF142579,EF205347
CW498346,CW807585
CJ142021,CJ134598
CN52325,EG33866
BD86740,AS87974
AS56919,CC112727
CG100979,DE107517
BN420372,BN420372
BR79693,AS87974
EH484204,EH388170
ED35605,ED51293
DE305327,DE27524
DE284966,CW1022345
EN50049,BL275606
CW278418,CG106511
BY544864,BY705013
BE289780,CM52862
EB71302,CD3066
CZ62252,EH458661
EH616161,EH914756
CW846716,CW1045683
BY423970,BR11707
CW566587,CW135674
AL111869,AL101827
BP17987,CW1100402
DH47090,DH47090
BY466363,BY466363
DZ39374,CA133633
AN136640,EH729535
CW1072737,CW689956
AJ3528,EH449567
DB312947,DB102865
DD29047,AL80148
EH784108,EH784108
CW890098,CW570953
EF167977,EF106228
BH97697,EP82056
EP44941,AF13463
DL240683,DL240683
CJ35795,BL148754
EP44941,AG41659
CW95650,CW95650
BL352585,BL352585
BE351508,BY641746
BY649254,DT26807
EH1315553,EH1315553
AN107645,AA71863
AN98025,AN98025
BR206468,CJ118811
CW948873,BM14380
DS62335,DS62335
CW394194,CW193171
CW450284,CW592873
EH670280,DE93547
EH1226202,AA204937
DL80110,DL67396
BJ36132,AH25996
DL158327,DL261922
AA85103,AA85103
CW238574,CC28222
AN157578,AL99280
DX39555,DE239045
BZ31676,BZ31676
DS102387,DN92096
DL129280,AL52378
EH1138041,BN462215
DN116174,EH485444
CL65235,CG197993
CW307638,CW307638
BA14375,CA113202
BG47450,BG47450
BE206546,BE227481
CW109909,CW200947
BY85828,BY85828
CC39757,EH1161355
AN146095,DE250983
AS58001,BD154874
CW330373,CW448950
BE47029,BE123444
EH132937,BL149197
CM68806,CM68806
CB80153,BL421868
DB159765,DB168094
EH195894,BH118293
DL129280,EH488092
EM120744,BL219910
DE254102,DE254102
AL48198,DX10401
EB50207,CW244533
CW954715,CW932834
DL61561,DL61561
DD146266,CW972646
EH147584,EH147584
DE200040,BL378969
CW345585,CW303863
AS14190,EH255732
DR106935,DX57751
CW346209,CW172263
BD152488,DB315581
CW989215,AA154150
CW998866,CW292559
CW532846,CW161335
AL166548,AL137796
CW875549,CW1302546
EA31891,BL138829
BC43679,BC44448
DX34626,CZ74846
AX61075,AS81841
BR182132,EF162743
CW928808,CW559832
DB168497,DB110109
BN331872,BN220899
BD97705,BD153703
EH889984,DN112708
DA87354,EF55811
DK41606,CC85882
BY613975,BY231826
AN141015,AE25450
BY325678,CW520711
AA31107,EH304960
EH257635,BY114153
DB139622,DB139622
CW558110,CW334744
CW104928,CW104928
DT9413,AL193354
BE434485,BE130942
AS34256,AS34256
EH1066003,EH1161385
CG106417,CG106417
DL101867,DL101867
EF53805,EF53805
BY284487,BH143694
DD185713,DD185713
AX57112,AX57112
BR140453,BM14706
CW1302274,CW1373366
BR78385,BL183734
EH516495,EH167585
DE242556,DE242556
ER31078,AM84042
BL155354,BL84634
BL109413,DE58457
DL240762,CA99211
AL330022,BB115995
DC11085,DH17979
DL129280,BL166957
AW70056,EH733303
CW726288,CW714074
CW935907,CW934345
CW865651,CW865651
CT51394,CZ112120
EH992256,DT140664
BL420030,BL420030
DR36399,DR36399
EH1204301,BN464124
BY238456,CW651363
ES12342,BY22585
AL74469,EG49165
CJ29499,AA130540
AL89191,BZ33239
EH1000262,DB210049
AB15583,CW1346486
CW977807,CW277849
CW718279,CW427906
CW647280,CW647280
DL239695,BL330875
CW581178,CW807933
DD96231,DD96231
BY435597,BY456120
BL463269,BL463269
BL422058,BL422058
CR25915,AP80469
BL63972,BW37243
BE193315,BE175720
EP65483,BE214939
ER31078,DN75806
EH314684,EH818103
EH1111890,EL58969
EH495025,BY454626
CW970922,CW231025
BN381440,BN406369
DE296824,DE296824
BD72172,DE219082
AW89465,AN72661
CW962497,CW687548
DA93038,DA70519
BN191669,EH175265
EA17031,EP30087
DS34430,BY703817
CD20877,AL85573
AN44586,AN44586
CM48580,CM70273
CW900607,CW900607
BZ33865,AW116290
CN71186,CN71186
CW703967,CW1061078
BY397611,BY313663
CW1170764,CW777350
AW182036,AW125265
BN142212,BN114205
BH153314,BH153314
BY649254,BL538401
AS56919,CW742384
EN24925,CL34680
EH160702,EH160702
DD98983,DD182606
AL226912,AR6305
CC120622,BJ47875
DB241360,EA46937
EH926717,CG84475
CW1034597,CW249458
CP46642,AX35759
CJ6713,AD3120
AW157040,AW157040
CG35857,CG35857
DA54279,EF57349
DL61561,BN151228
AN184633,DG29736
EL84696,AN85765
CW870708,CW451620
AA84269,BL171333
BN345379,CZ47378
EH1247783,EH1247783
CW42587,AW12044
EF40239,CG106430
DP35138,EH522761
CW1208235,CW1086634
BN315109,BN306297
BL310430,BL283308
DL170824,DL170824
EB77132,EB77132
CW501972,CW217139
CW534621,CW1227175
EH627149,EH451174
BN520442,BN434891
BL402674,BL402674
DB73297,DB310469
CT59613,CJ183458
DA81782,BY113683
EH12143,EH12143
EN35926,AN87790
BL457962,BL457962
EH751670,EH458661
CH60203,AL103378
DW35209,EF95050
DB106227,DB133282
BL257303,EH828621
CW973104,CW829635
CW1072980,CW1104639
DR3968,BH151572
BB102630,BB86973
CW1122944,CW783241
CC102538,CC82170
CW747230,CW742513
EH873188,EH873188
CS14808,CS14808
EF183016,AY35406
AL221411,AL301459
DB266333,BN148479
DY16269,CW497028
CA8436,CA8436
DL129280,CC31247
EH1121479,EH1121479
CJ179587,CJ179587
CB59198,CB41528
BP34837,DL171797
CE19373,BL213836
BD91521,DB95918
BN280732,BN280732
CW931987,CW1182829
CW671990,AC5286
DH41148,CW602545
AM59373,BR60874
AA153479,AA153479
EB35036,AN64513
BL113324,BL261405
CW216484,BD112806
DS102387,CW1049919
BH110325,BH110325
CW403359,CW1090298
DA118678,BM58816
CW707159,CW477007
CX4221,DE8544
ER5105,EH261419
DA65927,DA54952
BC39621,AS40094
EH1048493,EH733303
BL241421,BL241421
BY348984,DE198193
EH1188315,BN337364
AL198382,BE229274
CW466981,CW469837
BA14121,EG59342
DL205437,DL214691
DE203792,EF69218
EH815527,EH392472
AW166575,AW98653
EH782898,EH782898
CW692895,CW1109218
DZ78160,BL290404
EH257023,DT28999
BY663388,BY185640
CW922506,CW922506
EH378125,ES17713
BC43679,BC43679
CW903910,CW787457
BL391927,BL219910
DR105841,DR110373
AN107645,AW158497
BC39621,DD38148
EH1185387,BR153280
CG84475,CG84475
CW334609,CW1357323
BY335235,BY401657
BR159947,BR159947
DD190609,BG46636
CL38142,CW583836
BR112756,DT51283
CW419479,CW227010
BH141915,DS71477
CW884353,AN154371
CW1142274,CW642591
BM63964,BM63964
CW532846,CW137807
CW216484,CW935564
DB333937,BY165573
BY167501,BY155373
EH638119,CL47030
BA4915,AL129674
BC39621,CA36169
CW826329,AM18679
DD28349,DD124398
BE185586,BE196742
DL255317,DL255317
CW1284174,CW1005818
DL129280,DB147421
CY16112,CW388946
EH1145556,EH1145556
EH570754,EH414984
AN141015,BC56559
CW930423,CW1302041
CG119446,EH731867
CW703825,CW679586
BP50830,EL86159
DD104851,CH37374
EM18354,BL434293
CT33510,DX13189
EH594430,EH342552
CW908668,CW448950
BE442786,BE442786
DB230638,EH1157566
CG94432,CG121913
EH444618,BW25266
CC29635,EH518484
CW122930,CW717338
DB201045,DB201045
CW1169337,CW298951
BE259631,BE177071
DW56619,CS16921
DL185261,EH622632
DE266511,EF55811
CW1096087,CW602545
AK96321,AN146282
CW852414,CW852414
BN515231,ER24231
EH790291,EH733638
EM126699,EM126699
EN29937,EN38218
BL439582,BL439582
EH482935,EH448007
CT29503,BR76677
CW536728,CW823835
CW586410,BE219529
CN84193,BR153541
CJ11208,CJ11208
CW463385,CW463385
EH708998,CL51936
AM71744,EH472871
EH729907,EH729907
DS99757,DS99757
CW110376,CW474765
EH8945,CL65717
CW1078292,CW470885
EM86909,EM13422
BL272624,DL169595
BE410385,BE410385
BR90682,CJ137567
EH446004,CG13355
DT29550,DB185347
DG45465,DG45465
DE218589,CJ138642
AL133739,AL35544
CW313162,CW611190
CW942594,CW942594
EF32637,EF32637
BP60882,BP60882
CW645645,CW600148
BN361225,BN243786
BZ33865,AA119825
CW553678,CW1101611
BL472478,BN291147
DL81978,DL81978
EH908446,EH947997
EH331520,EH192511
CW561924,CW114861
BN9703,BN46577
DD44723,DZ34820
BE272273,BE393010
EM65529,DE62670
CN37656,CT22254
AZ12361,CN22974
EH1004972,EH116155
DR124555,DR124555
CZ42844,AW62558
CW692895,EN56328
EH258606,AP41153
ED50097,ED50097
DE173980,DE24342
DN114786,DN48729
BL381917,BR105483
DE295149,DE290357
AJ23115,BR147471
EH440629,EH440629
EL33426,EL33426
EF121667,EF128605
CW1226504,CW986322
EH629832,EH778582
EH939343,EH273509
BP51126,BR212602
AA60261,CS16921
DP46355,DP46355
BN184776,BN157951
AL273648,AL273648
CW946632,CW701828
CW590861,CW590861
CC50140,DH37729
EH873824,EH813186
BY582527,BY287498
CW937269,CW356830
EF15138,EF15138
DB185118,DB310469
AL171859,CB4290
CW390593,CW224715
DT11676,AS20455
CW255615,CW477095
CW324991,CW600646
BN308177,BN329571
CW736028,CW453823
EH1046640,EH684181
CZ54100,CC116240
BL478735,BL499123
CL23948,EH622632
DB75458,DB131340
CP28738,EL50356
AX41245,AX41245
BZ4722,AK152859
EH1134965,EH287400
CM52276,CM52276
CW1162310,CW950202
DE303756,EH921060
AL70634,EH419118
CN84041,CP42062
BH75213,BH75213
AA114045,BW48570
AL51742,EH575333
BL300128,DL171012
CW596989,DD93192
AW111561,CC127514
CC137637,CC42379
EH892373,EH471978
BN272661,BN191414
BL303758,BY227203
DD8501,EH363967
CA73693,DE223744
CG106417,DS87398
BL285104,BL256281
EH470784,EH124327
BM42980,DL20110
DT126854,DT133764
AP73139,AW134305
CW510062,AL197991
BL322869,EH502296
CW517959,CW517959
EH1088914,EH395013
CW1012552,AN179540
CW327867,CW535240
AN213598,CW1205005
BN317657,CW268477
EF187740,EF186635
BY682481,BY645834
EH337976,EH650779
CB45640,DN60502
CW162512,AN138845
EH393234,EH693984
DE178781,DE178781
CW1013654,CW929013
BR194402,BR197463
BN527237,CW758868
DL196578,DL196578
EH486030,BL429837
CW767325,CW899235
DE194002,DB95792
CW550321,CW639901
DB256341,DB128816
DZ10356,CP19069
AP60172,BX10664
CW650808,CW1023453
BL493441,BL479951
CW674321,CW381067
CM30379,CM37267
CW170590,CW527395
AL249752,AL84817
AA72862,CZ53419
EA31891,CC31247
CC81435,CC42379
DE298618,DE298618
BL420826,EP53826
EH577904,EH617661
AL228149,CW421552
CW530409,CW1005818
BX11874,BD93909
CT32998,CT27914
DD119369,CW791928
EJ16045,BL161844
BW58848,BW58848
EH635994,EH1062963
CW1180888,CW1104176
CW1114090,CW476273
CW668832,CW493543
BY261736,BY246102
BB2830,BB84781
CW892257,CW399847
AL131189,AL131189
EH1006682,EH613731
CA99750,CA106483
AL251906,AL251906
CJ135756,CJ135756
DL138074,DL136275
CS23340,CS23340
BY583717,BY265002
BW8012,BD22841
CM38600,EH331520
EH1112956,DE111687
EH729234,EH757193
BE391698,BE247271
BY365786,BY344273
BB57377,BR81884
BN184213,BN184213
AL47395,AL47395
CW930814,CW976763
CA73693,CW621990
BE29240,DL126267
BD87588,AA123533
CW1164209,CW611190
CW424565,CW203785
BL159322,EH777400
CW600966,CW251736
CW626735,AL203415
EH409309,EH301764
BW58546,BW58546
CW690742,CW1065762
EH614606,EH528673
DN54048,DK21931
BY275561,BY90141
CW710812,CW693878
AN138734,EH778184
BY152201,BY115638
BL301262,DE143226
DM27239,CN46255
BP50830,BP50830
BN375334,EH1127197
AA84269,DL107787
EF81691,EF94423
EH124654,EH124654
BN413374,BN257404
CW820472,DR104635
DS98391,CT48183
DD134718,DD134718
EH939825,EH632449
DZ63011,EH1027144
BN346973,AA132878
EH447915,DT85352
CW992858,CW481071
CG117716,CG172171
EH857910,CC119579
BE156922,DK23138
DB97689,DB56902
BA9016,BR128087
BE116703,BE196742
CG34100,CG131896
BR82335,DH21645
CH51887,CH51887
AL297831,AM85451
EH528143,BL220962
BB90645,CH51935
BL380857,BL380857
BY101898,CD3066
CB13685,DJ5778
BZ37787,BZ37787
AH17596,BL214170
BE330276,EC16637
EH364634,EH423200
DE96767,AG7437
CW679851,CW480362
DL166712,AL200357
EH1127060,EH1127060
AN186489,AN187803
CW664198,CW251659
BE235220,BE317495
BY686641,BY219975
EH979375,EH233961
AL297396,AL352083
CW322984,CW322984
CW1275369,CW1275369
CW646342,CW646342
EH777027,BL340712
BP58302,DE231201
EH504488,EH458630
AN159226,AN159226
CG74349,EF34557
AL111869,BE215972
AJ14754,CA61284
EH294190,EH592817
BN339162,EH389255
BY610472,BY610472
CW914508,CW380521
DE311673,DE311673
CW650570,CW266772
AZ17373,BY641746
EH852298,EH162441
AL310880,AL310880
CW813770,CW759667
BE390268,BD160777
DB87152,DB238849
CC129191,DL58478
EH444618,DS98915
CW1013468,CW218122
EH500417,AW40671
EH686190,EH489573
BL395295,BH182114
AK46609,AK46609
BN377243,BN515063
CW544061,CW710613
DN65921,DK16911
DD135894,DD135894
DS102387,AT23707
DA19284,DN55551
BN343632,BN253508
EH595823,EH595823
CJ118606,BF30016
AM85552,EH730417
CG162942,BE456245
CW761100,CW760797
CW419479,CW124750
DD184138,DD59675
EN59941,BN179766
DR105841,DR117709
EH1109327,EH1109327
DZ44392,BM5630
CW543117,BL219910
BR179410,BR167126
CW121117,CW84345
CJ175570,BN346321
AK117660,CG13355
CW184648,CW306197
EH994868,EH795212
CY25479,EH583523
BN452497,BN256477
EH527726,EH527726
DD175648,CC82395
CW1085040,CW691419
EH940935,BN49789
BN317657,AX29272
AA167559,BY451520
BY315422,BY594630
DS62335,DS75225
BN14705,BN14705
CW605693,CW605693
CH60203,CW111986
EH570484,EH565904
AW111561,BK23792
CW1147572,CW1039771
CW925989,CW475478
AJ31885,DR119177
DB295999,DB295763
BF17872,BF17872
BE284336,BE450651
CA80070,BD112806
BL205241,BL490252
BE390268,EH149027
BN343625,BH52282
BL433475,BL210478
AG53661,AG53661
CC151687,CW508356
DB309127,DB309127
EH775698,AM84517
ES23252,AA151333
AL202620,AL208450
BW29810,BW29810
CZ54100,EF28031
EN59623,BY498845
EH191652,EF45481
CW870004,CW1254798
BL488123,BL480350
CW466043,CW221750
EH222798,EH680454
CW693571,BL284122
EH471792,BD85825
CJ147093,CJ147093
CJ142021,BL266337
CW479996,CW859082
BN352599,BL411462
EH857904,EH857904
CW798850,CW420469
EL92906,EL92906
EP47116,BN215465
CW315634,CW229964
EH206460,DT46849
CG90213,CM15147
BL261971,DB200733
BN510372,BN550687
EH967968,EH658320
BN265232,BY233692
CA76298,CP50360
DB306203,CJ169888
AL290625,AL290625
AP67200,EM56597
BZ35404,DE239045
BL430211,EC14794
CW712414,CW356526
EH861571,EH694290
EH815754,BC56260
AA115114,DY5565
CW228224,CW420469
CC116994,CA91688
AW113291,AW78998
CW139897,BL223644
CA47201,BP33914
BN552935,BG27578
CW715403,CW563472
EH594430,AL303665
BL435442,BL519816
EH194386,DH21645
BR96487,BR139393
BH158657,BD149608
CW1170601,EH1235532
BL439267,BL452978
BD41295,BD56067
EF16318,EF16318
CP26875,AP52529
EH1231253,AA103692
CW895604,CW895604
DS63962,DA76389
CW166196,AH12300
EH961360,EH1056490
CB78733,CC89089
BL342549,BL342549
EP86628,CC129265
CW517873,CW1327462
EH595669,EH1113432
CW81505,CW575809
BR124940,CS25808
CW1135132,CW1135132
DL243230,CW824738
DE95143,CW269822
EH793379,EH355850
AM22432,BL65738
BY228960,BY228960
CB35206,CW1179660
CW610780,AW76987
DW53799,BY358844
BR24439,AW3916
BY261736,BY106630
BL245426,EH1067033
CW765881,CW765881
EH667404,EH897215
AK28418,AK28418
DL154880,DL180100
DE66823,BE88931
BN518406,BN407464
EH238104,CC85882
CW1365817,DT101413
AN126337,AN126337
AF22443,AM69102
EH448666,EH500518
DL187401,CS29758
AS23312,EF169728
BE281970,DD202895
CW536972,CW268477
CW357548,CW269593
BY392810,BY392810
CW914508,CW319968
BB92923,BB92923
CW165243,CW165243
CW1168027,CW1168027
EC22683,AK49788
DS103443,BM65055
EH208061,BX11236
CT53237,CT53237
CW735711,CW735711
BR92166,BL165848
CW646471,CW816002
AL136232,BM46494
AN69220,AX29272
CW219926,CW277849
CW806463,CW806463
BE379556,DL193666
EH292004,BE421737
CW241241,CW127927
CW841657,CW712414
EH99846,BZ31457
CW646660,CW79495
CA80070,EH592817
AM66752,AK66169
BY544726,BY632741
CW912093,CW584716
AH24555,AH24555
BW24662,DL168499
AL259330,AL259330
AN129961,BR76677
CW735711,CW873659
AJ21218,BY99414
AS65905,AE25450
DE276707,BP29269
EH1066003,EH1082915
EH369557,EH313386
DB206958,DB120081
BL64884,BL64884
BY330561,BY358882
BW51719,DB246104
CW281862,DZ63008
EH454166,EH229921
EH185791,BL346557
DX37717,DX37717
CW994137,CW994137
CW853127,CW450284
CW419479,CW129953
CW517959,CW309286
BR145823,AL126624
DL156302,BN298105
CW365024,CW122931
AN132266,AN132266
DD68579,CX17061
BE161496,CG154057
CC137637,EL24058
DD138461,BD117775
BN392301,BN404430
EP61037,EH778184
BY376366,BY315998
AA179941,CW557245
DB201045,BL272172
BE120222,BE136497
EH574585,EH574585
EL53033,BD91797
EF73631,EF73631
EH1123074,CW1337673
CW977084,CW871503
DL247273,CW453847
CW1142299,AM94899
DD65015,DT28999
CW684196,CW611439
EH409586,AS40094
CW1029872,CW929984
CW498885,CW327290
CW878219,CW378693
DE289072,DE289072
DT18818,EH98130
EH697033,EH697033
BY81208,BY32083
CG148375,DL214825
AN176424,AN176424
CW517819,CW356526
EH682580,EH473778
BL195345,BL199880
CW772892,CW772892
BP54867,BP54867
EP95537,BH51331
BB42501,DX33847
EH385135,EH106977
DX53223,BR46759
DB94124,DB103830
BP58302,BY743104
EN22354,DA111086
BE188876,DP47365
BR188511,BR188511
EP85338,BR106680
EH101323,EH917571
CW596989,CW602026
EH717402,EH153326
EH489266,CW824141
BE337649,BE390629
CW710446,CW975134
EC17389,EC17389
EH863503,EH946278
AW4431,EH255666
DA45060,DT10789
CW1161743,CW982963
EM76252,BY452885
AP81982,EH855944
EF200326,DW72711
AM79210,DN109647
BE310844,BE160362
CW990481,CW742845
CW594360,CW624668
CB64635,DE218999
BY315652,BY142397
DL193166,BP34320
CW1164209,CW416158
EH580109,EH580109
AN82774,AN98530
BE45201,BE119297
EH238104,EH688954
CJ134746,BW56163
DL213401,DL213401
BR145823,BR145823
CW573559,CW612183
AB37048,CR9628
EH507293,EH650779
CW617186,CW428855
EH899483,CL42086
CW569394,CW629027
CW204037,CW588537
BC5757,DA66127
BP24787,DE96028
CW904237,BD82285
AH16932,BH157768
EH542373,EH533679
CC95636,CC42379
EH570754,EH486300
BY472272,BY472272
BL65211,DE64395
EN29730,AS29638
AN58494,AW40671
CW707159,CW739134
AA168279,EH1033900
BY435597,BY437145
CW619775,CW786067
BY381514,BY588648
AW156061,AW156990
DZ56597,AW54935
CW584203,CW471563
EH1178354,EH1278038
EA21212,EH224964
BY571518,AL52378
BR138495,BR138495
DD65015,EH423288
CW1162310,CW707245
DD35153,CH25942
CW929749,CW164601
EF111163,EF125338
DB106272,CB30434
CW92898,CW92898
CW787953,CW344867
DE245247,BL398825
EH1216129,BY714183
BZ35404,DM26299
CM60486,BR136636
AN184633,CE55136
DE287119,DE287119
EH671716,EH250723
DD126512,DD132583
DN119253,BP49635
AB28189,DD70129
CW600060,CW475478
AA156856,AA111146
DL198713,AS83102
CW238870,CW334744
BL391927,BL213273
BR79693,EA54857
AL94352,AL94352
BN471187,CN57190
DX39555,DM26299
CW933188,EH301474
DT45684,BH84625
EH589744,EH589744
DX65606,DX65606
DG52198,DG52198
EH6616,EH6616
CW639067,CW508356
AW92705,AW121627
CW1070675,CW592554
CW717944,DE234021
AS6000,AW90959
BR159537,BR107813
BW31781,BL58483
BH99719,BH133273
BE17174,BE41064
BL103333,AW84238
AT13382,BH168107
DE229182,DE84960
CA94632,EH707724
DE99913,EP102555
BB63680,DZ54124
EF175503,AL35544
CW450284,CW450284
EH1094580,EH210328
EB50207,EH245924
BN324068,BE218208
BE245681,BC33099
BY29756,BY29756
BJ12427,BJ11971
EH489266,AN98663
EF73641,EH304960
CC37058,EG22281
DB221977,DB24575
CW238791,CW570953
CW893573,CW760797
EF183662,DT29864
BL493700,BL493700
CW493277,CW771829
EH179763,CM20656
CW205875,CW167765
BD101638,BD101638
EH863924,EH1005433
EH475875,EH475875
EH681585,EH395013
EM112499,EM112499
AC11739,AC11739
BE185298,BE193315
CW896761,CW421552
BM59246,BM59246
BY414398,BY559697
CW518470,CW294727
AP81982,EH856018
BE287460,BE304330
DN116694,EH1129021
CW372218,CL34680
EH467632,DT61582
BN492903,BN349480
AL254970,CG31775
DZ65094,EH255666
DL155747,BX10664
BW35837,AK66169
AA187964,AA187964
DS48037,DS57934
CW92200,CW1019761
CW88703,CW126284
EH132937,BL250794
CW675891,CW847690
CW859280,CW421589
BR220213,BL166957
CW1162108,CW1162108
CH51814,CH51814
ER35225,EN35343
BG34920,EH663558
BB84675,BB68304
EH592293,BY334102
EH461127,EH461127
CW207242,CW207242
DR73237,DR73237
CJ209348,DT161314
CW679801,CW602202
AW182036,CW380714
CW556259,CW760610
AK153378,AK169767
EH250209,BL136609
AN37186,EB45789
BY593190,BY682517
EH856018,BD140496
EH952598,EH669596
EH247270,EH512614
EF158622,EF158622
DE290895,DE290895
AP82686,BN435524
CW748523,CW1099568
EH294345,CY28711
BL340807,EH759801
EF111594,AS87974
EH191934,EH28381
EH752439,DE216991
EH737725,EH1112563
CZ111587,CZ111587
EB50207,BL234245
AG45307,DX49699
CC128626,DE156365
DT105790,DT105790
DM27914,BC56889
EH1159670,EH1114056
AL127513,AL127513
DN147142,AJ21547
BH61955,EH246448
BL412813,BL412813
DN82992,AG35227
DA38299,DA38299
BL325852,EH209810
AN64886,AN64886
BY482895,BY521547
CW1124857,CW1006848
CW552191,CW1368162
AA101523,BH131437
EH825801,EH778582
DZ63011,CC119579
DA17006,DA17006
AB21681,BE369184
BR220213,CC31247
EH222798,EH1181132
EH15350,CA55702
DE113618,EM93128
BR150029,CN51790
BR152989,BR152989
DA89692,DT26807
CJ130292,EH719919
EH363177,EH414984
DX55761,AE29116
DS72058,BH102004
CM66134,CM66134
DX5211,BL74891
CW293435,BL149197
CZ67661,CZ67661
DS48037,DS62335
BD94198,BN311781
EH390904,EH206074
BN343632,DB137404
BY142083,BY288577
BE377617,BE194505
EH134705,CJ137567
EJ23041,EJ23041
BD136107,BD87490
BP16672,DB95019
BD86740,EH622632
BE217630,CN30877
BR102943,CJ53597
DT158169,DT158169
EH523184,EH818103
EB67151,BM69999
CW444389,CW563472
AA139576,CW475393
AS40791,AS40791
BY77346,BY748131
EH661256,EH238244
EL82376,EL82376
BH101859,BH93484
CW876297,CW876297
CW969137,CW161335
AN35332,EH753972
BP24787,DN100363
BN496742,BN263774
BY290541,BY328791
EH319879,EH177297
AL288168,AL100874
CN38254,CN38254
EH751492,EH849524
BY528414,BY532959
BR79693,EP30087
EH1159382,BN462215
EB50207,CA50534
CW625506,CW1005818
DB150234,BL299779
AL179735,BL290404
CT30695,BL154027
CW529112,CW370434
EH629468,EH429049
EH439456,EH439456
AL321848,DB156043
DB107669,CZ42040
EH149209,EH650779
DY32756,DY32756
DK41606,BN392009
EH816468,EN58195
CW878578,CW1082771
AL221142,CW877374
BN351285,BN312691
DD128103,DD122471
BN458274,BN458274
DA35367,BR88394
AN26374,AN26374
AL270019,AL270019
DB185876,DB185347
CE36091,EH576280
AN151533,AN200352
BL483375,BL434462
CW1123313,CW643657
AS74263,AS74263
CW975643,CW387493
BE402042,BE402042
EH647309,EH647309
DP35138,AP58795
DL96125,CZ96220
BY287463,BY434604
AG49802,DP36066
AX61075,EM85615
BN163220,CH23054
EF172304,EF158620
EF180065,CC94596
CW356672,CW179470
EH614566,EH449567
DN147142,BD91797
CW823739,BR125480
DR59615,BN315366
EM107337,DF14388
CZ105773,CZ109333
BN362520,BN362520
BY112443,BY359536
CW1029872,CW515155
CW296756,CW483468
AL209744,AL209744
EH104232,DE108687
CW1141576,CW1141576
BY484858,BY521547
BN515231,BN491007
CW1015363,CW1015363
CW840274,CW840274
AL305189,AL305189
BE323619,DX55761
AM10475,AM10475
CW935907,CW978360
DA71941,DA71941
BN370507,CC159189
BD60421,BL225996
AE16597,AM7457
DB112488,AM78765
AL223760,AL132477
AM88933,EH428455
EH213052,CW387665
EN59349,BR53263
CG90346,CG90346
EH314112,EH661631
CW1327256,CW978220
BM63742,EG50858
EH1100105,EH1092518
DE167300,CW277849
CZ35936,AK49054
CW465911,CW533290
EH443908,EH1303873
DN27954,DW24538
DE119609,EH342552
EH589914,EF149374
BL361961,CW1146129
EH154996,EH635336
EH238104,EH592817
EM105022,BH133779
EH64322,EH670072
DB231077,EH1126678
CW700834,CW332756
EH257635,DL171797
CB32958,CG153353
BL195345,DE54112
AN37186,AN130752
DK8763,DK8763
AL314408,DX51401
EH514609,EH248915
AS58001,AW140475
CW824081,CW850167
EH823954,EH823954
EH452021,EH452021
CG116021,CG116021
CW455352,CW419752
DL95690,DL85929
BY418590,CW387493
DL260960,BH177176
EH1150189,BL501384
CJ127646,CJ127646
EF111594,BN362520
AX15080,EH1032951
BY368282,CH59695
CW1169337,CW111116
DB107669,EH342552
BR54278,BR11707
AM81611,EN45624
EH592293,DT85402
CW439955,CW306197
CA115545,DB229064
BY575508,CG143243
DZ39374,EH442330
CW1080508,CW687548
CW144872,CW425831
EH436536,EH595669
DN59995,BL213273
CW1114090,CW397683
AW182036,BN194821
BH143905,EF104496
CW1255791,CW1255791
EH712906,CC80689
BN125429,CW891848
EH967968,AW128430
EF186635,EF186635
CW756239,CW760610
BL134235,EH287400
EH350837,DB123626
BD106874,BD51307
BY451695,DL164540
CW1219024,CW783277
BC35830,AM71850
BD47234,AY45720
DE177691,BB103529
CM72331,DD165810
BE359046,BE206336
BH2925,AN37240
BY528883,BY663938
EF60287,EF60287
EH793193,EH535716
DB206373,DB206373
BE156922,CT41820
BL453733,EH1311832
CW991006,BR158743
BY514143,BY549528
DX42662,DB59601
CM67045,CM67045
AL75024,CM2606
EF142857,EH710037
CW84618,CW84618
ES12078,CB20244
EH1110649,EH1055042
CW901600,CW1158658
BE355242,BE226260
AN126423,BM59157
BB42501,EB45789
DK41606,CC31247
AN138418,AN146157
DE254823,DE238702
CZ92634,BN215465
AN164072,BB103529
EH1057378,EH1038728
CW1026768,CW667873
AK110320,DP48001
CN102071,DP16620
EH1076111,EH1076111
CW520181,CW760615
CL6338,AD4159
CW144884,CW144884
EH398806,EH1119284
CW419833,AK87990
DS102387,EH458630
DB54925,DB134608
EH485821,BN335336
AW111561,CH29223
BR129564,BR129564
EH833478,EH537322
CW434892,CW260208
DY31725,CW1349889
DG41808,DG41808
BE77847,BE250907
BL127802,DB95918
BL140219,BL140219
CW1071199,CW1044383
BE270858,BE270858
DB229095,DN111191
CW194579,CW378060
CW805787,CW720471
DE276753,DE276753
BZ35404,EH769815
CW884962,EH795212
CW421552,CW300756
DB268564,DB265280
BY524283,BY259595
EH699877,DE130744
EH595428,EH595428
AA75035,AP41153
AK6592,BE41064
CW635918,CW344867
CW536972,CW320944
BY504733,BY188814
DZ78160,BL299779
CW904237,CW1195824
EH653585,EH653585
EH257023,EH423288
CW577311,CW964467
DB88256,DB43792
EH752695,EH752695
BH121785,BH121785
EH737415,EH839889
BL374812,CW708699
BP75133,EH588118
AA100490,DE288315
EH558692,EH941193
BY393088,AA132232
BC39621,CW380714
CW1185342,CW1185342
EH141359,EH232631
BM38923,BM38923
BY409669,BY390437
CR20811,BL519779
EH222798,DT85402
CW647734,CW805677
CW1132538,DD179405
CW1154381,CW1263274
CK12203,CK12203
AL133130,BE252398
CW846716,CW846716
EH1046293,EH1007120
DB128677,DB164238
EH1064128,EH192865
CW93110,CW1232951
AS79037,DB121286
CW655397,CW613922
CW230429,CW1318430
EH404144,EH642862
EP25493,EH575333
DE99913,EH281862
CL43684,BL225996
CW252040,CW940379
DB287592,DB196975
CW173003,EL24058
CW803022,CW1329056
AN199002,BF21094
CW866589,CW866589
CJ141167,EH892125
CW819189,CW196199
CW958838,CW958838
EH681585,CW556259
BR128360,BR90367
BR148314,AL233116
EH593890,EH593890
CW773031,AA172859
EH1152484,DN87046
EH676960,DE73081
CB72871,CC131345
DN142787,DY36590
BH101128,CM38434
CW805479,CW805479
CT20319,AW158497
BY436747,BY434604
DR84445,BE214939
BE346835,BE346835
BN165337,BN111757
CW914602,CW1349452
BL188653,BL105450
CS34479,AL117207
EH464331,BY530916
DK41634,DR47644
DE296645,DE330445
BY475314,BY475314
EH695754,EH235890
EH153028,EH313015
DD162101,DD162101
BN523900,BN298105
CW1235621,CW934345
AN157578,AN96190
CW1235621,CT49809
CT23972,CT23972
CW882979,CW796355
DZ78160,CB93093
DB286776,DB210802
EH689161,BH134730
CW875595,CW1060175
BL241341,BY478908
EH604476,EH604476
AM43817,AM43817
CN64347,CN64347
EH1204301,CW1052425
CW691329,CW657451
CW432491,CW250857
DB289197,DB235779
EH1185387,EH777027
DZ53891,DY36590
EP64692,CW1031628
AK110778,DD72815
CW1364727,CW887032
BN473464,BN24300
EH639650,BD112806
DB150234,DB302368
CE40964,CE40964
EH892419,EH892419
CW282525,CW507943
DE225569,BH27343
EH735060,DL124649
EH238069,EH622632
DB166444,DB67585
CW439955,CW201139
AW120490,AW120490
BW50816,BY344273
AN83770,CW1221407
BL282624,DE158904
EH678707,EH414956
BD107176,DD134024
BW52123,BW52123
DL194572,AP68630
CN84193,EF145202
CM3629,CM70273
DE242774,BL393709
CT41469,BL272172
DK37880,AM56867
CW824141,CW231746
BL437100,CW842057
EH52931,EH291505
AN62896,BY425989
EH655664,EH655664
BN311350,BN60694
BE213653,BE213653
BN282581,BN340986
EF55526,CW1221645
BR115021,BH65670
BN216522,BN216522
CA76153,AW182950
EF204317,DN88981
CG127885,CG165479
BY559697,BY559697
CW997238,CW929984
DE226044,DE226044
EH191512,BL84019
AL81366,AL88455
EH65645,EH132312
CW916745,CW604459
CZ80456,DE28956
EH672738,EH651101
CW733120,CW783241
EH303460,EH258315
CG41678,CG41678
EH624769,EH527436
BY378249,EH949350
BY610472,BY583047
CW1120656,EH956654
AL174246,BD82102
AP77180,AP77180
DT51888,BR52377
CW1083017,CW223096
CA83553,DT26807
EH436536,EH449567
AA162233,AW142372
AP61639,BE177071
BD124063,AP45754
CW691940,CW1327462
EH792412,EH792412
EH847747,BN417349
AL83989,AL166446
CW241382,CW795339
BR142662,BR82186
EM85747,DC19136
CW1366045,CW589269
CW938930,CW850167
BY375517,EL32316
BH5759,EF56403
CB46441,BL149197
BH155653,BH39884
DB298403,DB211018
BD112876,BD112876
BN349162,BN390697
CW493277,BY549105
CA60999,BR71009
DK17176,DL85889
CW731075,CW731075
BL361873,BL361873
DT87452,CW1221407
BL340712,CW837504
CW281090,CW765785
DW68025,DW68025
EH104232,BE25964
CW688664,CW688664
CW152985,CW395643
AX55813,AX55813
DZ57825,AE26934
CW417011,CW511552
CW1118376,CW531436
CW882979,CW1343640
AA80276,AA80276
CW53379,BH9298
BY100266,BY198581
BH171852,EH664349
DB107038,DB59601
DJ12367,AX19612
CR28659,BP61231
CW634097,CW475302
CW441751,CM20656
EP71017,AA132232
CW365024,BL271131
BL521995,CZ75035
BH143909,BH143909
DA100007,BD92047
CW219926,CX17061
EF173539,EF173539
DD145581,CH50510
BN348047,BN263694
AL254903,AL336821
AS74263,EL57912
DE274177,BY408201
DG21010,DJ5865
CW51766,CW312188
BH11365,BH44051
AN82774,AM100599
BE284661,BE284661
EA39708,AG7437
CW609916,EH466592
AW173314,AS73674
BD115498,BD56331
AT19007,EG36517
EH818900,EH595669
CW1142354,CW886013
DE128340,DE128038
CW293624,CM20656
EH572054,EH211762
BY675924,BY732385
CW1164117,CW1158658
EH1062156,AE14436
DB133203,BN133711
DB68742,DB63993
AL100749,AL100749
BR77315,CM10292
BE424139,BE424139
EH379393,DB95918
ER5105,EB41732
CG98468,CG70898
BR192547,CJ95979
BL429837,EM93118
BD132552,CG154057
BN481253,BN404124
BR207218,BR122676
EH592293,EH1181132
CW975643,BL154027
DE289877,DE289877
CW366245,CW383010
AK113306,AE34277
CW785406,CW429104
EM109928,EH429230
BY569652,BY569652
DP36159,DP36159
CW1025570,CW456221
BL190863,BN271251
AK114462,CZ55223
EH1280169,EH643766
BH100985,BH105661
DP52232,AX33562
AP8405,DB39372
AN199986,AN199986
CA83337,CA83337
EH661256,EH428455
EH39539,EH81566
BY679220,BY659628
EH443908,EH716631
EL80381,EL80381
BM55760,BM55760
BL429510,AX65261
DH57404,BY359817
CM58661,CM58661
BY564124,BY588833
CW503452,BN302289
CW931063,DT122842
CB80153,DN116516
EP97192,BY560789
EL56427,DT128152
CW887565,CW1286633
EH579903,BL266141
BN370477,BN370477
BD89391,BB115995
CP34874,CR9628
EP86628,DM26299
EH110005,EH329736
DL244193,DL176078
CW385847,AW208956
BP31215,BE256749
BY211202,BW28732
DE181558,DE199422
CW1079497,CW459305
EH629832,EH416851
CC116994,AH22346
CW1110358,BN433976
BW52326,DE280430
AA171681,CB93093
CJ113717,EH514855
AN158112,AN158112
DA89692,BM30252
BN287550,BN287550
EN59623,AA155212
CW1365817,CW777732
BN281996,AZ13000
EH980672,EH784979
CY14856,DT81309
BR220213,EH488092
BJ37967,AL52378
AS67696,AS67696
EH392334,EH380810
EM123938,DT95577
DE265324,DE184346
EH640383,DD186768
BL300997,BL300997
EH564625,EH427605
CW384482,CW398559
CJ20833,CA126134
CW699691,EF173889
EH541969,EH541969
DL215931,DL215931
CJ134746,EH632503
DB182807,DB182807
DK24205,AL214629
CW758868,CW447193
AM28021,EH544739
EH905492,EH905492
EH257635,EH423288
BB48501,DS34119
CW875325,DD89481
DE198464,DE198464
EA35539,EH534630
CG141145,CG6033
BY628956,BY545171
BH133434,EL30609
CZ33713,AL191510
BN386101,BN463049
AA200405,AA200405
BL229364,BL250794
EM81905,EM81905
CW66964,CW11877
CW1123417,CW1123417
DL248870,DL248870
AM85552,BL349134
CW537400,CW673567
CW375963,CW297189
BE467681,BE417819
CG28516,EH40853
BY471456,BY94083
DB168497,DB133282
EH966264,EH272805
DE188219,CW685184
CM64712,CM64712
AG39434,EH497724
CW1099789,AN159119
CW973104,CW973104
CW713368,CW75567
BX17475,CW1190210
EH348783,CW439741
BL251990,BL251990
CB84950,AS85486
AL65546,AL65546
EH518763,EH305053
CW531001,CW546218
EH884709,EH444618
AL314265,AL314265
DB80755,DB187236
BB119379,CY21303
EH222798,DE116694
EH346583,AN69766
BY435597,BR98430
BY564752,CW829170
AL285744,BC56559
DB167967,EG36517
AM93782,AM93782
DZ38251,CM24880
CW127111,CW167765
EH279937,EH286395
CW1117589,CW1055602
EH716221,EH1295446
CW1086680,CW1081637
BY619663,BY620616
CB59319,CA137068
CW177567,CW66964
AM88933,BD77965
BN406767,BN486377
EH179763,EH802592
CN38254,BH164594
EH712985,EH516880
EH863503,EH863503
BH143499,CZ67296
BN263085,AB2040
AL301969,AL281152
CB41203,AE9743
BW48102,BW48102
EH496109,DB195946
CW997238,CW387493
CP39568,CP39568
CW173003,CW227010
CW27406,CW44573
EH84431,EH663558
BR217292,CN38254
DB206146,DB206146
AW123530,DE98681
BD110589,BD142696
EH1045729,AA148654
BY613975,CW404903
BL275591,BY307642
AF12193,DZ9621
BB37508,EF113619
DD86680,DD51539
CW416158,CW445600
DB208688,EP76838
CW792413,CW775635
EH479816,EH428944
DB2692,DB18551
AL214525,AL214525
CW748523,CW807933
CW623302,EH496373
EH926717,EH497724
CW558112,BE154383
CE24032,DD77392
BY368282,DM26299
CW1115442,CW525422
AL319823,CW525422
BT11949,DR124555
EH1050275,EH181544
EH141585,DT10914
DZ78160,BL274568
BY434423,BY434423
DB123631,EH192575
DR65948,CE19517
AN77823,BK23792
BL333884,EH548479
CW752359,CW357817
CB23508,CB23508
DN112473,DN112473
BP47931,BP47931
CN52325,EH535716
CW1069584,CW1069584
CW870708,CW151982
CW177434,CW106463
CW327861,CW384670
DA89692,AS40094
CW517873,BY335235
DE218589,EH478971
DZ78160,EH528588
CG52417,CC19654
CC52647,BY265922
EM78620,AM66551
BN346973,DS86380
CH59734,CH59734
AT19013,AT19013
CW913510,AL260322
AL208077,EP82056
CL52234,CL52234
BY579498,BY579498
EH171359,EH103244
DE215965,DB181028
CJ124478,BL167803
BN311862,CW231746
BA14317,BA14317
CJ35795,BY203162
EH666395,EH1126678
BL155354,CM12205
CG87133,CG87133
CJ156312,AM94899
EP64842,AD6456
DB293633,DB198706
DA77479,EH816209
DE265324,DE167899
CW1190636,CW1055965
DA91477,DD201148
BN442721,BN442721
BL432904,BL432904
AW96921,AW96921
CJ135922,CJ135922
DR97194,EH386310
DL162038,DL162038
EH213587,BY20295
EH1123899,EH1123899
EM115383,CT51028
EH708998,BL219910
CJ80670,CP19069
DL230261,DL169551
EH845976,EH769815
BE77847,BE141487
CW740280,CW1357279
CW319195,CW711685
CW1055116,CW1017495
CW923219,CW1360611
CW839319,CW839319
CJ82387,CJ82387
EH823960,CW377231
EH1166671,BE260395
EH97504,EH211389
DL212755,DL212755
BL395295,CJ211683
BN415262,DS86380
BN76573,BN352576
BY518401,BL214170
DB315616,DB315616
BD113088,BD154874
CW95005,CW896234
CA89608,EN62307
CW746681,CW795435
BR220213,AL52378
EH704163,BL203658
EF149391,EF149391
CW1084930,EH746570
ES22933,ES22933
DB192738,DB164238
DN123965,CC153196
BW17525,BL19586
DL40094,DL55394
EH674835,EH639090
CW890098,CW448950
EH570209,EH570209
AM34695,CW526276
EH831181,EH831181
EN71707,DR25358
EH203737,EH301696
CJ194200,CJ202086
BE301611,BE12575
CW884353,CW800326
EH810121,CX18522
DA12872,AM55432
AN136640,AN136640
EH507712,CG49989
DD59678,DD88893
BP67967,CT31764
EH812024,BP49647
CW998298,CW853127
CW930423,CW1276798
CW990481,EM56718
CW581178,CW1099568
EH1008575,EH1008575
CA67473,BE219529
BY178917,BY309619
EL84548,EH293241
BY648523,BY639189
EF34240,BH54180
BP54405,BP54405
CW975643,CW929984
EH177316,AL190305
EA31891,EH802835
AW70815,AW69618
CG34019,DL85889
EG55323,AX65261
EL57714,EL57714
CW761459,CW854850
CW238574,CW654110
EH681585,CJ58973
BN231801,BN127495
CW834887,CW834887
BL205395,BL188528
DS118517,AM61321
BY278699,DL124649
DB14622,BR165814
EG41205,AA103692
AB37048,EF64432
BY545863,BY235937
CT5415,CZ95573
EH699016,DT80107
CW71570,CW71570
CW26367,CW78077
CW310599,CW310599
EH866253,DL164955
BR214254,BL152559
CW217585,CW905168
AN157578,CG108761
BE233590,CT31460
CW1233743,CW799387
DL131422,CL34680
EG36116,CM72009
CT48303,CJ128494
CW1116818,DN97904
CW885447,CW905652
DD140885,DD121818
BY411452,BN447936
CW1143489,EF172847
AL279828,CW1337673
DD73387,CC69830
CW703249,CW934140
CJ137571,CJ137571
DE203792,AK49788
BL227578,DE317705
AA84269,EH245924
DF17648,AD23942
CW392925,DZ9621
DS88969,EL32924
BL252581,BL112937
EH730973,EH923121
DE286502,DA110961
DE282217,DE282217
CW221700,CW340776
AX39077,BL212102
EH579903,AW122424
BL461363,EH1111926
EH288711,CR12783
EH346486,EH378132
BN388689,AL186461
CW806295,CW714074
AN33890,BE150309
AF20109,EH551853
CC151687,AT23707
EF163917,AA172119
EH1089943,CC137050
BN326901,CW634097
AL315394,AL315394
BL265083,EH493957
EH489266,BY451078
BY537616,BY537616
DL237792,DL237792
AN162980,AN162980
AX27097,CW940379
BL368757,BL368757
CW672869,CW802878
EM125808,EM96293
BN409739,CN44567
CW1301526,EF200151
BY568445,BY427935
AA171681,EH522761
AN29341,AN19512
AL308935,EP90637
EH845976,EP30087
DB255423,DB210802
AL204345,AL174931
CS14102,BL277598
CW626527,CW1345121
BY658610,BY401657
BN443510,BN387899
BW48570,EH423281
CW202177,CW1045425
CW655785,CW679232
EH791147,EH791147
EH539486,EH672738
EH200658,BY376199
BL387092,BL387092
BN344937,BN344937
CN74246,BR174150
BE75711,BE75711
BE336538,BE336538
CW742384,CW864325
EH704163,EH391668
EH1181518,EH1165679
AX72059,DT122842
CM53035,DL183852
CE12415,EF18229
BY527742,BY525704
DD125933,DD116885
EH18759,EH18759
EH1110649,AH25996
EH260191,EH414956
CA93009,BS10623
CJ29499,BN150744
DB138101,DB108691
DE82633,BN333636
BN275683,EH422695
BL304829,BE294362
CA60999,EH733303
EH601471,EH861477
EH221076,EH566103
AA107317,DB91730
CW224946,CW287082
EH1077371,EH729179
EH704163,EH840341
DA66354,DA66354
CJ101706,CA73525
AL112691,CA36169
DD68579,AN35216
EH598457,BL210999
CN21106,EH784706
EH1019933,EH1290372
DY8219,CP15195
EJ15380,EJ15037
AL101285,AL117207
EH832863,EH832863
CW693271,CW759654
AM37972,DX46401
DE149267,DE148218
CW293624,BL361873
CW702947,CW1294576
BY468986,BY468986
DS116344,DS116344
EL84034,EL84034
CW712317,BE381989
CW218379,CW306197
ER22826,AS23612
BY714183,BY714183
AS85760,CA24128
EH489266,AM85451
CW639067,CW1349889
EH542373,EH388244
BH158599,BH158599
CW1369302,AK122255
EN56458,CC159583
BL432917,BL432917
CW564644,CW363505
BY410013,DN128437
DD40383,DD40383
BZ7473,BZ7473
AW195754,CP36186
DZ3052,DZ3052
DK34356,BE308990
CW887565,CW807933
BL472998,BG27578
CW1065762,CW1065762
DE217323,DE217323
CE22283,EH666160
CW915888,CW915888
BM45845,AL126524
CZ120956,BN153615
CW655239,CW1031628
CW1230598,CW1352429
EH543842,EH472871
AL147751,AL66820
CW392925,DD70129
AL254970,CA131266
BR79693,BR102258
BB46564,DT81309
CW256046,BL74891
BY610708,BY608203
BL316540,BL316540
EB59992,EB59992
BN411274,BH133278
BB13767,CT8411
CL55104,DL283060
EH530715,EH162789
CD14320,CD14320
CW1170773,CW1170773
BL325852,EH378404
EM109344,EM109344
AP2402,AP47860
BB63680,BR159947
CW1032214,CW337920
CW657451,CW799387
CG62334,BN333636
AY9796,CK12464
BN373114,EH818103
BL454207,BN353478
CM30379,CM30379
BE93747,BE93747
CW849860,CW618305
CA115545,BZ62901
AL67069,EF121571
DX38014,DX48391
EH1062156,DB147421
DB324853,DB324853
DT87452,EH162789
CJ54465,CC34295
EF115442,EF143765
CJ20833,EN77314
DK17176,AH22082
DS116567,DT95987
BR192583,AW104861
DL185261,DL217259
DG23562,DG44532
BD136107,EH646623
CW1210648,CW445600
DT49579,EL18753
CT30695,DT133783
BR132673,BR132673
DS114798,DS114798
EH858634,EH863090
CW340118,CW611190
EH704163,AE17255
EH717600,AZ11400
DB185426,DB31791
AT3686,AT3686
CW552913,CW759334
EH326584,EH230527
BP55167,BP55167
BN157300,BN315424
AN90698,EH249917
BN412939,BN412939
CW434892,BE146692
EH1205146,EH1205146
EH1199845,EH1199845
DZ62354,DD75754
AW92376,BY203162
BE95546,BE105036
CJ111091,DT92608
BN344937,BN270677
CW363936,CW1195710
BY551927,BY107226
CW543117,DZ66007
CM41314,EH592817
BR201259,EH729535
CW853127,CW853127
BN446573,BN343273
BR84411,AP42576
CW106463,CW106463
CN21106,DZ9621
BD103853,AN133324
DN121007,EF169728
CS35311,CS35311
CG166855,CG166855
BP34837,EH281862
CW908668,CW1089245
BY238456,BY90141
EH682580,BK45987
BN553104,EH422695
AL226912,AL220495
CK11129,CK11129
AN82369,CH31447
AN129961,AW131781
EP25493,EP102555
AP91313,AP91313
EH673770,EH1285742
BE356713,AP79404
EH792902,BP39837
AL79495,AA95622
BY627151,BY750917
EH665978,EH627961
BN412400,AB38383
CW218379,CW268477
CW188483,CW1201026
EH489266,BE101251
EP24888,CW156569
BY722375,BY722375
BN298186,BN326299
CW383376,CW164061
DT157535,EK20378
AP81982,AP81982
BH142262,AY17041
CP18451,CN35658
BR121028,BR121028
EH221161,DL67396
DE158326,AX29793
EH769913,EH769913
BD128113,BD128113
EL39646,EL18149
CW1249936,CW553501
EH1050375,AW219135
EH763869,EH763869
CA90184,EN78292
DE82932,CC82395
EP93228,EP93228
CW1118376,AK87990
BK12741,BK12741
CW662612,AA127875
BD104580,DR119177
BY166723,DS85325
CZ33252,CZ105639
CW1004850,CW1004850
AL72115,DZ16522
CW167523,CW341168
DB227682,DB281515
BY163278,BY266906
AS44514,EH602062
CW215662,CW510197
EK19470,EK19470
EH1099034,EH1099034
CW1070675,CW934140
CZ104892,AX61310
DK30887,BE234591
CW925199,CW670998
EM47195,AN117340
AA75035,BL266117
CZ6299,CY13269
AL74469,BH83528
AL41397,BE79857
EH295412,EH331137
CN92038,CN92038
EH884343,EH744101
AS58001,BN367234
AN192794,DB175313
DL225853,DL225853
CW368091,CW477052
AL136232,AL253486
DX22042,DX22042
CJ86363,AK46115
BY231179,BY426715
BJ23448,BL307428
AL204345,BE138182
BB20984,BY750252
BE310844,AK120558
CW152164,CW582494
CW325005,CW1179660
EH674835,EH385417
DK24713,DK24713
AW111561,EL31786
CW216805,CW846991
DN79268,DN9467
BL340712,AL326332
DY27066,CW712288
DE323826,DE290294
BE348918,BE298891
BB46564,BE157097
EH717007,CW821361
CW217419,CW1023785
EH690008,EH799540
AB28189,BY90141
BY355944,EH321357
EH624769,BR59163
BL367701,BL362067
CW596989,CW483468
CL43684,CE19517
AW218276,EL69869
CW975643,BY452442
EF122025,CW308937
AN203818,AN203818
BL437882,BL437882
EH572690,BL246112
AX41353,AX41353
AN175581,AN175581
BD8052,AL125016
CW933600,CW537352
BE44677,CW612923
DR81938,DY47232
BN530276,BN530276
CW421981,CW135931
CW247441,CW487941
EL84696,DT87887
CW147964,CW167148
BR125481,BR125481
AA85932,CW533426
AL112691,CW380714
AL237825,BE219529
CW747230,CW953740
CW1085040,CW1326535
BC35830,AL77660
EH787477,CW552793
EH954530,EH954530
CW206157,CW67137
DL241032,EB45789
DL265457,DE272640
CW552913,CW1113062
CW679232,CW571079
CW933246,CW581836
CW13854,CW13854
AM85552,DN121191
CA73341,CA73525
CW313162,CW297159
CT29503,EB45789
BY376918,BY376918
EH541670,EH458381
EH414827,EH414827
EH297724,EH158229
EH325311,CJ90684
DB215668,DB215668
EF163917,EH925679
CL42960,AM10475
BN371463,BN372588
CW372218,EF120086
CW1029872,BN456609
CW791102,CW1141310
CW66760,CW894716
ER3858,AK50677
DL198943,DL119858
AM4084,AN104991
EH826341,EH816383
CN52523,AZ13019
CW272574,CW1173654
EH285265,EH285265
CW1057295,CW983999
BY99203,BY247533
EH752439,CB49899
DK37226,DK37226
BC39621,CW1090658
AP39525,EH250825
DA72935,DA64701
CG64943,CG154057
AF26976,CN96128
CW1079497,CW457347
CA67473,EH749334
EH465493,EH793784
CJ60335,EH555185
EH550936,EH313386
DB256536,DB256536
EH191652,EH255666
BL507737,DE135204
DZ36305,EH784706
EH1000178,EH941105
DB102099,DB137335
CW870708,CW780453
EJ21357,EH667630
BY496770,BY496770
CW1105122,CZ95573
BY580938,BY580938
EH803349,EH108277
BE243188,CW441972
DT112164,EH623144
CR3732,AW100534
BN288037,EC4388
EF208178,BN239785
DS89846,BD132729
EF46983,EF26749
BR192583,AA169664
CW49888,CW333275
CW564485,CW543412
AN161320,CE42218
BM42331,BM42331
CW841657,CW588973
BL454605,BL454605
BE394714,BE394714
EH482799,EH301614
CA47201,CA47201
CW870708,CW473870
EP32048,EP15620
DL176050,CW583836
DB197610,DB240375
DE304095,DE304095
DG39550,DG39550
DE191149,EH388244
DH47835,CW260151
DK17176,EH433435
EH530818,EH30894
AL112691,CW287954
EH314112,EH233961
AA195621,DR25408
AH22153,AH22153
BL49086,BL49086
CW951423,CW951423
BE252927,AK49788
AX25331,CZ59307
EH128735,EH902772
AL264802,AL264802
AD25552,AN203852
BR150029,BH132340
BR9978,CW106463
AW159412,DT95987
DE280232,DE280232
CW302773,CW493553
BP46729,BP46729
EH632006,EH457974
CW625506,CW989185
EH760848,EH760848
EH69683,EH1060898
EH194386,EH367083
EH348783,CL34680
AW92376,CW244533
DL151118,DL133735
CW1086999,DB123626
DE213891,BY474173
EH1116797,EH1116797
DZ29781,CZ38203
DN41449,DN41692
BH118252,CC89087
EH348783,BE107303
EH605456,EH652263
CW218122,CC31247
EH830077,EH830077
CW1071646,CW615566
ES14361,DX15549
EH825801,EH741121
EM41130,AA95209
CJ106607,CJ106607
BL241341,EH637721
AL184608,AL89541
AA71544,AA194054
CW749295,CW1290192
CW975253,CW259771
EH810121,DA86613
EH1095164,EH1095164
CJ139737,CJ139737
CW385847,CW1243226
ER20800,CJ162055
BE385469,BE385469
DB211652,DP37847
EH899483,EH1126678
BW45434,BW22654
DD46412,DD51539
EH401450,EH401450
DE287935,DE287935
AS64433,BY573260
AL159611,AL159611
BJ31483,CN68353
CW417011,CW210303
BY346426,AG39434
CW745930,CW732623
AW212729,AW212729
BN273478,BN256769
BH147783,BH147783
CW53799,CW167446
EH905541,EH905541
BW35837,CB93093
CW552191,CW1101611
BE197897,BE298891
BE224762,AK49788
DB94124,CP19705
DL183265,AL200870
BN323826,BY633732
EC20814,EC20814
EH471387,EH471387
EH592293,EH592293
BN89179,AB37355
CW619733,CW301220
BN380000,BN418868
AN184633,AW183431
AA59728,AA129347
EM95328,EM95328
DE62671,EH229921
CW1142012,CW533290
ER38237,DS104526
DL148301,EH933416
BR125608,DT114979
EH994868,BR133928
CW653213,CW1070964
CW704517,CW801010
EM89938,EM112499
EH563954,EH324549
CW917187,CW917187
BE156922,EF69218
AN138418,BY498845
CW910906,CW910906
CW146667,AW91578
EF105615,EF57747
DL247717,DL247717
CW837695,CW837695
AB31900,AB31900
EH775831,CD25709
CW745930,BY523401
CE4287,CE17971
BN282581,BN281346
ES22078,ES5359
AK108477,AK108477
BD53413,BR117054
EH866131,CG6470
EG53162,EG53162
CW1367850,CW879712
BE44069,BE51724
CW95650,CW121117
EH827495,EH827495
DB95499,DB153799
BB38747,EF38231
BB34733,CX17061
EH671841,EH301005
BE451468,BE451468
AM80113,AM80113
CP38163,AW189841
DE274205,DE115161
CG101583,BR56178
CP23275,CR25876
AL245502,AL245502
BL249367,BL229934
AP53646,CC13514
BR220213,CJ131524
CW52929,CW52929
DP55758,DP55758
CW698394,CW1067426
DB210959,DB212462
CW534161,CW422425
CW1152871,CW1022842
CW1060212,CW1254032
BE359046,AK163581
AL249752,CW292413
CW654240,CG165302
BY591573,BY591573
CW220342,CW1213504
AA100490,EH575333
DN82992,AA122605
AL260733,AL311555
CW550238,CW741581
EH498877,EH339180
AM16830,BE151171
BL241341,AM55688
CW66760,CW165699
EH866253,DS86380
CA79273,CA79273
BE186659,BE186659
CW1185929,CW614305
AL176879,BE219928
CW1282985,CW1347545
AL208657,AL90706
CG94432,CG94432
BY306654,BY421540
AL228748,EH345667
DP35138,BD154874
AA164934,CC119579
CW931063,CZ76360
AA100490,DT100576
DX13014,BR157341
EA17031,AE14436
CA75755,CL6079
EN3396,EN4668
CA95561,CA95561
ED43653,BB64974
AL200357,AL200357
AL230662,AL230662
EH561680,EH179672
CW1020874,EH872847
BD72172,DB196954
EN22726,EN38218
CW145222,CW600646
CZ33252,DZ55629
CW235461,CW337298
EH482799,EH175265
BL448521,BL393859
EH421405,BZ18582
CW1027906,CL56299
CW149289,CW662268
AN223799,AN223799
EH1048992,EH920770
BR160326,BR140083
CW1052149,CW1052149
CJ20966,EA2851
EB34388,BL198863
CW1079497,BL257589
AK110778,AL126624
CW932972,CW1124265
AL274421,AL274421
CG109093,CG106828
AN122035,AN122035
EH245068,EH228836
CW785212,CW785212
CN28475,CG31026
CW765881,CW823835
BY414765,BY390437
EH749334,EH749334
CB46441,BL250794
EP86234,EP86234
EH314684,CC120622
EH533095,EH522761
EH392221,BD3619
AS47087,EH592817
CW782563,CC95098
CW255772,CW594140
EN65551,CW154717
CW493277,CW1321425
BL409041,BL409041
BR126750,BR126750
CW894365,CW458033
BL280546,BY98936
AH14426,AH14426
CG100979,CG183542
BH80806,BH106059
CG42790,DD49065
DB189875,DB189875
CW1075534,CW1191098
DL217530,BH106059
BY78706,BY78706
EF183929,EF182360
CW26367,CW73850
BN397434,DA65165
CW1066528,CW717338
CW293624,CW204004
CZ53699,CZ47542
CW461593,BL484595
CW588954,CW683240
EP89840,EP89840
BR192583,BL411462
CW684196,CW859082
DN142787,EH470249
BL257303,BL213273
EM46832,AG56103
AZ16446,AZ16446
EH1118494,EH816209
AL277702,AL290555
CN61506,BA9989
CG32224,CW1133583
DN78339,DN78339
BN371463,BN394465
CM76942,CM76942
AX17123,AL20848
DD113887,DD113887
CW1365817,AM76296
EH875377,EH610228
DY34009,DY34009
CW915134,CW905652
BT7490,AA108294
DE60607,DE67527
EC22683,DK23138
AL113256,DE47824
EH629260,EH629260
BG36988,DX65764
DW77098,BL242899
CW693571,CW444840
EH490290,EH840341
EH1124565,EH1124565
BR20158,CJ172888
CW123085,CW182993
BY603668,BY603668
EH278065,EH757364
EF48039,EF143559
AL315948,AL94111
DB191957,DB132537
CW358466,CW453823
AL363774,AL238267
DT76781,DT76781
BY507036,CZ89453
BE290864,BY523433
EH847262,EH847262
CW834112,CW471563
BL11158,BL81767
CW610619,CW654110
CJ111091,EH518484
CW888392,CW888392
CX17243,CX17243
ES16183,ES16183
DE295843,DE295843
CW365024,CW654110
CW363939,CW740736
CW202466,CW582593
CT30695,EH780233
CW454439,CW461742
EM42871,BN390697
BB16917,BD58659
DD176661,DD163739
AA53363,CP38120
DB74119,CN68353
CW895721,CW1315254
BY678183,DR60306
CW138464,CW1254845
CW348956,CW277029
CX16424,AP13711
AL196355,CC118220
AN121620,AN121620
DB107669,EB45789
DZ61703,DA87962
EL54208,EL54208
DL185261,DL256578
EH1029944,AL173589
CW724685,DL111453
EB38685,BY377296
EH502819,EH502819
CW1052942,CW1052942
CW1024720,CW1282719
CM53602,CW990080
EP86628,EP30087
CW1367810,CW1321161
EH861513,EH716987
DS102387,DN74562
BM18848,BM18848
AL306231,AL274421
EH253676,EH347802
DE76354,AA67648
CW1154002,CW1154002
CJ80670,CH29223
EN74533,EA37018
CC116491,CC34295
CW1170601,CX17061
CW578879,CW1052908
BN265232,BN265232
CW704113,CW704113
CW862372,EH592817
CW372218,BE107303
EB38685,EH488092
CB80153,BR237904
EH942907,BL362532
CW525555,CW525555
CW147964,CW505963
AM73402,CW204004
CT34034,CW1070675
CW850038,CW850038
EH423159,EH591003
EH205528,DD131422
BY192604,CW718890
BR148314,AW166329
AL92959,AL140743
CT45437,EH575333
BH168085,BH168085
BN121952,CW203785
CW704957,CW349211
DL141292,EH885583
CW912209,CW1010724
CW870708,CW1126437
BE18581,CW217139
EH875377,AA69206
EH853505,AW197422
AF26440,AF26440
CG16769,CG16769
DB201045,BN311781
EL49242,AW220150
EF63463,EF63463
AX28819,EH255666
EH314112,CW526394
CW464651,CW464651
DX33840,AN21634
CW1240746,CW882196
EH1055151,EH1055151
CG145905,CG145905
DD67486,EH1013687
CW578879,DT87452
AL209153,BN289473
CG146937,EH720380
EH860266,CS30949
CW703907,CW703907
BD58123,BD58123
DH64885,DA118533
CW672869,CW672869
DL138074,AW116290
AA31107,DB95019
EH258501,CW1025693
EH704891,DL211304
CW645645,CW466430
DC23396,DC23396
BL301761,CW156569
BZ33041,BZ33041
BN184776,BN204016
CW707159,CW718888
CC150320,CH36948
AS86973,AS100170
BR79693,AA71863
BF11287,BF11287
EH983760,CC86119
BD97075,DA120102
CJ123344,EH224741
EH568865,EH1086344
EB62120,CG117385
CW1140721,CW886156
CC71533,AP69871
BY342855,BY692670
BN352480,BN352480
CW1118376,CW996353
DE330069,DD225516
DN74285,EH327031
BL386019,BL386019
BF40563,BL364462
CW831447,CW831447
CW841657,CW841657
DD163905,DD163905
DE233119,DS40755
CW670998,CW670998
DD196348,BE65694
CW548381,CW556259
DZ57770,DZ57770
CG58896,BL467649
BL284520,AA143809
EH314112,EH348783
DX42662,CT22254
EH379393,BL112937
EH489266,BN456609
CJ40010,DR47644
DB111753,CM29334
AN157767,AL197609
CW924631,CW477594
CW965897,CW800495
BY423316,BY184280
CW234225,CW1045731
BY649254,AN85247
CW569281,CW316219
DA22982,DA47676
DT9413,AN155672
BR115021,EH267429
EH921809,EH921809
BH92545,ER24231
DP52524,DP52524
AX17123,DB331118
BY669732,BY669732
BN200145,BH184479
BR10134,BA16092
DT124114,BS8631
AA167454,BD117775
BY276365,BY539054
BE195441,BE218208
AN130998,DP44759
EH711563,EH1014293
AK116101,AK116101
CW1119021,CW520711
DB113951,DB113951
BL379155,BL379155
CW731420,CW735865
EH425590,EH575333
EN29937,DX61178
CW820315,CW820315
BY32081,BY170321
EH342243,EH342243
AS61813,EL15289
BD35963,BD122716
CB60044,CB60044
EH400872,EH400872
AP67200,CM40018
BH150139,BH150139
CW598454,CW598454
DZ3052,DB13136
EH1183291,AW131781
BN473464,BN145183
DR28511,DR28511
DB279699,DB275709
BD97705,BD97705
BZ10183,BZ10183
AK141045,EF78748
EH764910,EH764910
CW996882,CW583836
DL185990,EP84986
BR146772,EH1219170
CW982014,CW982014
EM99067,AS83330
DE274205,DE147345
BL59134,BL59134
DZ31056,DZ31056
BH53048,BL86813
BN419975,EH719919
EH819845,BN335615
DE265324,DE304095
BP54842,DB60799
BG8748,BW22654
BD124063,CE17939
AN126055,AN126055
BY185692,BY185692
CW769008,CW769008
DE214268,DE166496
BL419718,BL419718
BN416978,BP50600
EH853993,EH950725
AA148654,BD47906
BL229364,DE193178
EH455015,CA25258
CW163083,CW163083
BL259549,CW528641
BR122750,CC89087
EH702618,BD44600
EH151765,EH979324
CY4101,CY4101
DL114527,DL146427
DB150145,EH827823
BN335388,EH181736
EG38657,BJ28291
EH825739,EH1289633
EH752439,AN85765
CW498271,CW498271
DE128340,AX81335
CW1064993,BL81102
DE96516,AW60359
BJ41957,BJ41957
BM47516,BM47516
BY585857,BY585857
CA115545,DL164955
CW633200,CW370434
EH514172,EH219539
BL315711,BH82959
EH592293,EH1006844
BY368282,DE239045
CC39757,EH240540
AA145073,AA169664
DW54289,DW55776
BR123679,AM58008
CW1020922,CW473608
BN323826,EF149374
EH535473,DB247164
BL495097,EP101938
EH752439,EH388032
CW349887,CW580188
CW99061,CW896157
DH54159,DH54159
EH667452,EH667452
CW1076121,CW848320
AA115114,BD24295
CW346209,CW788482
AK52561,AK168451
AA60261,EH146826
CW634785,CW227010
CG64943,AN85247
BN76573,BN143848
DR75954,DR92849
EH467552,EH1079819
CW887801,CW887801
AB14050,EN38935
EH295713,BW4392
AN94048,AN51713
DS72058,BY466363
BN170301,BN37262
EH1005433,EH708144
CJ142337,AA175527
CA17265,CB78203
CW874502,CW874502
BE351892,BE32984
BY390598,BY390575
EH179763,BH106753
CZ47834,CZ47834
CW1061138,CW1061138
BN349162,BN153631
BS11116,DD134024
EH596565,EH376280
DB165478,DB165478
CW963910,CW963910
CY30081,CY30081
CL23948,BY219975
DB164803,AK67061
BE277456,BE234193
BH33419,BH103409
EH680929,CM36263
BE331869,BE331869
EM89419,EM89419
AL232663,AL175698
CW1365817,CW1349889
CW1176573,CW679232
BD121899,BD122768
CW859082,CW859082
EH925732,EM41375
CC52647,EL30981
AN89921,CT38635
EH235897,EH164748
CC150320,BL272172
CW714081,BY335138
CW632174,CW1191098
AL169362,BE214939
CW715853,EH778184
BL447913,BL447913
AN98597,CT26623
EH455957,CA130300
AA165493,AA165493
CW1033694,CW1033694
CW357548,CW265544
DL17888,CG65060
AL31300,AL31300
BY442127,BY353476
BH146235,CJ209675
AB28189,AL52378
CW467416,CW328016
CW1330358,CW1062548
CW1159527,CW1159527
AX50415,DX67653
DN64184,AW144053
CW436990,CW492967
CW1154381,CW1170634
CW1301526,CW1173415
DE285729,DE187991
CW554828,CW739134
AX42838,AX82509
DE233382,DE169969
DE194530,DE194530
ER18825,CW162116
AW125069,EH922220
DA72935,EH949463
DK44931,DK44931
AF12193,DB268682
CN31740,DH47037
DA116033,DA116033
AL184608,EA32104
CC109919,DH60825
EH634309,EH149783
CW1142012,CW1060259
CA73341,AA132878
CW928145,CW551829
EH177316,BL182975
CW1162310,CW1339407
AN73299,CW292559
CW1001573,CW587597
CW975643,CW667131
EH800716,BD113090
BL174259,BL119910
ER33208,ER33208
EH845153,EH642862
EH533095,BL287786
DG22785,DG29767
EH731835,EH731835
CW216484,CC85882
BL323730,DE85274
CW659934,CW517395
CC120622,DS39544
AN88214,AN88214
BE91742,BE118991
EH712749,CG154057
AL30119,BE146692
BB87641,DL95928
EH448372,BN237413
EH1032588,BY372804
CW715853,BR105483
DP36368,DP36368
DB44382,DB56672
CG115424,AW166329
EF74667,BR37701
BP35441,CW271528
BE379556,AL326808
ER18825,AL31294
CH42103,CH42103
AF26629,AW218004
EH528143,DL94347
EA49357,EA19772
AA160323,AA69206
BE27371,BN114451
DR110531,DR110531
AL166602,AL120564
AW209210,AW209210
BC45573,BE339544
CW503068,CW525155
CW1051252,BN403749
BE217630,EH697544
CW577781,EL86159
BN122196,EH98130
EH489266,DE147345
CW497250,CW56931
AS59834,AW208956
CW1169337,CW294583
CW173003,CW131106
EH473298,EH684983
BE54516,BR137911
DN135650,CD27952
CW465911,CW1006848
DB208489,DB208489
BM6593,BM6593
BE182375,BH117188
BL274568,EH522761
BZ35404,EP30087
EH1250162,EH1250162
AL36579,AL36579
CW574525,CW302925
BE301335,CW126814
BB36972,BY86668
CW664295,CW555126
BB119379,AL193354
CW736200,CW736200
EJ23951,AC15849
EL93736,EL54661
BY588195,BY588195
CW1327256,CW1075206
AL68218,AL78866
DZ32098,DZ32098
BK44694,BK44694
CW813204,CW813204
EB61447,EB41732
CW1145433,BL266337
BL521995,EH729179
CW312757,CW310928
DD107781,DD131422
BR140453,BR178254
CW102115,DZ9953
AL38872,AL38872
CW161293,CW44022
DT150123,EE6285
EH516890,EH18768
BY645737,DL229054
DX39555,BH117188
AL51742,CW201139
BE351499,BL228388
CG34019,AD26029
DB207984,DB113852
CW1123554,CW527932
EJ23951,BN384472
CJ128749,EH279335
AK33163,EP99068
EJ12102,EJ12102
BY309282,BY238743
BE233590,BE156646
EH57221,CT44797
EH1060449,EH1060449
CW330373,CW570953
DL104765,BA16024
EH342554,DL46047
EH788088,EH1027897
CW808787,CW788482
DE82932,AA6821
BL441003,EH1213701
DK29919,DR13637
CJ101706,AA141177
EH273703,EP48326
CJ35448,AP13711
BC66199,AN121734
CW1078292,CW472474
BY615887,BY283841
DB82732,DB267617
CD6047,AA119825
DB74339,DB153799
EH603758,EH603758
BR144303,BR144303
BL458041,BL458041
DB94124,CD21139
CW986861,CW1370224
BN455643,BN455643
DJ17090,DJ17090
BY561533,DR83833
EH760025,EH760025
CW938930,CW807933
CP26782,CW550610
EH984900,EH685238
CN76262,CN57190
CW1263733,CW1263733
AL74741,BE91911
BY308088,BY308088
CW1163979,CW1339908
AN99507,CW556259
CW864249,CW748929
CW518470,CW535246
AN160623,AN160623
CT29503,EB38966
BZ35765,DA86981
CW1293126,EF159127
EH126647,EH459206
CJ143355,BR196955
EH639650,EH622632
AM62502,CN79629
CW418699,CW1280585
BY370440,BY559697
EH810121,AB35304
EH234963,EH592817
EH810121,BP49647
EG53162,AA192243
AN63886,BY555825
AA146169,EH167585
BL417279,BL417279
CW357548,CW167148
CW426989,CW201082
BN311975,BN319950
BN24840,BN4839
AX59714,EF166094
EH497630,CM36263
BL261971,EH558874
BR169639,BR177926
EH400546,AW110243
CW977807,CW203199
BR192547,DP16620
BG39583,BG39583
DL185466,DL195956
AW123425,AW152065
EH477815,EH587081
CL49740,BY670053
EH121147,CZ27256
BN329019,BN495415
CW640036,CW640036
EH940021,EH1058475
CW1009083,CW1228446
EH62011,EH710903
AN129961,BY11795
BL274568,BL393859
CC37456,EH661631
AX45025,EH646051
EH681556,EH124212
AL104595,CZ105639
EH1205406,EP92577
EM26481,EM26481
EF169189,EF169189
DB263801,DB181028
AM107743,CW1337673
CW806295,AR10820
EH456602,EH486300
AN68823,AN68823
BN9703,BN43512
CW392925,DB268682
DZ19260,DZ47770
CW321296,CW169839
CW238574,CW122931
AL81366,AL124225
DE230305,BX20950
BR136456,DD93446
AL64275,BC42725
EH530715,BY548893
DG53677,DG53677
EH676157,DL210162
EH321861,EH162789
BE355533,BE355533
CW165415,CW214661
EH1043050,EH558874
CJ20833,CM43490
EH1054729,EH1054729
AG35571,AG35571
EH629269,EH1316233
DE116404,DE147687
CX13766,CX13766
AB37048,AE17255
BL37480,CS9202
BN121952,DX33847
AL234194,AL234194
CW122930,AL115165
BN406122,DN155612
BR179410,AN156561
BY705858,BY194713
CJ139826,BH147754
EH924488,EH924488
CW749295,CW1070675
CW1157217,CW862357
BZ35765,EH469596
CE57007,BY527742
EH534711,EH834875
BE195441,AL173589
BY528269,DB137404
CW247713,CW435746
DT11000,DT11000
BY371077,BY264291
DR100560,DR100560
EF69380,EF69380
CW641084,CW641084
CE53311,CE42218
CT5190,EH98130
CW241382,AL129674
CW1073255,CW61328
DE282355,DE259427
EH1121041,EH1121041
DD35153,AW125265
EH395368,EH395368
CW95005,DE319177
EH704163,DT155471
AW144675,EL44969
AL107012,AL312554
BE155449,BE155449
BB119379,CG128534
BY408420,BY449120
EF14690,CW507916
EH747175,EP73553
CW703825,CW304482
CK12986,CK12986
CW990457,CW583331
CC53510,CT8411
BY613975,CC86119
DN75932,BY380986
AM85552,EB83042
EH752439,DE212670
CW123085,CW641084
CW70922,CG61375
EP25493,EL27176
DD59955,EH228836
DZ14961,CW122931
BL176549,AA116976
EH423740,EH298184
EC14184,CX15739
CW919007,CW942199
BR126616,BR126616
AS60394,AS60394
EH1044459,EH600844
CW390025,BE246262
CW912065,CW774246
BH54931,CY21303
AT13382,EK13759
EF9816,EF9816
BE6287,BE9820
CW596030,CW975211
AN77823,BD82285
EM113267,EM113267
CC116994,DD104090
BL377608,BL377608
EH950252,EH823218
AK75757,AA180190
CA14206,CT8411
EH319879,EH110200
DN107083,CA70316
AN187860,AN187860
BN258375,BN169638
AA124519,BB103529
CW681124,AN216436
CW1293126,CW366696
BL280511,EJ23951
DL150453,CP11074
DB200957,DB200957
EG28786,CW1318430
DB82462,DB310469
AL92959,DZ52117
CW306483,CW306483
CW734328,CW486815
CW629950,CW282396
CW499678,CW210303
EH769447,EH769447
BY501617,BY27145
CW655239,BE450651
EH1031693,EH423895
EP79841,EH878111
CC108169,CR25876
DE98368,DE120856
EH1033703,CG160700
AA189574,BZ36519
CW467416,CW319968
CW806331,CW989958
BG21648,AS86973
BH54774,BH54774
CW110264,CW149541
BY376366,BY454626
EJ20857,DT99043
DZ17744,DZ17744
CW1012968,CW1012968
CD26826,CD26826
EH51858,EH51858
EH857910,AP80469
BJ42732,BJ42732
EH254449,AJ21547
BE242957,BE119297
CW568256,EH884345
BL330121,BL213777
CW1081587,CW1011121
EH1205146,EH258369
BJ36606,CE42218
AL293977,AL293977
BL345643,BL390173
BY288669,DS38931
CZ106435,CZ35113
EH1000315,EH1000315
CW133457,CW35436
AM67780,AM66551
CN78334,CN78334
BN148816,EL51466
EB3152,AM43167
CL32334,CL32334
AP59415,BD93716
AN46311,AN46311
EH825895,EH712601
CW720424,CW323338
BH46612,AA71863
CT41469,BE206336
CW365995,CW35436
BB11222,BB11222
AS59834,BD24891
BL241341,DH32859
CG120926,DP36066
BE352505,BE142276
EH851023,EH204661
BL391927,EF64432
EJ5288,AA87314
EH1023385,EH1023385
CW758317,CW496101
EH1003910,EH1003910
BN417351,BN256869
CW518269,DA35367
CW1065762,CW498346
CW441751,DT87452
BL154791,BL130073
EM56703,CJ96193
EH489266,EA26503
DR12029,DR12029
CW501972,CW570953
BD32036,CC12200
AN182543,AN182543
DX43793,DX49389
AN129961,AW103591
EH211812,EH230527
BR172654,BN518406
DT29550,AL77201
DE191090,DE122770
BL334930,CW673567
BN307057,BN307057
AT3335,BL235687
EH382906,EH233499
CW242961,CW415163
EH708998,DZ66007
AL189421,CW1005841
CW890098,CW217139
EN38201,BE181140
EF80389,EF80389
DA10387,CW715729
DZ62354,BL260427
CC117747,DL193666
CW1148453,CW604459
CW313113,CW298951
AL217368,BE269235
CW657691,CW1367214
BY672966,BY672966
EH852130,EH823996
BE274410,CW481071
AN159030,AN159030
BL454207,DH59378
AP63981,BH39884
CW935955,CW950202
DL185990,DL256663
BN315392,DN87046
BY598446,BY598446
DL217530,DL157234
AH16932,EP56950
AF23851,BR155373
CW602226,CW712288
DT166698,DT166698
CW966728,BY390231
CW1043616,CW298734
CW108324,AW48587
BY582724,BY582724
AM86080,AJ21547
BN336188,BN462215
EH787662,DL237792
DW45252,DW45252
DR35985,DR35985
BR147269,BR239904
EF193869,EF193869
CW558112,CW759395
CW715729,CW715729
EH975117,EH585306
CW793049,CW543412
CW1366045,CW595746
AL256718,AD19400
BD97075,EM56718
DB161407,DB206303
EH755518,EH755518
CW1281540,CW380572
EH878143,DE254102
DZ56361,EL36842
CW207233,CW193171
EM77643,EM77643
DB218350,DB173080
DT87452,DT28999
CW1068920,CW1068920
DS104846,EH1092518
CB39800,CG41773
DB169275,BD160777
CW185489,CW169839
CW569281,CW505842
CW490263,BY335235
BN167923,BY20295
AL136232,DT85352
DH56596,DB98046
EH1024217,EH1024217
EH671857,ED39945
CP45066,CP45066
CZ120956,EL18149
EH963201,EH1080082
BL222563,CW116096
AZ16394,AZ16394
BL342485,BL227329
BW52326,DE276700
CW767325,CW315693
AS96283,AS96283
CW695560,CW450500
CN37656,AP64158
DN40701,DH32278
BY418590,BY274656
AL133130,AL157767
AL24620,AL24620
BY436493,DX14528
BY475643,BY278295
CW441751,CW1026960
BJ31483,CW277849
CW62892,CW62892
DM8159,CC78989
BL100496,BL100496
DP35138,BL299779
CW917712,CW889949
AL237708,AL49721
BB99804,EH760025
BY92499,BY92499
BY649254,BW6309
DL198943,DL114581
EF111163,AN63509
BY416408,BY48495
DS72058,ER24773
CW598042,CW598042
EH918401,EG50858
CL38926,EH755293
EM91584,EM93118
BW50816,DL98502
DL96466,AA103165
CP15821,BE152610
AG40217,AG40217
DA102023,EH238244
BY152201,BY270792
BN340986,BN281346
BE94515,BE94515
CW884962,CW875051
AW106287,AW106287
BY122059,CL43774
CW1066928,CW1066928
EF16318,DR105031
CC90465,AL173589
EH564863,BH93328
CW997238,CW667131
BE284336,DH36649
AX73513,BN329773
CG6573,CW320202
AL261351,CA109498
CB46441,BH118293
CW148319,CW1062449
CW103031,CW533693
BY115582,BY11954
DL213238,DL213238
CW720780,CW559786
AM60880,AM60880
EH544854,EH179672
EF126887,EF92022
BY400993,BE210572
DL121901,DT66532
ES12183,AA65227
CW906501,CW906501
EF45638,EF45638
BN425055,BH163532
BZ52758,BZ52758
CW1266400,DE328124
EH780402,EH751096
CW1235482,CW819839
CM67733,CM67733
DL141582,AS51361
BN451718,DL232851
AN85506,AN85506
AA178284,AA178284
EH97504,EH980408
DW57565,CJ131524
BL313584,EH1166671
CE35351,CB49899
CL38142,BY633732
BL241341,CM29334
CW562739,CW356526
BY595851,EH955051
BY157868,BY183400
CW331335,AH15493
CW1071199,DR104635
EH833848,EH833848
EA31891,EF186635
CW650570,CW929984
CL47562,CL47562
BM28182,BM6593
CW927999,CW592873
AX66822,DL226909
AA207501,EA37018
DR33725,DR33725
DF12745,AA28776
DB113448,DB46440
AP50741,AB31111
BN191669,BN209343
BR183057,BR183057
BN536621,BN536621
AG32312,CJ183458
EN24925,DN53691
EH499774,CE27421
BL366253,BL366253
AW164214,AW164214
CG162942,AZ13000
BY29483,BY232285
EH1000889,DB97930
CW84546,CW148515
EM71250,BR3520
AP73912,AP73912
CW252040,CW231806
EM105472,CA50534
BY81022,BY146044
BN210912,CJ58081
CW331778,CW1025693
CW1140326,CW1301526
BB88636,BR155373
CG146937,BR81884
BE36833,DL128403
CW457984,CW300901
BL443049,BL443049
DY40921,AA64778
BL193773,BL203658
EH562631,EH748990
CC58693,BH54346
BL201797,DA6563
DD139012,DD139012
AP81981,AX57830
CW102115,CW151254
EH208533,EH1137540
EH741121,EH1205146
BH142262,EH575333
DN104631,DN63813
CJ35448,DB113852
AY9796,EH67572
EL74376,BY549688
CW893925,CW373583
AL313600,AL250308
AN157765,CC159583
CW164500,CW1154079
DD107781,BH134730
CW422124,CW422124
EH358076,EH614273
CW1124857,CW1060259
CW875325,CW475393
AS43437,AS43437
DL138616,EH1037679
CW607631,CW888746
CC41226,EG48868
BB91646,BB91646
EH978946,EH999287
EH179763,EH281862
AL38983,AX17123
EN59623,BD123511
EH1013034,EH1013034
BL280546,BL503200
CW1013468,CW879595
BY580768,BY580768
EH1210044,DE280232
CW184648,BL216701
BD9882,BD84314
BN96650,BN84961
BL260522,DE138569
BN419972,AC3675
BR168956,BR168956
EH516050,EH438279
BL483375,EH685238
CW844247,CW869159
EF121096,BE238493
AM89332,DD201553
EH1056091,EH1056091
EP86628,EH733026
AM22432,AM32934
BN353103,EH423895
BW35837,BL274568
EH844960,DK23138
DL179289,DL180100
EK14551,CA42781
EM123938,EM91584
AA113661,AM57006
DB259191,DB259191
EL84696,DZ54904
EH513654,EH537322
CW375963,AM9175
CB81778,AL241803
BW24107,BE129190
DG39960,DG39960
BH107320,BH107320
DE290195,DE290195
CW1295964,CW894278
CW917113,EL81109
AL278949,CA73956
DZ63011,EF162743
BN328372,BN294914
AY22112,EH376204
CW450284,CW1290192
BL403295,BL452978
EL55049,AN35216
EL27623,EL45131
BY448119,BY266906
BR144303,AM61321
CJ111091,DA50351
BH54931,AZ10483
EH868352,CC100575
CN55334,EH671857
BL439267,BL439267
CW1148515,CW886156
DA19284,DA50351
ER25936,ER30760
EP24888,EP24888
CG35865,BN205353
CW561082,CW137807
EH654987,EH480220
EH1021093,EH1021093
CA4757,CW329921
DR150899,DD75754
CW725175,CW720775
BL342549,BL322991
BR148314,DN116516
DL186008,DL115405
AE14341,AP83087
DT134858,BL404663
AB39882,AB39882
CW1143489,EH875028
CJ163090,CJ163090
CG124558,CJ116394
CW815138,CW128387
DX5211,EH376204
CW376835,CW530024
EN74079,DE117001
EH984778,EH799540
CC128037,AB38383
EP64728,EH385417
CC99831,EH345667
CW975873,CW975873
CT49886,CT49886
DZ67441,DT153130
CH51026,CW1024483
AB35517,AB35517
BL334930,BL378969
DR101303,DP41742
BN197681,BN238907
EK20310,EK20310
CN26629,CN26629
AK141045,EL50356
EL87411,EM139140
CW1010910,CW415163
BZ7539,BZ7539
DE303845,AX55737
EP78850,EN60509
CW268057,CW175943
EH494621,DE62670
CW688785,EF73129
CW756039,CW756039
ES12342,BR181985
BE378606,BE328454
BR225722,DE325066
DE321659,BW48570
CW908668,CW320944
BP32754,DB218743
CW878578,CW875051
CW1103258,CW824738
CC99592,CW704113
BH148721,BH148721
DL237222,DL237222
BL217511,BL275606
DE155940,BD100409
CW1162753,CW1162753
CW927999,CW464254
BD132552,CW575407
CW120696,CW120696
BB90645,CG134870
DB212548,DB103830
BC56437,BC56437
BY210920,BY209950
CW756239,CW759334
CW964158,CW568595
DA100007,BF21094
EH409586,CA29237
DL214706,CC122509
CW642340,CW642340
CW997238,CW231746
CW1083017,CW269593
EH281179,EH291050
EH1200839,BL267639
BE372248,BE372248
DB259900,CR5380
CH37702,BE234591
BW35837,AT28942
BT5114,DE8544
CW582017,AW156990
DN107486,AZ5927
AL249331,AL159089
CG72782,DB137404
CZ107629,BE374922
BN123205,BN517148
AK114462,AS69850
BL354615,BL354615
AN171977,AN171977
CJ62081,DX32906
CW416158,CW456089
CW157844,CW780453
EH818141,EH818141
EH1229180,EH1229180
EH629832,EH629260
CW700842,CW1321728
BN129299,BN209556
EH1251752,EH1251752
DR38280,DR38280
DL189769,DA84128
EP86628,AG55427
BR134325,BR134325
CW1041951,CW1041951
EP37638,DE140768
CM72331,AX65261
DB182139,EH522761
BL464228,AN169488
BL250335,CC31247
BK40973,BK40973
CW296958,CW296958
BN129299,BN124876
DT9413,AG59118
DE310494,EH913416
AA100490,DH24301
DK24444,CC97595
CW318108,CW740736
CW383376,CW164601
BE26987,BE45389
EH815527,EH815527
AP15106,AP89604
BR133015,CL34430
EK14551,CC71527
EH354244,CG71628
CW560832,CW1199132
BY357662,BY235937
EH221161,EF56403
EH525872,EH525872
DL101138,EP53826
EC12966,EC12966
EP90557,EP90557
EH539757,EH522761
CW713062,CW735711
AK107739,AK107739
AG47761,AG47761
AN50007,AN80261
EH213587,DL67396
CW675293,CW1014351
BH129005,EP47666
DH2523,DH2523
CW493167,CA126134
EH918401,AA190244
EH635994,EH798467
DB316252,DB103462
AW191061,AW191061
CW692815,CW748852
CW972453,CW595661
BB105342,AL98910
DB140086,DB140086
AW122705,BW44356
BM60720,BM60720
DL207647,DL195956
AL137024,AL108271
DL119348,CC31247
BG48729,BG48729
EH1006682,EH421933
DZ63011,AA190244
CW1196378,CW1196378
AN179540,AN179540
DB254446,DD142257
AK88159,AK88159
DP42107,DT172666
DE230305,BE57173
AB42550,AB42550
AN76990,CA61284
BH141915,BH117188
AL61655,AL261351
BY99203,EN51374
EH195894,BN333636
AF24276,ER34345
CM41314,DE154601
DL129125,BL3778
EH696816,EH258224
EH116471,AA75035
DB294871,DB185347
CC102694,CW253569
EH993586,EH121147
EH141159,EH1308717
DL203325,CW1042516
DG60426,DG60426
CW415299,CW612666
DD120049,DD120049
BZ56999,DE134957
CW935955,CW707245
AW111561,BL213273
AL174025,AL170747
BY400993,EH469596
EH383452,EH484605
EH704163,EH1161385
EB62120,DW64150
CW792705,BE144594
EH855687,EH366954
EH419376,EH419376
DS78510,DS78510
CW926443,CW765253
BY511276,BY645168
EH802795,EH816383
BL176549,ES14825
BE251804,BE123444
CW1095803,CW1235482
CR22045,EG35557
DN82992,EH469596
BY699038,BY235165
CL55104,EM34946
CW180620,CW1294576
DB182807,DB196954
BB54577,BC38217
BE422454,BE409766
DL75051,BK13316
BE198340,CA99393
EH533095,BH177176
BY344273,BY365786
DE230305,AL89541
CG24066,BR147471
DT87452,DT100576
DR92419,DR92419
DN98339,DN98339
CW208185,CW165699
BP75133,EP53598
EN35926,DB114728
EH135153,EH92168
DT115231,DT115231
CW95182,BZ5283
DR110373,DE242068
EH917322,EH917322
CT24483,DN69417
DN74285,BD77965
CJ108064,CJ2739
BY137305,BY8526
CT48303,CZ113609
BL386019,BM54769
CW553501,CW553501
CW221166,CW1090298
CL45505,EH780672
AX47641,AZ10483
DM8159,CM29334
CW938930,CW1339407
AS59271,BJ47875
EH1050375,EH1007120
DK30887,BR133928
BR82335,DE115161
AN120941,DN133290
EH783279,EH1000315
EH875377,EP49818
DB181337,DB181337
CW194579,CW477095
AW184198,AW184198
BY616926,EH772397
BR124940,EL55380
EH844960,EH827823
DK30887,EA35014
BY715818,AN35216
CW404131,CW287954
BR24813,BR54023
CW743852,CW779730
CW232491,CW95696
BE287341,BE153908
CW651362,CW415163
CW81990,CW103741
EH899483,AP68630
EH744018,EH744018
CW133457,AB12971
EP64104,EH933416
CJ35795,EH367083
DL243230,CA111495
CJ141247,CJ141247
CW1184634,AY31154
BN301583,BN301583
BE154383,CC13471
DS107791,BY313798
BE44069,BE36543
DZ35483,AW31229
DG48448,DH45307
CW619733,CW491199
DB150145,EL48801
CG20933,AM72164
EH600776,EJ23951
BY63709,BY376199
EH753496,EH753496
CC75962,CW139714
BE335552,AL32838
EH966536,EH1131374
BE295800,BE295800
CW454439,CW282396
EH1077371,EH1077371
DB256341,DB146982
EH849524,DE180477
BE8203,BE8203
AK113306,EH913416
AN149296,AN149296
CW990278,CW990278
AN99507,AS51361
EH346583,EH1082915
CW997238,CW244533
AL113520,AL113520
CW498346,CW964158
BY661951,CS25808
CZ107629,AM94899
CN72377,CN72377
EH654987,EH167585
AL166428,EM101748
EH993056,EH162789
BH86420,DB123870
DA17979,DA90979
BH77320,EH780520
CN68691,CN68691
AX13184,DJ12367
BN433976,DW66064
EH550797,AA133984
BD94198,BL272172
EH730973,CW844757
CW244900,EH718651
EH1001305,EH1001305
EH378125,EH249917
BN318856,BE174423
BN205998,BY439540
BN313637,CN57190
BD89391,CA145066
CW765881,EF142579
BE131563,CN72377
DL156316,DD85688
BP26555,BE141599
DD97866,CN81361
CW420703,CW453563
DW36030,EH429230
BY559796,BY495533
EF154240,CT20463
CW165496,CW1036729
DB281839,DB285301
BL299178,DL157516
CW1169337,DA35367
BN176899,BN238297
AN140198,BE18331
EN66564,DD132583
AN192369,AN192369
EH922286,EH922286
DB106227,DB110109
BR142431,EL65244
CW1107194,CW1107194
AK91857,AK91857
CW596989,CW581974
BD97075,DB91730
BN9703,DL4960
CJ122474,BR75434
AL314408,AL239159
EM122281,EM122281
CW992591,CW946535
DN129793,BL409388
EJ6951,DN48729
BN493722,DB235964
AL142784,AL142784
CW890846,CW595661
BN108380,DZ38251
AM22432,AL18054
DB280150,DB289416
EH604437,EH238244
EH24806,BR19697
CJ134915,CM52862
AL350345,CW1003810
CW220342,DA59719
BN278298,BN304602
DN104631,CA111863
CW585011,CW1025693
EF230298,CJ164594
CW210693,CW1330915
CW837646,CW287082
EH850631,EH378404
AL179735,AP58795
EH309570,EH1059245
DD6093,EH67572
EH134705,CZ42040
CW946632,CW1146129
BB73862,DS71729
AL44336,BE18331
BY663388,EM75476
CA72570,BL312834
DA34185,DL150699
BC39621,BR81884
CW469220,AN132266
AM45558,DZ17813
BN328379,BN374422
BY275561,AN126323
BB2830,BB56229
DZ57957,EH836790
CW998298,CW888746
CW503068,CW689956
DZ62354,BL219910
CW596292,CP20101
CW711781,CW780453
AM73402,EL48301
EH999472,EH495578
CJ113717,EP69693
EM79350,CJ113844
CW1026768,CW476269
DB85860,EH295967
CW1265044,CW1265044
BG22738,BL282678
CW84345,CW84345
CW846925,CW1329048
DN111991,BH83528
BZ33239,BL500024
CD30433,CD30433
BE334563,DN155612
CW539151,EH416020
CA51612,DL168331
CW1125816,CW221979
CB79537,CB79537
EH757554,CW893573
CW327867,CW563497
ED32016,ED32016
CW1103258,DD165353
AA188491,AK106011
DZ62122,EN78185
AM107743,EH923798
CT59613,DE184237
EH812024,CZ75035
CS29515,CP52840
AL101744,AL90706
BL469159,BL374509
CW482765,CW575679
CW531371,CW531371
BY724290,BY716235
CA73693,AL174739
CG94117,EB37483
BM57474,BM55760
DB234536,DB117766
CP53165,CC143187
BL258096,BH118293
AL319823,BB103529
DL76263,CC121907
EH304588,EH272574
BY553605,BY200470
EH825801,EH204661
BL151164,BN60026
AA127439,AA118435
CC128037,EH1027144
BE217630,DE116694
CW1067934,CW896224
BY645737,EB68535
EH973276,EH973276
DD115929,DD113887
AN126423,EH585306
DL142071,DL142071
CW893281,CW1174587
CH41467,CC86112
CW1164209,BN236573
CR24531,CR24531
AW122705,AW118552
CC119289,EG50198
DZ48762,AA151667
CW424565,CW491547
EH1313852,EH1313852
EH1242748,EH89219
DL205805,DL205805
DN123965,AP58795
CW1064993,CW1064993
CW477594,CW477594
CW634097,CW445600
DZ23029,EH774163
BH101923,BH101923
DB54925,DB16276
BE370734,DD138940
AN187706,AK37636
AM107743,BY516025
BL331809,EH884259
EH1235828,EH1318939
AA80983,CW555126
CW1154381,CW244533
DT151187,DT151334
CW372218,EF28031
CZ54100,BN246901
BZ55315,BZ43588
CW387665,BL171172
CG130303,CG185158
EH1152484,EH252755
BP34837,EL48301
CW1240890,CW1342644
ED43106,ED43106
EB75421,EB75421
BY78943,BY279659
BE336181,BE336181
CW363936,BD81228
CW361232,CG151931
CC98076,EH247811
EM100437,EH1109734
CW860877,CW860877
BY715818,BY449404
CC28677,BD67776
DL149416,CW94308
CC137637,CC95636
CW728299,CW923219
BL287268,BL287268
DA71707,DA71707
CA83553,DB59601
BZ35884,BZ35884
CW221417,CW221417
ED37829,ED37829
CW1330495,CW685489
BE265762,BE297995
CW829212,CW829212
EH823960,DE205814
EH194386,DL124411
CW885447,BN503152
BG22738,DZ40969
BN472059,BN472059
CW202580,CW1330915
EF220460,EF220460
CY25479,CY25479
BL139150,BN248382
EH489266,CH25942
EJ19525,BR197989
AL74741,AL307394
BB96490,BB32545
DL200299,DL200299
EH41737,CG40160
EH489266,AW125265
CW302925,CW302925
BN33206,BN17582
AA60261,CW203785
BH54931,EH428116
CW606165,CW514465
EH525116,EH525116
CW377086,CW1030387
CW691329,CW703973
AA60261,DE127114
BE47165,BE199909
CW998866,CW624668
CW556259,CW1060175
BY230864,EH343641
BY491340,BY491340
BY368282,BE219529
CW986861,CW850167
CR23450,DN88981
EP15894,AA103905
DA89692,CW1023001
DC3906,DC3906
BY456666,EH478771
BL473799,BL473799
EH712749,DK23138
EH864254,BA14628
CH60685,CH60685
ES14361,DB59601
CW376435,CW499592
EH1184547,EH818103
BN371718,BN371718
BY678686,BY194431
EH1042911,EH322447
CS30809,CS30809
BD121469,DB168094
BB88932,CW308937
BN553104,EH622632
CW386232,CW1048328
CW581575,BD147028
AL217356,DZ28548
CP27893,CW550610
EF210204,EF210204
CW425693,CW315815
BN302386,BN540673
CT59613,AZ13000
BN313637,BN315455
BR177085,BR177085
DL143098,DL142940
BP18718,EM34946
BN322763,CW795435
AL240758,AL229496
EH860017,AW101255
DH47835,CC62272
EH238104,DN146390
AS59271,AS40094
BB54237,AA103165
BY158706,BY263279
EH359007,EH733026
CW878625,CW643815
EH685245,EH777259
AK110778,EH660112
EA31635,BR149267
EM32065,EM32065
CW486791,CW1173869
CW905854,AN133324
BE406333,BE392279
CW885859,CW535246
CG62334,BW6309
CC120622,CC120622
AN148022,AN57808
CG66271,AN5453
AW183502,AW112485
BL356232,BL356232
CW659934,CW407077
BL85410,EH433435
DA76812,AW113604
BL362227,BL362227
EH576687,EH576687
AN107645,BD112806
EL85743,EM108788
BE396514,AL211183
CW824141,CW824141
BR193169,BR193169
CW424689,CW933188
BL364972,BL506290
CG42790,CG117658
BN176899,BN148819
DB94207,DB54129
EH713677,EH457974
AA165098,AA165098
BY148937,DE307228
EH121469,AM10632
CW330571,CW1349965
DT92246,DT153130
CG20933,BE128702
CJ82049,CG16617
DL136297,DL142940
DD132408,DD132408
BY428454,BY11795
BL301761,BY632282
EH222361,EH24900
BL455988,EN66150
EH399677,EH502864
DB229095,DE223744
BE199015,CW218122
DB267423,DB267423
AL310402,AE25450
BH48040,BH65670
CJ136719,CJ210665
BR183337,BR183337
EH314112,EH343641
BN311862,BN296479
BN352599,CZ121627
BD132015,EH659569
CW972453,DS86380
DD123655,BL228388
BE211797,BD64175
CW1080569,CW1080569
DT17588,DT115574
EH966398,EH966398
EH676960,EH441743
DE239037,DE246590
EP44872,EH473778
BN409739,EH388032
DE230305,EH961360
EF190968,CL49372
DL141292,EH465240
CW450284,CW592554
CW539151,AN130752
CW710812,CW452437
AL246264,CZ49573
CW550109,CW1024469
CW498283,AN52393
CW864249,CW978220
BE101114,BE64432
BE272273,BE430543
DM31115,DL97029
BE350152,BE350152
AB37048,BE138198
CW482765,CW862357
BP68163,EH1273045
CW591702,CW721741
BN308177,EH522660
BN281996,CW693878
EH938125,EH938125
DN94633,DN41692
CW349887,CW340774
BN553104,BY79490
DL115116,AP47201
EP39482,EP56950
BN261024,BN261024
CW891274,CW891274
AN182425,DH42751
CW164601,EF132752
DE112597,DE208529
BB90582,CN79722
CW1190636,CW519494
DR50579,DR50579
ED55171,DZ54904
DA86202,DX39846
DD142257,AE29586
CP28261,EH1113432
BN348626,BN447936
BR150029,AW209210
CW11877,CW11877
CW1045646,CJ21187
CJ139338,AK57613
CW1024308,DL217565
EB38685,CJ131524
EH1000262,EH429049
CJ146265,CJ151576
BY312255,BY296501
CW165496,EH206074
CW926443,CW305427
CC120622,BR174150
BE176318,CT33602
DB256341,DB121313
ES22401,BY308515
AL51742,EP102555
BY185640,BY185640
CW1140326,EF159127
CA51612,CM29334
DS67768,DS67768
CW1102376,DE217323
CW711781,CW638169
CW886301,CW886301
CW1113810,CW1113810
CW1366784,CW704517
CW171077,CW126284
EH963201,BE452701
DL124837,CG49989
CB32958,EH884345
EH871497,EB68535
BD63161,BE18331
CW1020874,CW295048
EH765373,CH59695
AL170770,AL90706
BN275926,BN275926
EH492088,EH386310
CW1079497,CW338090
DD107689,DD107689
CJ80670,BJ28291
AL137024,ER23229
DD113887,DD120049
EH716083,EH622632
DX61812,DX61812
AW92376,AM85451
DL138616,DN94150
CN71587,CW1329056
BN453290,BN453290
CN54005,CJ183458
CW878625,CW158836
BY423316,BY241819
EH185791,DB86365
EH1000889,EH802835
BN308262,BN308262
BY166723,AW208956
EN59623,BN378856
DB153799,DB153799
BL418908,BL418908
CW629462,CW1070964
AN141015,EN78292
EA17031,BL312834
EH1166671,EH343641
EN45331,EH751096
CW893381,CW1301526
CW977807,CX17061
EH999472,EH475055
EH891623,EH808349
DP36178,DD26331
BD42620,BD42620
EH461553,EB63892
DE76354,CM58578
CJ118739,CJ118739
DE256749,CL57158
EH147985,DE129948
CW994137,BK45987
EH622027,EH818103
DL44349,DL230782
DB305844,BL339184
AY33011,EF169943
EN57534,EN57534
EH1066003,EH360516
DA110093,DA110093
CB42948,CW1045731
CW318096,CW172263
DN79454,CC112446
EH359007,CC116240
EH67033,EH429049
EH121469,CC68545
DL182355,DL168331
AL30359,AL32838
CC136333,CB33199
CT30695,CW244533
AL64042,CT19768
BP18718,AP13711
DT161314,DB250959
BY276269,AX37477
CW703249,CW560090
DZ22638,BE184661
DS77676,DS66478
EN56458,BY472436
AA136081,BP41161
EP79931,CE35192
CW517735,CW964158
DN137004,AA168823
AL328859,AL252780
CW804661,BL345228
DL199216,AN64332
BL274568,BL287786
CW318108,CW392574
DB61407,DB28301
CP28121,DB164507
CS27678,BR220712
DL176050,DL185475
EG57225,AM60862
BY662416,EH632503
AL56832,EF191459
EH421263,BM5630
DW41663,CZ47378
DB53826,DB102185
DX49389,DX49389
DB272493,AN187956
EH641440,EH641440
CW287082,CW322937
CW990481,CW1324975
CJ20833,AM55688
CW1220726,CW1220726
CW212558,CW557245
CW434892,CW525422
CG148375,CG134870
BK50041,BK50041
CJ198073,CM39892
BL196153,DE52741
CW1052685,BY668148
CJ47597,CJ47597
CW778486,AA151758
AM79210,DN111057
CW1039585,CW469464
CG90200,CG90200
BP30197,BP30197
BB103015,CL12948
BE385228,BE339242
AL332569,ES8097
CW878219,CW285437
CA80070,CA20580
CW692815,CW854850
BR54861,AW154615
CW584751,CW1023477
DB85809,DB39372
BL369102,BL369102
CW1257312,BF30207
DN143628,AX65261
BY71439,BY299692
EH729512,AA162148
BL133828,BL133828
CW885859,CW294727
CW1010023,CW250857
DW49555,DW49555
EG57377,DR121327
CD11013,BY540951
BT7490,EH451788
BB48501,BM58816
CW704957,CW1289978
EH117972,EH117972
AA167454,CN79722
EH346583,EH331681
CH36563,BD160777
CW616156,CW419752
EH493257,BK28509
EM37519,EM41425
CW730171,CW982014
EH489266,BY203162
AL184613,EH258369
BR45751,BR45751
CW767325,CW455459
ES19846,DN100363
CW993501,BL299779
CB80153,EH729179
CB81733,BN333636
CC151687,DH41256
AN74893,CW334744
BE358629,AL333662
DL204745,DL204745
CW237097,AL32750
BE332300,EH733026
AA101523,CW602202
AL64042,CB33129
DB217320,DB217320
BY558025,DD146132
EH572920,EH496126
BY704530,BY391470
BE18581,BE260395
BY497800,BY456120
BY626111,BY626111
CA37053,CA46062
EF60415,EF60415
AL221142,EH485845
EH784578,DT28999
CW1025570,CW718888
DL252693,DL252693
DW36346,AM80778
BN489152,BN489152
AH23017,AH23017
BN318856,AB27222
EP81690,CM49078
DT79703,EH419118
CE40331,BD121143
EH957431,EH192511
CW989478,CW989478
BB30198,BB72014
DZ44296,BP29269
BE355242,BE229274
EH409586,CA42781
CJ156706,CJ156706
EH302764,DT63899
DA121556,DA121556
EH606712,EH316924
CW1084668,EG31767
DR56090,BL166957
DL101138,DC12678
DB240717,EN34844
EH1191626,EH1191626
BR20158,BR72034
DE48916,DE59367
BR63508,BR106377
DT151332,DT151332
EH967968,EH261419
BY376366,BY439540
BD132156,BD132156
CX20292,CZ103936
BN537497,BN537497
EH1046640,BL393821
EH850631,EH420549
CB80153,AA150196
BY614039,BY614039
BD127931,DB172340
BT11949,CN79722
EF48039,CJ19590
CG147119,CG135968
AL181822,AL181822
DE119609,DT81309
BN553104,CA20580
DE274205,BK39505
AC3675,AB27374
DW64652,CX12952
AL264203,AL264203
BN44706,BN300835
CW990457,CW560761
CJ40010,CJ81140
AM81705,CW277029
BN381310,BY325071
DA107572,DA107572
AA60664,DD63766
CW1131496,CW1131496
CW1066188,CW1368162
AN69344,AN144884
EH1150213,EH944356
BL393243,CW1101611
BN536793,BN536793
BE451120,BE451120
BY564555,BY539654
EH1315664,EH719533
BL293491,CW657519
CW905926,CW456089
DA46517,CW78698
DD107781,AS73674
BR180051,CG137948
EH392334,EH349128
CW233208,CW272965
CW493277,CW1332787
CJ137281,EH429230
BN94818,BN545021
CH9107,AM40735
DL185990,BL330505
CJ45680,CJ45680
CW646471,CW646471
DB178321,DB139313
CW1125609,CW533290
CW933473,CW933473
BD97075,CP50046
CW116501,CW602333
AD22285,AL204114
CW222001,EH1235532
BL340807,DE134957
CW1173843,CW1149034
AN170141,AN170141
BY460800,BY465071
EH704163,DR71902
CX11407,DZ55629
DD35077,EP29388
BE189348,BE194798
CJ80670,EH429230
CW605075,CW742845
BN346973,BN346973
ES14141,BN246901
EH831593,BL231467
AM85552,DB209085
BY276269,BD74491
EN49359,EN49078
CJ119870,BL504665
BR123369,BR123369
CW1038905,CW1038905
AL159341,BE219529
CW460660,CW1318572
AB11948,AW46743
CW456741,CW456741
BL198076,EH730417
BE337649,BE276508
DS107791,AA104774
DK30364,BL216701
EH775841,EH835427
DD196720,AA169664
BY465698,BY253114
BN446573,DL185475
CW104441,CW838383
CW913284,DT139958
AA171930,AA171930
BY678686,EH347802
CW293460,CW358466
BP30275,BP30275
EF19834,BN540673
DB215622,DB215622
EA26816,EA28598
CN78856,CN92038
EH190210,EH224741
CW1278000,CW898215
AB40139,AB40139
EH1154159,EH389724
AM85730,AM85730
BY739364,BY739364
BY84035,BY641228
EH128735,EG15277
EH939343,DE166091
EH1138041,EH238244
AL243429,AL49721
EH711563,AG45307
AN216548,BY705013
DN107083,CC89087
CJ103894,CJ103894
DE246538,DE246538
DZ36305,CE55136
DK25197,DS73631
AA169666,DE278119
AK113306,EN66620
BL441188,BL441188
AW123425,AW151458
BE283501,BE283501
BL398778,BL398778
CW1025570,CW289594
AP8405,AP102360
CW678873,CW259771
BY244225,CL54554
CW383376,CW167232
BB106630,BB106630
CW326311,CW1048328
DL169595,BY762044
EH810309,BL500024
CW517329,CW1208307
BL476954,BH133779
AN30723,CC62272
CW672027,CW672027
EH975117,BY409931
CH60203,AP79072
DB157530,DB166294
EL65752,EH731984
DL204128,DL197368
BE246265,DX13189
CW733120,CW121117
BJ32522,EG59342
DL106144,DL106144
BB102630,BB103529
DW56619,EF55811
EH1238077,EH1238077
EN57942,EN57942
AL283513,DT127844
BD60421,BD78096
EH831286,EH831286
BE76774,AL53236
AL90475,CW218122
DB305844,CB49899
CW538521,CW1048328
CW623302,BH179120
DN68853,EH349030
AM101551,AM101551
BB40725,BB40725
EH1152484,EH1152484
EH825865,EH825865
DP42763,BN384472
DX22458,BN150744
DN123965,BY743104
CW917113,DB260509
BY575508,BW59447
CJ86363,CW278418
CW544061,CW244384
DT106904,EF126293
DT94877,CG154057
EL47084,CB54900
BN391233,BN315121
AL90315,BN239785
AW146145,AW146145
DB148161,DB139738
AL240758,AL72586
CN73910,CN73910
CW327861,CW891936
DE318585,BS11969
AL208077,BM43262
EH967153,EH810778
EH456602,EH455304
AM98391,EF99131
AW155029,DE282632
CW443298,CW481590
DD98983,BY222155
DS78400,AX29272
EF78228,BL182975
EH113314,EH986451
EH752597,EH235890
AE30202,CN79722
CW1063861,CW664198
CZ33165,CZ33165
EH805342,EH805342
BG39972,AM97285
DB113932,DB102865
CL23948,BD112806
EP46077,EP46077
AM42951,CA90579
CW1164209,CW382495
AW169616,AW169616
BY165432,BY659679
DD125933,DD38148
DD125933,CA42781
DB252153,DB252153
CW150706,CW335737
CW864320,CW735865
CW110649,CW722936
CT45437,CN81191
EH671857,BL287268
EH451788,EH842666
CW216484,CW879595
CW711702,CW711702
CW931483,CW931483
EH1014293,EH1014293
DD114988,CW985828
CA47672,DS63347
BN553104,CC31247
CW687548,CW687548
AW182036,CJ65393
CW586410,CW527932
BN86540,BN27120
CW1142354,CW1343640
CW1096949,CW131106
AA113661,AW174856
CT48303,AE25450
CW182993,BD50386
BR164892,BR164892
BP51066,DA104838
BN335388,BN343273
DS116653,DS116653
BL477637,CZ87607
BR172315,EH592817
CW407850,CW300901
CW1045076,CW1045076
CW1162310,CW788482
AP98643,AP98643
BN323252,CX16424
CL62842,EH53673
CB70897,CB70897
EH139561,DY28742
CA80070,AA71863
EF51076,EF51076
DE230305,DE154247
CB81733,AW142118
DB159765,DB163219
BE462318,BE245234
DB137922,BR210249
CW1126916,CW1023001
CW781404,CW934242
CW500329,CW456089
BW35837,BY697685
EF241970,EF241970
BY390598,DE198193
BD86740,CC85882
CW574525,CW1319974
AB25016,CB51367
CW56478,CW201224
DE99913,EH650779
DT25924,AL294316
DZ47457,BR128365
CW460367,CW328016
DB215997,DB205195
EH1204526,EH1204526
AW179745,AW168632
EH994868,EA35014
DR9187,DR9187
CW918664,CW918664
BR220213,AT16946
BL383697,BL383697
BT7744,CC53892
EH401705,EH288788
AW123530,BR76852
CW624932,CW651363
CW1028925,CW520711
EH1221775,EH1221775
CW526581,CW428855
EH741121,EH192865
CW665728,CW468598
EH769221,EH769221
CW395633,DL122281
AA14392,AA14392
BZ24029,BD77965
EN37930,CE51226
CW528227,CW757837
EH863924,EH863924
AN145540,AN145540
EH1159382,EH682523
CW641084,CW154717
EN59623,EH729179
CW830069,CW14594
DY22402,AK107112
BN157032,BN228258
EH360926,EH355541
CW501972,CW740059
EH673116,EH673116
EF81909,EF81909
AK59448,BD92705
BY81656,BY81656
CM71077,CK15384
CW563472,CW1220414
CW906976,CW854850
EH592293,DB118889
BN148816,AW35740
BY527742,CW1337673
BD134158,BD92079
BP37654,CW547078
AA189574,CC138284
CW57087,CW507916
DB74119,EM115910
CA41329,DH20188
CW512656,AN123163
DL115726,DL128379
BR82335,BR81884
CW194579,CW582494
CB72871,BR107813
EH412412,DN53691
CZ82200,CE17243
CW428172,CW475393
BR181773,BN503152
BY400993,AK132746
BY723372,BY723372
AN159237,AN106361
CW906976,CW748852
DA97499,DA50351
EH454166,EH388072
DZ19260,BJ18400
CW165496,CW990080
BE91742,BE102835
EN24925,AX30332
CW572013,CW572013
CW596989,CW253271
BR84411,EH238244
CC117747,AL326808
CW1037200,CW430802
EH634309,EH459865
CW1233743,CW703973
DE177691,DE319090
CC133355,CC133355
EH833478,EH833478
EH1035408,EH759801
BN315727,BN256869
DN82538,DN81459
DE280232,DE278119
CW902384,CW745207
BL448521,BH177176
EH1249167,EH1159685
BY291534,BY246933
EH143005,EH143005
CW600060,DA52246
BY78943,CW380714
DL88871,DL65332
CW157742,CW251736
BL116843,AX35681
CG116004,CG132765
BN515231,BH54346
BL137803,BL149197
BG52389,BG52389
EF183662,CW1319588
AW179985,AW210165
DE128340,DE113255
CW296756,CW456089
CW914602,BL395295
AL112691,DD116885
DB268170,DB268170
BR212602,BR212602
AL318435,BL193636
AL318435,DB183834
DN127436,DN127436
CW964158,CW964158
BY318757,BY327350
AA210000,AA210000
DR71672,CW444840
BB87558,BB87558
AK11838,AK11838
CW848684,CW602855
DL202138,EL54661
EM104516,EH116155
CW378392,CW378392
AN69344,CW453823
CW592373,CW592373
BN377243,BY20295
EH878111,EH878111
BY230864,BY222155
EF172359,EF172359
BY395381,BY188814
EH870745,EH870745
BH42248,BH73640
DX22458,DS3179
BY507062,BY458406
EH405491,EH980408
CW1219024,CW783615
CW1219024,AA155581
BN414958,BN283434
CW346209,CW333895
EM25692,EH1036637
AL319823,DE319090
AL226912,BE132387
BR90255,BR90255
CW356672,CW1315254
EH697247,EH1181483
BL521995,BL342612
DN94633,CN24581
CW428953,CW310767
CW142311,CW425831
BY631593,BY631593
DH57404,CC78989
BY646830,BE146692
CW951763,CW951763
CZ107629,EH892125
CW1026494,CW527932
CW1026541,CW1026541
EH1118292,EH764039
DT9413,CW243008
CW1013468,CC31247
CW808787,CW1339407
EH275885,AL134434
EH752439,DH37810
BN128427,BN169769
DR110373,CW1044383
EH297724,DE129948
EH927551,EH927551
DE193666,DE193666
EH219446,BN337364
DL47552,CL12948
CW948243,CW467725
CW816867,CW519854
CW724721,CW266772
EH179763,BH54180
BE355648,BE355648
BB85846,DZ30274
EH125516,CW631669
DD133675,DD133675
EH794454,EH570671
AW122705,DZ7494
DW56619,EH167585
ES18856,BD82712
EH496109,DN84537
EP38295,EH175570
DL2944,DL70372
AX20349,AX20361
DL143209,DL143209
CG35865,BN35448
CW619733,CW305052
DE277215,DE281909
CJ194797,BY482319
CW800495,EH522892
AL184608,AL166446
CW216484,BR59163
DL217510,DL206684
CW898215,CW898215
EH1037136,EH568495
BD37855,BD37855
CW581407,CW611190
DS104847,DS104847
BP58302,EE5931
BR124805,BR69628
DB156966,DB316395
BY436493,EH149027
DB153881,DB153881
BH92545,BR81884
BN311106,BN311106
DT115805,DH3512
CW222655,CW162116
AN166298,AN232430
DT150123,EH925679
EH891623,CJ155201
CW740280,CW740280
EH1226512,DL271141
EH899483,CJ188455
DN52146,DS39544
AL161635,AL161635
CW386232,CW419244
EH689161,EH1311716
BL284520,DM33101
CC29635,AN63509
BD45732,DE107517
EH444618,EH358393
CA83553,BN364847
CW173003,CW124750
DR84257,EH576280
CG139342,CG85194
BE294362,BE294362
BY397611,BY320159
BE192009,BE192009
AN173894,AN173894
DS80151,BY545863
BL283946,EH249917
DG51797,DG52198
CW782194,CW617562
EH1069624,BN367234
BL280511,DB137404
AL58094,AL58094
BN386101,BN404711
EH1161321,EH1161321
BE269347,BE322455
CW935515,BL65915
DW36030,BL219910
CW218379,CW320944
CW1096087,CW974398
AN198800,EH1136422
CW547958,CW555706
CY12419,CY12419
CW273611,CW186287
AN168741,EF163881
BY290541,DL160645
DR110373,BD145180
CG9615,CG9614
AK67061,AK78969
DL217530,AR6305
DS102387,CN44567
EH378404,EH378404
CJ9572,EH16652
EH1064128,EH629260
BL284608,CL31416
BD124063,CW246712
AW208848,AW208848
EH102037,EH80615
CW605075,CW480362
AF14323,DX46401
AA114045,AA111364
AL184608,DB158546
DZ2349,DZ2349
BY558268,BH106405
EH919288,EH813186
BN361669,BN361669
CJ209272,DL230835
CW442660,CW525422
CW1280474,CW1019535
CW555263,CW723288
BR19684,BR59933
CG94432,DP16620
ER21653,ER21653
DW57565,BB117664
AC5822,CG57800
DL246709,BY319771
DR130961,DR97743
AS65905,CC101253
CW668186,CW779730
BP51126,BY577813
BL121029,DW75153
CH60203,CW439741
CW806827,CW806827
DB149857,CZ94752
EH563954,AS32905
EH494621,AN162718
BE331610,BE336538
BN9703,BN8556
AN61326,AW72551
AX57450,DE184261
CW931171,CW284433
BL267309,BL267309
BD54775,BD54775
DB202269,BY351804
BY47543,BY692670
BL395932,BL395932
DE186638,BW48570
BY509438,BY741821
CT34034,BY383163
EH626999,EH623574
AN185264,AW138617
BE144594,EH314830
BR124940,AL174739
AM44062,CH22136
AM73120,BE219928
CD23025,CD23025
EH1182487,EH1182487
BY405133,BY405133
EH1000556,AW118104
CG101583,BL209778
CW162512,CW496101
DD62506,DD78809
BL201855,BL221900
CJ36731,BE369184
CM17888,CM17888
BL254941,AL85569
EF126990,EH576280
AN129961,EH342552
EH1110649,EH1110649
CW272574,CW986322
EL84696,EH458630
AB23169,BE117278
EH1064866,CW511552
EB50207,BF30016
AL161613,AL144512
CW1027040,CW1027040
EA40094,CW886013
CW626735,AL100874
BE224762,AN85247
EF162165,EF162165
CW220342,CW349262
BN484007,EB26724
BY400993,DL176078
BN302413,BN179766
DB140810,BH117188
AM107743,BL530731
BZ22849,BZ22849
DR84361,DR84465
EH979375,BN322055
EH939343,EH810309
DT26989,CN91697
CW50802,CW171739
BL247328,BL247328
AA121862,CC53892
BN319764,BN379143
CW181300,CW748929
CG24903,DT81309
BZ22255,AA103692
CW483142,CW359930
CW372218,CW372218
EG16698,EG7313
CW1126916,CW788482
BE334563,BE402043
BD117994,BD117994
BL54696,AM81665
AB37048,CC58478
EH228425,EH233917
CW581407,CW602026
BL409226,BN319795
BY480038,BY608203
BY578833,BY592426
BN506170,BN506170
EH830038,EH830038
CW238791,CJ131524
AX19084,AL167879
EH849006,EH852561
DT106904,BX24775
BY172162,AP47860
CW594016,CW477007
EC16065,AL211233
BE390268,BE101888
CW934708,CW1055602
AW132511,BY430962
AL60195,AL60195
CW1013468,CW740059
CW1140326,AK132458
BN335444,BY127521
CJ122002,BE374539
EH823960,BH76495
EH454166,EH433849
AL92959,AL80196
CW623302,CE35351
CW165496,CW277849
DR89562,DR89562
BH156628,BH156628
DT135660,EF118430
CW643136,CW864411
BN251723,BN144841
BL229364,DH68659
CW533512,CW533426
CW85458,CW89064
CC46921,BD37975
DB185118,DB114101
DS101081,DH36649
CW856509,CW856509
EH238104,EA54857
BD101807,BD101807
CW867868,CW475393
DL156477,DL121347
BE33360,BE216250
DB201045,DZ49657
BN313637,CC89087
BE128472,BE246153
CW610486,CW1301680
BB103015,AA156445
AN138418,CT48183
CW584607,BN319795
EH533218,EH442330
BN149236,BN123791
CW1010431,CW517099
CW494380,CW703973
DE60607,BL154052
BJ31483,CW203199
DN73540,DT155471
EH561680,DS39544
AT3686,CW345585
EH409309,EH445909
EF134195,AA155212
EH850631,EH229974
BN468876,DS71477
DD103717,DD103717
BL521995,BD123511
AG49802,CN57190
CW762165,CW333895
DB61407,DB153708
CJ101327,CJ101327
BN311056,BN344653
CW695560,DD69435
BR167126,BR167126
CW997238,CW495460
BN254174,AL45729
DM5475,DS4526
BH52628,BH53793
EH556380,EH556380
DB256906,DB198706
CW482968,CW335737
DR84257,BZ41530
AL106328,AL106328
AL144443,AP25329
CC90061,DE269401
AG49572,AG6972
CW1275983,BR163236
EH656486,EH697654
DL203403,DL100669
BE271852,EP73553
CW520181,AS60394
BY435597,AW122331
AW189092,AW189092
CW1137695,CW1076847
CW615538,CW377231
DE229657,DE84233
EM105022,AN96190
CW372218,CW111986
EH707724,DT118704
EH564755,EH19652
DB117079,DB223536
EH436876,EH460205
EH368614,EH349030
CW1210516,DB230850
DB182139,CB93093
CW710812,CW1045683
EH221161,AL190305
DL151000,DL199984
CW773031,CW1360611
AL85779,AL64275
BY226606,BY112776
CW958747,CW507943
EH836246,EH388244
EH1062156,EH622632
EP64714,EP83573
CZ54100,CZ67296
CN74246,CW217139
CW93110,CW613922
BR79693,CC85882
CW829170,CW829170
AN179540,AW199404
EH898225,EH898225
CW644220,CW644220
DB206958,DB241315
DL185261,EA54857
EH794912,EH428455
CG29934,CG29934
EH827823,EH827823
BE242956,BE242956
EH817800,EH817800
EL62841,EL62841
DR76530,AM71079
DZ47457,EH592817
EH1171013,EH537322
BY573200,BY167897
EA34514,DS78247
CW1141195,CW619775
EM7518,DE133884
CC85087,AL126049
AM85552,AA155581
BY244509,BY192920
BL258096,EH442330
AP61717,CW1319588
BE181312,CW511552
BL381917,BL284122
EH694655,EH331681
EL30981,EL25509
CW1024756,CW1199132
CW759334,CW1060175
CW679232,CW705591
BY603687,BY549528
BL261971,EH528673
BY418590,BY203162
BL323074,BL229896
BD97075,DT95445
AF14323,BH172075
AB34975,AB34975
AK112173,AK61622
EH762654,EH831579
AL316330,AL316330
CJ158376,CJ158376
DE18712,EM118370
EH1088434,CW1337673
BH130499,BH130499
DF18063,DF18063
AL179735,EE5931
CH60203,DD70129
CG77594,CG77594
BY389519,BY327350
CW238574,CW602389
CW1190636,CW577627
BN474062,BN485329
EP98635,EP98635
BY579635,BY585057
DD74967,DD74967
AL175969,EH812842
BY562165,EM107290
EH802592,CM20656
AX44442,AX44442
DH21740,DH21740
BY572531,BY572531
DL58803,DL58803
EP57424,EP57424
BL294051,BR88394
CA73693,BT10245
BH111834,BH66151
EH952083,EH952083
EH1204122,EH663213
EH585417,EH499585
EF212299,DM32297
AL31300,CW334558
BR220213,BL452978
DL119348,DT87887
AL314408,DB210802
BN94208,BN205353
BN496742,CK12203
DD120789,DD120789
AN117691,AN117691
CW460367,CW472230
DN123965,EE5931
BK27519,BK27519
CW893573,CW1370224
EF111594,CC86119
AL273208,AL273208
EM55129,EM55129
CW768739,CW782194
EH125516,BD92705
EL91597,EH889984
EH439878,EH228836
DS102387,DT87887
DF19206,DF19206
BL521995,AN146157
CG137534,CG122388
CW1073079,CW824738
CW313882,AW139343
CW186779,CW341117
EH592293,CW243008
AN122728,EN34759
CW109119,CW312188
BE202417,DL176912
EH379393,CJ79549
DE120389,DE176397
CW50745,BL84914
CW745163,CW612834
CW70324,CW425831
CW557173,CW199889
EH592293,BY392382
CW1301526,EF159127
BN301737,BN169638
ED43507,DT124377
BC31737,EH488092
CW1079497,CW377063
CW710812,CW1208307
BN298697,CW298734
AX78885,AX29793
CW1040265,CW1040265
EH570209,EH1137510
DS98391,AA150196
DL101138,DX12630
DK20670,DK20670
EH719318,AL147720
CC150320,AW209210
BE335552,BE13501
CW658637,CW1271672
AA137938,AA157223
DB215839,DB215839
AL90315,AL89541
CW929749,CW167232
EH542373,EH254314
CW759654,CW759654
BY344273,BY449120
EH222798,AN155672
EG42942,CB80987
ED55171,DE216991
DT72599,DT72599
EB32501,AX60683
CW744912,CW477052
DE155940,DE82522
EB42237,DT85352
CW562739,CW308361
BL127802,CL34680
EH718925,CW893573
BB96490,BB50772
DE314606,DE314606
CY16112,DR25358
BL434449,BL434449
BW52374,CL43684
CW1004231,CW732623
DT139958,DT139958
EB24634,DS80151
BE231403,BE231403
DB182579,DB177131
DD35153,CC71527
AS79814,BY585683
DN44559,DN44559
AK101974,AK101974
AP47713,AP36464
EH448372,AN195198
DB140810,BR106680
DS102387,DB122846
AN138734,AW117217
CW804513,CW804513
CW467005,BL220962
CW662932,CW222001
AE30807,AE30807
EH689457,EH835117
CW498064,CW886013
BY195869,BY428632
DE191149,BC23025
BN123205,BN123205
CW400135,CW310928
EH247088,EH279661
BF30164,BW59447
EH1045827,EH946278
DB175291,DB268170
BY591305,BY591305
BL315711,AP13711
EH383452,EH587081
DE290122,DE290122
EH337284,AW51196
BP18718,CP50046
CW1020439,CW1020439
EH26776,EH548479
CW686133,EH455396
BL399442,BL323878
BL385304,CW1049919
BE355597,AY21270
BN324068,BL290404
CW1244221,CW690742
EB77361,AR6305
EH57973,EH40853
CW1076847,CW1076847
AL255358,BL142792
CC153156,CC153156
AP15978,AP13404
CM50195,CM50195
BL101554,DS37923
CW796966,AN155057
DR27561,DR27561
DN71048,EH349030
AN122113,AN122113
ED55171,DT87887
DR110549,DR110549
EH8391,EH8391
CZ120956,EH419118
BY84035,BY429159
BL438192,CJ158950
BT11097,BN220785
BN336607,BN314202
BR43328,CW647529
CA80070,CW879595
CW498705,CW1224114
CW749295,BE173042
BN105660,BN151228
DE261392,BL404166
EH743444,EH1311716
AA100490,BL182975
BN344937,BY396679
CZ33713,DE142228
AL251373,BR122736
BL317040,BL326345
DR9389,DR9389
BE445882,CW777335
EH221161,EP102555
BN346973,DD90591
DD136187,EH485845
CW613306,CW527932
EH346583,EH392472
EH539757,AP58795
BE180596,BE149610
BY661951,BE115648
CW600148,CW891936
DB53826,DB52460
CW905159,CW905159
DS29757,DA37200
CW1221973,CW819839
BR190210,EH1027897
BY598256,BY617633
BZ22255,DE125306
BY518625,BY123028
EH238104,EH639650
BC39621,CA29237
CW970922,CW359049
EH481465,BL241503
CW439605,CW533290
EH485002,BL213836
DB137922,AA154646
CA82585,AD17635
DA87354,DA9636
AN157765,BC56559
EM84130,EM84130
BN186920,BN128109
CW922240,CW725789
AX67111,AX67111
CC29635,BD49539
CW241241,CW565912
EH803510,EH803510
CW1247270,CW309368
CW118357,CW321697
BL395295,AY44680
BN386351,BN406392
BY351612,BY351612
CB32958,BE57173
CW1083017,CW626971
DE191722,DE187991
EH498589,EH237430
BL188653,AR5782
EH857910,BR174150
EH390869,EH390869
EN33672,DE180477
BL284739,BL284739
CW894365,CW1093593
DE263028,BW53806
DE261243,DE202683
CW313700,CW124236
CW714663,CW714663
DB40836,EH492498
BL250335,BL138829
DE119325,EH199871
ED55171,DB122846
BH147335,EH1027144
CW455959,EH1253271
BL378072,BL378072
EH868352,EH476557
AL251373,EF100296
CW925199,CW649385
DR93520,CH36948
CW169923,CW169923
DB234833,DB117766
DS115629,EF205745
EH285265,CC73777
CW995041,CW387933
CW715729,DY25514
CW228630,BL317705
CW218379,CN24581
CW1164209,CW699690
CW362608,CW456221
CJ86363,AN73521
EH1157211,EH1290372
CW517329,CW452437
BY370856,DB152026
AA100490,EH162789
EH753526,BN380981
BL437200,BL287268
CN74246,DT160210
BY516689,BY516689
CW560832,CW1329056
CW8759,CW627293
BE219452,BE219452
CW348795,CW559651
BN515231,EH632503
EA9826,ER23874
DB143473,DE8101
CC90061,CN30399
CW683476,CW1063137
CW234609,CW111264
EH447915,EH515404
BN329956,BN548984
DD188242,AH3030
CG157446,DT85402
AA137938,EH884343
BS11116,BS11969
CW621757,EL33503
CG141790,CG137178
CB80153,AA155212
CJ142021,EF144724
BD122699,CN51790
CW950155,CW950155
AN125686,AN216436
BE246265,BE163372
BY649254,AS40094
EH405860,EH405860
CW8759,CW562854
CW1257057,CW1267043
AL186088,CT39422
CW948501,CW948501
EH712749,CW842057
EJ23951,EA37018
AF18941,DL122372
CP27893,CN51790
BH130331,CB74457
CW991273,AW127232
DN68853,BD92705
EH694655,EH1082915
CG72782,CL31416
CZ92406,AP64707
DR34136,BE85956
EH1050275,EH230527
CW1235621,CW837504
BR125035,BR125035
CW296756,CW416158
EH815754,EH952483
DR97289,DR97289
AK113306,BY591305
CW725336,CW957517
CM65350,CM65350
CW1148515,CW905652
CW682783,CW795435
AM88933,DZ55629
BB42501,CS16921
CW966697,CW1190210
EA13791,AA33291
BL521995,BL518179
DB189665,DB189665
DM11510,BY94083
EH1077371,BP49647
DC18427,AL128622
BL137803,EH146826
EB58657,EB38966
BY332373,BY139469
EH134705,EH342552
BY665784,BY428245
CW128387,CW748929
EH177561,DA42039
BL388042,BL388042
EH665978,EH927668
BM53341,BM53341
AN164953,BB43751
EH177316,EH575333
DT151424,CW1301526
EH4683,AN100058
CJ128749,EH421344
CW457984,CW334744
AW128972,AW192806
DB212538,DB212538
DN135602,DL174032
EH704163,BH133278
BR162500,BR234621
EL78625,EL78625
BN377170,BN377170
AM96385,EH840811
CW1154717,AN132266
BC48094,BC47977
EA49357,CG160700
DB190100,CW1339407
DB255625,DB255625
BN339757,DE142228
EA40094,EH666160
BH100985,BH139631
EH249899,EH160877
AL278949,CW530460
DF21876,DF21876
AS70857,EH729535
BY523112,BR97372
AW111561,EH429230
DD80070,AG39434
BN409913,BN409913
CC148483,CW857460
DR93520,BH51331
CW834189,CW720399
AS85760,AH14831
BN319764,CC112446
EH643039,EH643039
CA83553,EH451174
BY357662,BY174575
CW302925,CW384670
BB119379,CW447724
DL247273,CZ51547
EH866253,BZ62901
EF101805,EF101805
EH561680,BW6309
EH1048672,AN187956
DB308839,DB308839
BY371077,BY390575
EH729082,EH515404
CW1148453,EH805895
AL249752,AL131788
DN114786,EP53411
EH598457,AA104408
BE418668,BE304777
CW609916,CW370832
AX61924,DS78651
EH558986,EH570671
CW374131,CW560761
BY408420,BY365786
AN98626,CW387933
BY559697,CM44817
CY33410,CY33410
CC147253,EH729512
ES14361,AL89541
EH597824,EH597824
CZ33252,AA107809
EM38778,EM38778
AF20036,BY405467
EH1255587,EH956654
EM67203,BY373652
EL18883,BL81102
CW111258,CW424233
CW334609,CW509829
BN553104,DL96397
EH495025,EH226301
BR82335,CC71527
CG96986,ER31511
DD125933,BE101251
BL245952,CW150094
AL189583,BN315455
EG53162,BH5743
CW230429,EM96293
BE77847,BE429243
BH102733,BH165568
CW650570,CW387493
EH476955,EH476955
BN9703,BN48871
CG142147,CG142147
CW411208,CW411208
CW893281,CW804325
BB61123,BB86973
DA54236,DA54236
CW621946,CW621946
CW960101,BE379714
DP9099,DP9099
CW351966,AN95771
EH864254,EH864254
DB150145,BR105483
CW1002452,CW894278
EH956708,EH956708
EN50049,EH273509
EH815044,EH624465
CN21106,AL103378
DT9413,CG128534
BN211690,BL229896
AA181600,AA181600
AL344608,DT63899
CW1032354,CW703853
ED45394,BR59163
EH74282,EF80594
CW913559,CW1081637
CG22543,CW518470
AA154686,AP40664
AS89036,BL188528
DN148549,DL185475
CN21106,ED25156
CW569302,DL277795
BL375996,BL362532
AN157765,CJ128494
EF71325,BF27049
AA146875,AA44853
CW318096,BL206131
DX41192,CW613922
CW403359,CW651363
CA133028,CL27092
AS58001,BL290404
DB293633,DL251423
CW1125228,CW1125228
CW152164,CW378060
CW964237,CW951245
DG32975,DG32975
DB115427,DB196954
CJ85908,EH116155
DP40847,DP40847
DB241469,DB241469
BL477637,BN457372
DP47848,DP47848
EH258501,EH1235532
BN423369,CC159583
BK43621,CE42218
CW367546,CW714663
EH643183,EN45945
DW56619,AN130752
EH189952,EH367083
DB206031,CK12203
EL86159,EL86159
CA66987,BZ62734
DD40300,DD40300
CW1121580,CW993110
CZ115373,AS87476
EF200151,CW1146157
CC114769,BL304829
CW816221,CW781100
CS22553,AT12642
EF141831,EH376204
EH793258,EH793258
DN40701,EF125338
CW719097,DL133671
DN123965,EH518308
BN442798,BN442798
EH208050,EH313386
CW1184634,CW475302
EH215180,EH806009
CW1154381,CW583836
EH624769,EH680454
BL509986,BL509986
DN127265,DN127265
EN46847,BN30058
BY661442,BY495533
CW60614,CW66730
EM95874,EM95874
DZ29781,DZ29781
EH772850,EH901857
DL138616,CX17061
EH1138041,CT31460
BL143824,AF13274
AL210997,AL210997
CW668832,CW1036917
DR118089,DR118089
DB211440,CJ205235
DH57404,CM29334
AT13382,BZ62734
EG28457,BN220785
AL191510,AL191510
CW651362,CW339846
EF115442,CW445600
AN162332,AN162332
CW623843,CW623843
BF15639,BY80424
EA38803,EA40951
EM94093,BB86973
BW4329,BY161535
EH642410,CA70316
BB4063,AL311924
EH439087,CG41178
CW1102154,CW732623
EH601459,EH601459
CW1083017,CW272187
EH516495,BM58816
BY704305,BY557122
DL176050,DL164955
CW361232,AA71863
CW467416,CW615170
CG128453,CG128453
DB292502,DB175313
DW63371,DW63371
DL241032,CS16921
AN117340,CW473870
EH823218,EH823218
AM107743,BY525704
BZ33865,CW421552
CG141924,CG84475
BN86510,BN114205
BL419097,AY39883
DA87354,BE63985
BE284336,DM33101
BY174962,BM5630
CW736548,CW689956
DK28923,BE107303
EH810121,BD123511
AH15493,CA123932
BD43918,EH366412
EH205528,AN72661
CW862954,CW862954
CW1159459,CW792065
EM109452,EM109452
EH194386,BE141599
DA73675,CB39571
BK3287,BK43902
BN371219,BN371219
CW529489,CW1342016
EH570026,EH944314
CW1065762,CW1036917
CW645645,CW690742
CN37656,EH451174
EH718900,EH895329
BL437100,EH478971
CW912093,CW673897
CW547958,BR128326
DS51541,BD147028
CG141145,EF121941
BY328609,EN61256
BL286482,DE128972
AE24479,CG97835
BN472925,AY31154
EH598431,EH500675
EH1318460,EH1318460
BD28363,CW339059
DB116579,EP102555
CH50882,CH50882
BL293854,BL293854
BR8110,BL81102
AW111561,EB45034
EH147945,EH288788
CS24495,AZ7530
AN149982,EF222058
DB108830,DB108830
CW811777,DR104635
DT29765,DT29765
BN317657,CW320944
CW1217621,CW1205005
DD8501,DD76310
DT146193,DT146193
CW1018707,CW1017178
CJ148169,DB246104
BY471337,BY471337
CW92898,CW181973
BL322869,DE231201
BN279425,BN314983
CW143971,CW7099
AK154223,CT53137
CT29503,EJ12672
EH664004,AX61310
CL42432,BY270056
EH604971,CB59032
DB122415,DB275066
BY469087,BY713013
BJ42085,BJ42085
CC96098,DD100890
BR140453,BL213836
BY239115,DW27050
AL98254,AL98254
EP58335,CW533290
BE390268,DH32278
EH53165,EH173778
DA70519,DP37847
AA60664,DB122127
BN439527,BN439527
DB14338,DB14338
BR186698,BL58483
AS73220,BP40340
CJ35795,BL154027
BP46865,BP29393
DG41912,DG41912
AN168879,AN168879
CW1066188,CW1101611
CW1142356,CW1329664
CW1042340,CW550610
AW55406,AW28080
CW316039,CW226369
DZ13174,AN103571
AC14458,AC14458
EH861643,EH810778
CW573579,CW1329056
EH247088,EH486537
CW135312,EC16065
EH666787,EH709542
BY481772,DT108942
BN36399,BN27120
EH704163,AM76905
CW211086,CW1027837
DN74285,CZ105639
CW836105,CW836105
DB219771,DB242340
CW147964,CW626971
EH584686,EH547792
BE330377,BE330377
CJ80670,DZ66007
DN67951,BY192880
DE82633,EB45789
EH597136,EH597136
EH563954,EP47666
EH503160,EH256670
DN22135,DN48729
EH1065928,EH623882
EH995975,BL429955
DE217727,DE201724
DL244011,DL244011
DB5063,DP16620
BY192919,BY192920
AX59714,BH153462
EH844960,AK49788
AE16597,DX14528
ED24950,DE62519
AN102491,EM57195
CG62334,EB45789
DD44723,EH592817
CW1002367,CW1002367
EF125467,EF95117
EH861571,EH986317
EH594430,EJ12672
DT145338,DZ29781
DE254768,DE195713
EM38230,AL104595
CW691419,CW1326535
BB102630,DN97904
CW313545,CW335671
BL439267,EB68535
BY529949,BY324566
AA45439,DB331118
CW1148453,CW805909
BY137305,BY34238
AN136043,DL134548
CW409551,CW1201026
DL129280,BD112806
DD68579,BR157341
BE332300,BE57173
AF24276,DT122842
CF2362,BL47587
CL38926,AA110730
EH704163,EH354506
CG85190,EH267429
CW1271423,CW1258936
BN157472,BN102606
EH1085470,EM108788
AK135475,AK135475
DZ64817,DZ64817
CW543083,BH117538
CG91125,BY397730
EH811765,EH279661
DL4086,DL4086
EF145268,BL272172
CW710812,CW877374
EH816468,EF104496
AS23312,BY177766
CW177567,CW177567
BR220712,BH139635
DA101642,DA101642
CJ86363,CA20666
EL79288,EL79288
CW17911,CW562947
BY410124,BY293385
BL466799,BL466799
DB35257,DB164238
BY578833,BY632741
CW439605,CW1060259
EH712749,AA146042
CW518658,CW231806
CW650598,CW1021110
AL204345,AL193354
CJ59032,DH32859
BL301041,BL301041
DL198481,DL57388
CW331778,DL168331
EH516050,EH242573
DT79339,EH181736
BP62854,AN96190
CA11753,CA11753
BN381933,BN381933
CW407850,CG156505
CE44434,CE44434
DB307014,DB303930
CC99831,BH51331
EM97213,EM97213
BY99203,DL100669
EH236319,CW878914
CW498346,EH502864
CW1073255,CW393836
EH213052,AR6310
AP73139,CN45217
EH977802,BY608353
BY64764,BY4735
CW763500,CJ129064
CW877227,CW1099568
EF204317,BL272172
DD35077,DD88979
AA171681,AA139692
DE76598,BG29629
EH855278,EH1294069
BE419423,DZ66783
CB19041,CG106430
DE99078,BD87158
CW460367,CW791827
DL253307,DL253307
EJ23151,DL210162
AL140778,AL140778
DX54596,DX19605
CW291775,CW1173874
DB219416,DB139525
EH850631,EH219717
DW63589,DW64264
CL15371,BY359536
AY36887,AY36887
CW1061016,CW1061016
CN45032,CN45032
CG100112,CW250857
EH378404,EH219717
EH379393,BZ22255
CW917113,EL78297
EH793193,EH1101341
BJ46831,CZ105084
EH615176,EH599523
AL112691,EH245924
EH1213635,EH869209
EB57890,EB5512
BY573200,BY3927
DZ78160,BH177176
BW52374,EH473778
AK11407,AK11407
EH200936,EH455304
DE330069,CM59685
AA79977,EJ7624
CW1293126,CW231025
DP42763,EA37018
CW626527,CW547149
EH671841,EH389927
DN68853,DS36776
EM40653,EM40653
CW232570,CW158805
AA157283,BY548862
CW650570,CW667131
DA48682,DA48682
BZ22255,EH116155
DR13161,DR12029
BE425694,BE425694
CW807485,CW807485
EH498589,EH822409
EH521631,EH522614
DE277557,DE277557
BN486707,DE233851
BL476954,AA94944
BL100683,CA9008
CW824141,CW266772
CW451935,CW451935
AW179129,AW179129
CW805677,CW805677
BL241341,CW533426
BN230197,BN339065
BL329400,BL246541
CG64943,AL253486
EG49165,AP47183
EH674835,EH570209
AF11803,BD113153
DE258398,DE184237
CW1176573,CW705591
CW616933,CW974398
DE332112,DE108687
BN505504,BN469025
BR50729,BR70942
CA90184,EH391668
AL285744,AK49788
AM98083,AM98083
DD136187,DD184468
BN370507,BD103303
BY377970,BY400514
BX13711,BX13711
CW1053960,CW1053960
EH139655,CW446455
CT51394,AL198305
EH1138041,EH551195
AP39525,CW377063
EN24925,CJ79549
DL180100,CW610167
BY662416,BH54346
BJ11304,BJ28291
BD86740,EH592817
AK112657,AK102693
BY601333,BY681542
EG31949,BD52910
EF37700,EF37700
CG164560,BL447913
DZ65094,AN52092
CW327861,CW626735
BN361787,BN404711
BY332373,BY624442
BE217630,EM62794
CW735865,CW918353
CW657451,CW473608
EH902317,EF118430
AL189421,CM52645
CW356638,CW1061078
CW1004231,CW1329056
ES21395,BR81884
EH208050,EH510447
CJ172628,CJ172628
DE66823,CP38120
BP65922,EH441920
BR19458,DL218937
BY548969,BY530728
EH845976,AK169767
AX59901,DD88348
CG112418,AL173589
DH57404,DH32859
AL27718,AL27718
EH1026784,EH1026784
BN390332,BN359602
AA87832,BD17000
AK74697,AK74697
DP32412,DP32412
DD125933,DE147345
BY640392,EH117679
BY315422,BR81884
BC66199,AL85569
AL257138,BE240102
DS78400,DS39544
EH1127387,EH1127387
CW330373,AM78765
CW493277,CW817593
AE15257,AE15257
EA17031,EA54857
DE214268,DE219082
DA77479,DE223744
EM105472,DL107787
DK28381,BN351597
CW927999,CW554611
DD156518,DD156518
CW306560,CW345844
BR142662,BR79137
BP24787,BE47991
DE82633,BM58816
CA14206,BD56580
DN143332,DB258955
DE290296,DE290296
CW1106210,CW1106210
DA77479,AL173589
DR50979,DR13637
BM70817,CW1099568
EH1183291,EL12103
BN518406,EL81109
DN85351,EH406079
CJ85254,CG76466
CP46981,DB250959
DH57508,DM26299
CW234609,CW79323
CW224946,CW322937
EH1122152,EH1122152
EH48323,DC17493
DS98391,BD123511
CW969137,CW137807
CW1280603,CW1251452
CW499678,CW271528
EH928849,EH928849
CW1114059,CW1137242
DB252153,DB194369
CW1024308,CW480362
DB172885,DB82652
CG148024,CG200603
CW805787,CW979479
BY530125,BY729817
BY275683,BY750252
CW238637,DL135254
EB63934,CL49562
AW193376,AW230590
BN276752,BN276752
DB5063,DB4843
EH198451,EH73077
EP70202,EP70202
BH158657,CW1131496
EH1234471,EP76778
AL51742,AL190305
EH455471,CY20215
AN97597,AN49929
BR125989,BR125989
CJ130190,AA166637
EH412412,EH179672
BH77320,EH666443
CW882979,EH712601
EH1028545,ER40280
BY148937,AK37636
DS92207,DB34831
EH155433,EH629580
EP97192,EH925679
EH153028,EH771411
CW1088752,CW902554
BL327311,BL339418
CW1257312,CW618305
AL277717,AL277717
ER31511,ER32055
AL314336,AL314336
BY575508,BY583047
CJ34244,CJ84716
BR68087,BR176301
AA119928,AA119928
DN88495,BH132340
CA24486,CA64237
EH704163,CA91688
EH835427,DN115387
DG47344,DG36877
CC117747,AM96481
EH694655,AL99280
EF90495,CJ84716
CW482303,CW613879
CW376435,CW384670
CY28220,CY28220
BD8052,DD8180
DA96766,AP13646
BN151228,BN151228
CW969551,DB281782
AL169362,AL177262
AL20137,BD56580
CS13195,CC62272
DL129280,BG59423
CW932095,CW932095
DE308979,DE308979
DE212670,AW122331
BE320842,CW1344389
EH1020495,EH751096
AN136043,EH963194
CJ33971,CW411929
AA101523,AA71863
BY487390,BY487390
BN254163,EL60897
AP47183,EM47815
BL315711,BP18718
CW887190,CW664560
CL39785,DE319090
BN395252,BN395252
CW576414,CW439741
EH238069,EH442330
BL288789,BL288789
BR141538,BR190828
BG24831,BG24831
EH537210,EH358393
CJ46304,AW142118
EH148674,EH124439
EH213587,AF13274
BE330949,BE102835
EH996104,BE213462
CW1104715,CW1104715
EH238104,EH622632
CW330373,CW320944
BL71292,DB181028
EH321861,EH802592
CW825817,CW647529
CW574525,CW499592
CW573579,CW732623
CW998298,CW861477
CW715853,EP55976
BL403593,BL407510
AK19398,AK40357
DS62335,DS48037
CW884962,EF200151
EB52520,EB52520
CW787204,EH1208813
AN140666,AN140666
EH1271431,AN160025
BL447198,BL184441
CW861035,CW860786
BZ48614,BZ48614
DK30887,EH642410
CW1022632,DX61178
DB261554,DB261554
EH309251,DE20157
EH519800,EH961360
DE176397,DE191441
DE294198,EH456446
EH886155,EH886155
EH979375,EH116155
CW407336,CW303863
BN411764,BN302289
CW990500,CW990500
BN354347,BN216283
DZ34952,DZ34952
CW697846,CG97835
AL297831,CW751716
DH46394,DH46394
CA73341,CW972453
CW539401,CW510808
EH626196,DS78931
DK30479,DE106508
CG22291,EH592817
BY527396,BY542602
EH979375,AL136116
BL193773,BL193636
CW291775,CW196199
DA87354,CJ137567
BY715818,AX14269
EN74333,EN74333
BY631090,BY631090
BH85348,CM22216
DZ13122,DZ13122
CW907965,CW748539
CW158598,CW526394
BY608431,BY466363
DN123965,BH177176
DS92379,EH719798
CW718279,CW1204073
BE284336,CJ183458
DX42662,AZ10483
DH30063,DH30063
CW164500,CW1339797
BL111031,BL289315
BY500013,BY500013
CW1102154,CW1329056
CW675891,CW594566
DT14405,DT89977
BN466448,BN519999
BL499667,BL499667
BL397616,CW390329
DL170599,DL163925
CC133297,CC161552
EH181142,EH1008306
AN197496,AK77630
EH1271364,EH1271364
EH221161,EH650779
DZ65094,DD17019
EF134195,DD207410
AD28545,AD28545
BY539054,BY539054
BC53967,BC61804
CW893381,AK132458
EH774163,EH774163
BP18718,BP18718
EH810309,DA50805
DE136197,DE147687
BE349965,BE349965
EH850631,EH440270
CB79145,EH192511
EB77361,EF69277
BD119601,CW795931
DL119348,DL96397
EP3267,BR4021
EH1130375,CW936813
EH947838,EH376204
CA80070,DE144527
BY81022,BY284407
AL246264,AW163610
DL55745,DD14529
AD27177,CJ128494
CG162233,BC56559
BY122059,BY262299
DS95247,CW989958
EN29730,BY452885
CW1367850,BY497053
CT29503,CJ137567
DD175648,BY325755
EH200524,BD43918
CW1029872,CW266772
CW121117,CW728904
CT39096,CT39096
AL213504,DL157752
EH745987,EH322447
AP95942,DG67519
CW824141,CW495460
EH1005433,EH863924
CW1148453,EF234360
EM104506,EM104506
CX18231,EP73553
DA35543,DA35543
EH389168,BL433475
CG128326,CG149411
BN409739,DB129961
AA167572,AA157062
BN311056,BN312201
EH659999,CC99592
AA145514,DZ2349
CA65834,CZ38203
EH257635,BH54180
EH246448,BN358757
CW697209,CW337920
CW991790,EH130659
BN397434,BN368095
EH698815,BL119722
EH218548,EH67572
BE252406,CH23054
DB156759,DB156759
DB169275,CB93093
BY342270,BY463037
BE116703,BE142786
CW800495,CW755694
CW493167,DL67396
ES22451,BE146692
BN527237,BN194012
DN52146,DN41692
CW1083017,CW297944
CW946632,CW999255
BY338542,BY338542
CW862315,CW600095
BC45448,BD112806
CW629462,CW472474
CW995041,CW559651
EH489266,DT133783
BP17987,CW116887
EH62011,EH373031
DR151036,CS16921
EH1214485,EH440270
CW852774,CW852774
CW1044575,CW1061520
CE22283,EH664349
BN447735,BN401379
CW627887,DE217323
DB252306,DB252306
CT5190,AG55397
AN74893,AF28718
DB151855,DB151855
CW1155120,CW891936
CJ148812,CA100122
CJ99176,AW34848
EH719415,EH719415
CB29937,CG28503
EH860266,EH875028
CW672900,CW672900
EJ25249,BY729817
DS108135,DS108135
CW686133,CZ41445
BE33360,BE284303
CW517329,CW877374
AL90475,CT22254
BN323826,DL164955
AA96092,CW381067
BL485860,BL485860
BN129299,BN15840
BN290032,EH839524
EH1189111,EH1189111
BW35837,DS86380
EH246448,EH416020
BP16672,EB5512
EH420950,EH178043
BL109413,CW647529
BL340293,EH1315553
EH993419,EH192511
CW864682,CW1182302
CW790665,CW844757
DB293228,EH1114368
EH221076,EH1119284
AL210719,AL262341
AS71219,BD58123
AM89332,DB210802
CW502114,CW1104627
EH913693,DL238574
AL80538,AK37636
CW629462,DH22231
CW921886,CW560761
DT133119,CP27195
EL49533,BL106223
EH459464,EH442330
DA89762,DA89762
EH561680,EH1153648
BZ21341,BZ21341
AA151758,AA151758
BH175305,CW1011121
EH1271431,EH1271431
EH918284,EH197687
BH150976,EH958692
CJ136719,CS19926
BY410425,AA94944
BN167923,BR106680
EL24938,EL24938
DE229786,DE95377
DB135637,DB109113
CW657519,CW907572
BL403027,BN319795
DA111915,DA110612
EH825801,EH352026
CA51612,DT81309
CW1090547,CW1090547
BC55987,BC55987
AW182036,CZ33551
AN164072,DE319090
BW9300,EH194362
CW496101,CW496101
AK20736,AK20736
CW536728,CW430951
CC134076,AY35406
EH132559,CJ160210
CW948329,CW802878
EH254449,EH872847
EH191652,EN77314
CW609916,CW446455
AN68823,BE79857
CP31587,BN315455
EH346486,EH258315
AZ11604,BR231932
EC18455,AR10820
CW1365817,CW710335
EH961051,EH961051
AA187619,AL214629
AA188491,CL49562
EF141831,DD75754
DT3113,DT3113
DE236021,DE236021
BY276365,BY107114
DR134273,CW1022632
EL53033,BN322055
DB111753,EN77314
BR141712,AM109393
CA66987,BZ22255
BD8052,BD8052
DB153750,DB153750
EH600776,DD90591
BR220213,AG56103
CW276060,CW271528
EH1131166,EH1131166
CW1276702,CW863288
CW596989,CW445600
CW112878,CW1234499
CW318096,CW491547
CW471439,CW329921
BL156586,BL156586
BE252183,BE252183
CW820472,CW862738
CS14102,CC85882
EF167743,EF167743
BY607606,BY146593
BN513244,BY553881
AW92376,CA50534
AL179735,BH177176
EM94093,AA122605
DL260960,BY697685
EH1205447,EH1205447
EH111481,EH117679
BY330561,BY330561
CA73341,CJ136131
EH762683,EH762683
CW47409,CW47409
BH192539,BH83528
ED37622,AP64426
CW504270,CW703973
CW989348,CW1181353
CC116994,BN307410
BY704305,CC119579
AL255683,DT89719
BN386351,BN462995
AN127481,BY514475
CW95650,CW728904
CW1076737,CW117785
BN436828,BN420372
DB259645,DB99089
AG23235,BL201240
BD8052,BD6237
EH871002,EH871002
CW495460,BR122736
EH461127,EH1150612
AP39148,DB123626
EH409586,EH720380
BY377525,BY360898
DE267621,DE267621
EH921499,DE215051
AL257138,AL177262
AN13085,AL38872
EH497630,EH548785
AL147193,EF100089
EH753526,EH1080082
CG142021,CG142021
AL341191,AL205145
DL142534,EH343641
BR112648,BR112648
EH694655,CA42781
BE348918,EH576280
EH253676,EH555185
CW970922,CB31491
AN73299,CW302439
CW539109,CW54444
DR102520,CJ118811
BZ27405,BG21034
CW222655,CW246712
CB46441,BL206131
CW155784,CW155784
EB44964,CW162116
DW73867,DW73867
AL197961,AL240236
EH666395,EH809331
EF32920,EF26345
BY31414,BY31414
EN74079,DB86180
EJ25249,BN374083
DE139744,AZ5927
DT157535,EL78297
AN153203,AN153203
BL217511,DB85003
EF154240,EH455198
CN49948,AN193642
CW783241,CW121117
EH816209,EH816209
EL71267,EL71267
CW1184243,CW158684
BL385304,CW399847
CW234576,CW63784
DB333937,BD113153
EH748682,EP103831
CW219318,CW280544
CA66987,EP56950
CW238791,CW306197
EH686190,EH296568
CW1301526,CW1301526
CW163592,CW279985
DX7767,DX7767
DB305844,BY449228
AA188491,AS101247
EH1054430,EH1054430
CW239140,CW289445
CW862372,CW879595
DE254823,DE254823
BH172088,BL242130
AK93518,AK93518
BY198820,BY172635
AL85569,AL85569
BL481324,BL165328
AN130525,AN130525
EH485747,EH1251294
AX17123,AX17123
BN413573,EH378404
EF189885,EF189885
CW1101394,CW1359810
DB156966,DB95792
CW1260960,CW520711
BP34837,EH423288
EH357078,DH42681
BB63966,DZ66007
CW635918,CW342607
DB137922,BL282678
EP61037,EL48801
DZ47457,CG151931
BL399540,BL399540
BY161100,AJ10464
CW507696,CW398539
CW897121,CW900607
EH926355,EH921407
DA46517,AX18942
EF102572,EF102572
AA112350,BL160122
EF142579,EF113305
CW1019962,CW162116
CC131772,AL173589
DR108021,ER31926
CW613681,CW537897
EH844960,EH496373
CW1115348,CW527932
AW124650,EH1321610
CW1295920,CW1295920
CG115424,ER34345
BR149304,DB122127
AW189506,EL78297
EM50625,EM4370
DD76256,DD76256
AN175167,AW169628
BN81769,BL488861
CW982742,CW982742
BD136107,AX81335
CW875325,CW812684
EH458013,EF61877
AA207501,EH704209
BN210598,DB123626
CW1193215,EH522761
CW216484,CC31247
DZ47457,AB35304
BL393201,BL393201
EH786216,EH786216
CW127927,CW565912
CW893925,CW434876
EH759391,CW1036729
EH600844,EH654474
BZ48513,EH103719
DX60710,BL444212
EH1044101,EF108323
AL254970,EH360516
DB246251,DB243685
CW1075534,CW1075534
BE310844,DS119225
BN362520,BN481109
EH681585,CW445600
CW1221645,BE151171
DD123069,DD123069
EH717402,BH83528
CW330373,CW306197
CW391976,BL372535
AA115256,DZ67908
BZ51147,BZ51147
CL39785,AW188720
CW1044914,CC162608
BN243410,CG98876
AF24276,AW166329
BY531446,DL272353
DB44382,DE116954
CB32958,CN30877
CW135378,CW469837
BN433976,BL394161
CA109054,CA109054
DB299023,DB299023
BE323299,BE252398
DL50144,BG33143
EF161591,EF161591
CW749946,CW749946
EL85536,EL85536
EH784578,EH423288
CB83858,CC74186
AD24604,AD24604
CN84041,CN84041
CC71533,CG120895
CW679851,CW742845
CW960101,CW728904
EH860236,EH599523
AE7167,AN171082
AL86528,AL86528
CW1159550,CW280544
EH863562,EH732215
BH25205,BH94638
BP37654,BH168107
CW498411,CW498411
EJ5288,DZ9621
EH967968,DL140708
EP88097,EP88097
BL403593,BL413080
CW472117,CR29999
DD163837,AE34277
DA77479,AL174739
AN199002,AL174739
EH1048191,EH993412
EL69280,EL69280
CW999192,CW999192
BD132552,DD126817
EL85646,EL85646
CW877227,EA35014
CW102158,CW165699
EH222798,DS89531
AW91248,AW91248
DL129280,BL452978
EM96601,EM96601
EH701567,EH701567
AG55863,AG55863
DB199588,DB96103
BN9703,BN47423
BY441208,BY183400
BL352414,BL352414
AY11964,AP40664
CN21106,BY90141
EH153297,EH219539
EP102972,EP102972
EA39708,BW65122
BE401392,BE401392
AN40014,BL171541
CW586410,CW602700
CW216484,DE144527
AN165628,EH977571
CW383376,CW612923
EH535918,AL137256
EH561680,AS40094
CW710236,CW779642
EF14958,CP16459
CC117747,BL349134
EH1036250,EH979324
BZ47606,EM88330
EH815754,CC58478
BL474581,BL474581
CC123421,BN434531
EH755290,EH699017
DB266333,DB218743
EH713533,EH279661
EH855811,CE42218
EH1218665,EH730417
CW585011,AF25671
CW166196,CJ117328
BH112919,DX63302
EH632831,EH610842
CW1301526,EL77093
AB39130,AB39130
DE209070,DE209070
EH836246,EH533679
AA146169,DS34119
AX55813,EH719798
CW203419,CW203419
DB137922,AL139062
BN170950,DE234016
CW438167,CW438167
CG187003,CG106828
BL230908,EH394032
CW643136,CW607572
EH1217176,EH327031
BY501617,BY237121
EA33590,CC90929
CW122930,CW1243226
BE258199,BE258199
EH149209,AL190305
BY559697,BY274763
DD196720,CL42086
BE271852,EH1093480
BH102733,BM26019
CW216805,CW1083268
BM54283,BM76587
CW40797,EH872611
AL278949,BE307068
CW437869,CW148708
BE80208,BE80208
EH718925,EH729179
EH918285,EH252755
CW1025570,CW477007
CG117716,BK33250
AE31168,AE31168
DX49699,CM76949
EH738868,EH918913
EH132937,CZ17403
EH132937,BL206131
EH914756,AX48554
EM91971,AG45307
CZ17628,CZ17628
BY99203,BY5628
EH1061885,EH818103
EL53033,BM59157
BN409739,AN85765
DL268993,DL268993
AW92376,EF187464
DZ14961,AN52092
CW694554,CW694554
BL381917,BM46494
AL112691,AW125265
AW191786,BH101912
BD37855,BY626111
BH54931,CT22254
EB52417,CJ79549
CA11753,DB39419
BL248220,BL248220
CB46441,CZ17403
DW56619,EB45789
BB95050,BB95050
CW917113,CW955581
DA116895,BA9867
AL13913,AL47203
DS84862,DS84862
DL170727,BE218208
EP78850,DC21176
CW293435,CW333895
BN159892,AH12300
EG41205,AA133122
CP27893,CZ97572
DE315750,DE315750
DH46686,CW527932
AN89921,AN84086
CW550238,CW1298642
CS32821,CS32118
CR19481,EB45789
BN389587,BN389587
BD131072,BD131072
EM105472,CZ59850
DP35222,DP35222
DA90322,DL272353
BE207705,BE244651
EH699877,EH609335
CW376435,CW302925
BN390697,CJ155446
DE299440,DE299440
AX61075,DH50954
BY512052,BY20295
CJ4975,CJ4975
EH713533,DA42450
DE99913,DE195868
CW949925,CZ87607
CW803022,CW732623
BN395986,BN184936
CW650570,CW495460
CW519375,CW602389
BY487517,BY481878
DE73060,DE242276
BZ58576,BZ58576
AE31564,AE31564
EH735060,EH178043
BM55742,BM55742
BE252927,DK23138
BZ24094,AA109602
CR22045,CL34430
BY667486,BY667486
EH257023,CW1221407
DL242277,DL242277
DL185261,CW879595
EH636114,EH376204
CB80153,CT48183
EG38536,CC147438
BR145823,CZ50351
BN200145,DH22231
BE101114,BZ33062
CW1140071,CW1071737
EH826177,EH826177
BY555825,AL166960
ES17968,AL179570
DZ47457,CC85882
BN460605,BN478911
AX27097,AP47183
BN272661,CT28649
BY341603,BY341603
CW388104,DE108687
CN36679,CN51286
CW404131,CW231746
CG106417,CG202801
BW19010,BW19010
DB202258,DB202258
BX9352,BX4926
EH1159382,EF149374
EH216119,EH264858
EH138702,EH138702
EH104881,EH487725
DZ65713,DZ65713
CW510808,CW445600
CW975643,CW287954
EL94640,EH1032951
CW637508,CW637508
EH1109327,CL68604
EH954161,EH954161
DB234486,DB250959
BX10423,BX10423
BL183991,BL183991
DL213401,DL171411
BL450008,BL384434
EH1044529,EH1058475
CJ86363,BY377752
BL420826,CK2114
BN377243,BN519840
AN2389,DB86180
EH1028545,AX65261
AN136043,CN24581
DP42107,DD100890
EH733895,EH733895
BE175147,BE357131
CW395277,CW62173
DP54599,BE337858
EH692922,EP73553
DN95578,DE316461
EB65248,AT23707
EH326584,EH208050
EH1231582,EH1231582
DN137004,BN433476
CW960101,EF143559
AL226912,CL31416
CW1029872,CW667131
AX34858,BY390575
BL111294,BL187670
ES22451,AM18679
CW931171,CW732607
BE158248,BE246262
DZ53891,BE456245
EH1235828,EH1281402
EF121418,EF121418
DE265873,DE265873
EF119464,CT16743
EF151414,EF151414
CW1235656,CW817551
DB291126,DB207286
EH752439,EH1226378
EP82299,EP82299
BL339859,CS19926
AL264802,EN66663
EL77669,EL77669
CW404480,CW164061
DN75932,CY15131
EH352557,EH433829
CW1020874,CW433609
CW823188,CW770474
CW753400,CW753400
AA151758,CW933793
AB14050,BN153631
DT106904,BB103529
EH105132,BN439990
AN191699,EF186635
EH539757,BL287786
CW517329,CW1045683
EH185791,EH181659
BD60421,BB45367
DE288829,DE288829
CW648806,CW1083268
EH918655,EH805669
BH101859,EA29703
CG171289,CG171289
BW36965,BY324566
DL244025,DL236262
CW325005,AY17041
EH751375,EH751375
BY613234,BY645168
CJ113717,AA122339
EH546794,EH193490
CW1301526,DA98283
EL30060,EL30060
BL322869,CJ128494
EH939343,BZ33239
CW682783,CW468083
EP83151,EP83151
CG122569,CZ71785
CW334609,AX27097
BY613975,BH157768
BZ58486,BZ41229
CJ43664,CJ172173
CA83553,CZ29014
EH921368,EH904479
BL378506,BL414903
AL57499,AJ15825
BY515683,BY396679
AL189421,AL266375
CW302773,CW438119
BH137045,BH137045
BN282581,BN368095
EH748682,AX20024
EH1045729,DB53903
BN359956,CW725789
CW959464,CW959464
CY16112,BY314085
BR206468,BR206468
EH900090,BP53830
CN37656,AP57949
EH815754,EH392472
EF188035,CE51101
CM51940,BN455315
CW997238,BP17059
DE139744,BJ27633
EH208533,EH225065
EN46398,EH576280
BN203155,BN260160
AH21431,AH21431
CW72471,CW212558
EH612214,EH508497
EG26481,EH433435
CW549347,CW527932
CW690742,CW690742
DA8132,CC69951
CW749789,EH863562
EG43024,BY565219
BF40563,CA73956
BL398825,BL398825
EM103611,EH835835
CR22045,DT108942
BL301262,BK25719
DP23787,CW1024469
CW843167,CW817679
DB252220,CM48450
BR63508,EB81735
DT151424,BR174150
EH1092578,DA86083
EH716347,AS65255
CR18299,CA72512
EH1112672,EH1112672
EH621518,DA65165
BL386019,EP69693
BE248751,BE213462
CW745401,CW604459
CW977987,CW977987
CW29359,CW29359
CW371083,CW606243
BH115791,BH115791
ER35368,AM84042
BY661951,BL251846
CJ142021,EF104496
BL121029,EH522761
AS73786,CZ102958
CW921343,CW519896
BY395400,BN3483
CW320202,CW320202
EM94093,BE244651
BL395295,EH839524
DB107669,BE63985
DB289163,AW190376
EH887549,EH1001691
CW252040,CW398559
EH604971,AN35216
BL103333,DE86624
CW890098,CW218122
EF175503,CN89687
BE131563,BE66149
AL249331,DE218898
DB94207,DB94207
BD142570,AN193748
EH567883,EH515404
EH613760,DE200506
CW861035,CW464254
DB122415,BE174423
EH993056,EH755293
DA79046,BE217424
DB98065,DB98065
EH939343,DE218898
EH309570,EH67572
CW294484,CW323338
CW1071646,CW590626
BB48501,EB45789
DS113711,DS113711
BL258096,BL206131
DD89843,DD89843
BN272661,DL67396
EH655782,EH299713
DL115726,DL96631
AM79210,CL42086
EH399677,EH257747
AK141045,EH666160
EH918401,EH918401
EH385193,AM10475
BE290864,AL326808
DN75110,CC97595
EH823960,CZ50351
CW450284,CW398539
CW512656,AK87990
BE95219,BE95219
EH496109,DB196030
DE230305,CG47281
AL330022,AW156990
CW331778,CW393012
AL233951,AL229737
DE28278,BN7977
EH961360,EH810309
BW46820,BW46820
CW345404,CW562318
BY684858,BY309104
BC29491,BC29491
BL481841,BL393832
DL253995,EF200326
EF23016,EF100573
CR22045,BN311781
EH811765,BM28934
AW153216,AW104459
BW16151,DL78296
AS76438,DB220578
CW568256,CW602517
CW562739,CW334171
DE226076,BL105488
DY27066,AA127875
DL198943,DL121347
BY507036,BY314085
BY443536,BY219975
AM74653,AM100599
EP63099,BM44380
DN38819,CP22746
DB94207,DB154679
DX60710,EH1136422
BW28732,BE360563
CW867982,CW1208440
BY466363,DL124411
CW809600,CW876297
BH172088,CW166196
AA147008,AA147008
AN192739,BR174150
DE263865,DE263865
EH1214485,EH219717
ER20144,CW509829
CZ30418,DE183895
EH729512,EH835427
CW1049836,CW918353
EH414163,EH405290
CA73693,BF21094
CW430625,CW328016
BN478911,BN478911
AM66752,CB93093
EH495025,EM72941
CW381528,CW251176
CC56779,CC56779
BW5452,BW5452
CW318096,AW142118
EH494819,BD106647
AJ35887,AK81267
BE195441,CH35805
EF129842,EF131582
EM76252,EM60151
EH712749,DD126817
DB234035,DB240162
DB237911,DB237911
DT86082,DT86082
DS62335,DS57934
BE281970,CJ172096
AE16597,AS70763
AM60913,AG48318
DE301006,BE102835
EH258501,CJ54465
DH8063,EH440311
BN457859,BN219628
EH923226,CE36961
DN135602,DN87046
AK113306,DB241469
BY567458,BY472272
CW349887,CW369186
EH121652,EH121652
CB79350,CB49000
EH409586,EH921109
CC29635,AA69206
CH48748,AY44680
DR134689,BK24914
AL81600,AL74469
EH999472,EH426808
CW159048,CW159048
CW184648,CW320944
CW399430,CW399430
BY544864,AM52466
BY370213,BY411590
CC37456,DB95918
AL194193,EH519127
CY16112,EH181659
EH963201,BN380981
CZ39047,EH1152484
BL280511,DP42763
CW715403,CW559786
EK18539,EK18539
BY424406,BY424406
EH84431,EH1271762
AL104595,BN212254
DD164420,DD90591
BE406318,BE300466
BN538136,BN332593
AN195247,AW94589
CW165496,AN35216
BR220213,BD112806
EH592293,CJ116394
BH86929,BH86929
BY419232,BY276073
BL403295,DE230503
BT11097,BW25561
CD6047,BL73291
CW1163675,CW617562
CN74247,CN47056
CW645645,CW1036917
EH546220,CW349211
BR38420,BR60874
CW1152470,CW1082771
EH750705,EH816383
BE250001,BE107282
CG42790,AB27374
BE276613,BE276613
CX18687,CX18687
AL170900,BN153631
BE248751,EP102555
CA51612,AA110730
EH294190,EH802835
DS102387,EH162789
CW917158,CW537897
DE311139,AW196479
CW486914,AW73189
BB54577,AA110730
DA100850,BR181385
EH624559,EH570671
AA100490,CW1049919
BL315711,DG32902
AM7181,AM7181
BM11298,BL121283
CW490263,CW1327462
BN323252,BH189748
EM47376,EM47376
CW710131,CW1254798
DE265324,DE164654
CW404840,CW449849
BL364972,BL364972
EH1205146,EH162870
CW579055,EH997401
CW795423,CW40030
CW290093,CA95772
CW1081662,CJ123243
EP88668,EP88668
DB252545,DB252545
DR110373,DZ65713
BR158768,DH4845
DL96466,DL96631
DT111290,EP75042
CW573579,CW1199132
AW169857,AW169856
AF18718,CG25780
CW1260064,EF134195
DE245016,DE245016
EH177187,BL73291
DE261295,DE196164
EF224821,EF224821
AM73402,CH18887
EH200940,BR3520
CJ4975,DH65698
CW161293,CW95696
BN452330,BN234642
BY481772,CL34430
BE281970,BE304777
EH302433,EH391668
CW1366784,CW801010
BY681908,BL529135
EH1066003,EH840341
BZ28921,BZ28921
EH868786,EH1068194
DD35153,BE101251
EH852892,CZ105639
EH986252,CC133355
AM77669,DR91217
EH353927,EH673116
CZ98879,BL152559
CT30695,CA50534
BY32081,BY32083
CW1184634,CW253271
CW931063,BR163236
ES14361,BX20950
DR84257,DD75754
AT19007,AT19007
DE218769,BW31131
CG145321,CG145321
BY629941,BY548750
DD95751,EA37018
CW356672,CW685184
DZ63011,AB38383
AN13085,EF10363
DN107083,CN57190
EH694655,EH392472
CW990481,DZ55629
EH212006,AM18679
AA176703,AA176703
EN24925,DA10217
EH225929,BR158478
ED41153,EE5008
CG98115,CW244384
CG102096,BL411462
CC151687,CJ65482
CL26437,DN53348
DC4615,DC4615
BB21401,BB17132
DA83634,DA83634
DB257953,EM132606
BR137535,BR128793
CC99831,CG106430
DR109895,DR109895
DB176793,EH478771
CW1029872,BL154027
EH868786,EH835427
AL175969,AL175969
CW1254125,CW1254125
CW634351,CW854850
EH358213,CJ167179
DL158327,DL263113
EH604971,CX17061
EJ20857,EF98591
AL210719,AL208662
BY472272,BY475364
BN429925,BN156837
CW711662,CW1072973
AJ14754,AM51356
CW1118234,CW760797
BY403832,BY403832
BN461487,BN461487
BL429712,BL429712
CW662932,AF25671
DD98983,DD108057
CG89753,CB40133
EH752482,BL216701
CW95650,CW84345
CW96281,CW96281
CN89228,CN89228
CW1326668,CW1326668
EH1107127,EH1107127
CA32749,CZ29765
BN298697,DD131422
BE93732,BE148507
CW623302,DE238400
EH696566,BL54817
BH133434,BC14902
CW517329,CW517329
CW594016,CW718888
BL136503,BL97301
AM96138,EN43422
DB44382,EM47068
EF78228,DH24301
CW1020874,BN364847
CW1096087,CW642591
CW990291,CW966728
EH742890,CW934242
CW862315,CW676760
CN58693,BL314802
EN45331,AS46834
BR48044,AL77201
BL88997,BL132788
EH546893,CJ207780
DL119348,BY79490
CN21106,EC4388
DL130829,AG26950
DD125933,CH25942
CW1024308,CW742845
EH516495,EH480220
BN409739,BN262711
EH101323,EH83264
DB202269,AK105531
EH672707,EH744642
CW237097,CW95696
AX77661,CL68604
EH767480,BP45502
BD86740,CC86119
CZ80456,CZ80456
EH699877,EH304960
AW152065,CZ55223
CW1246784,CW1044383
BH104372,BH125670
AA191185,AA191185
DN132837,DN109647
AM105052,AM105052
DA87354,BR123233
EH197897,BL149789
EH148983,EH305177
BN374174,BN383743
BN56899,BN50675
CW1066612,AA172859
CW365787,CW193171
EP25493,CW201139
BL317750,DE135204
AL178552,AL178552
AL51742,AN72661
EF131825,EF131825
CY12915,EP31495
CW928776,EN8226
BZ46751,BZ46751
CW829522,CW248122
EH179763,DE155728
DE125165,DE125165
CW695560,CW377231
EA26816,DL160645
DE266511,BY11795
DL142534,CJ125162
EH630724,EH798467
EH98759,CW70636
CL51204,CL51204
CP31889,AE34370
EH273004,AK37636
CJ127771,CJ127771
EH539757,EH518308
EH1108561,EH429230
BN385617,DB310044
BE156922,AK49788
DE238132,DE238132
EH486430,EH486430
CW925989,EH706515
EH191652,EH637721
BN324068,BL299779
CW451755,CW565161
CW991790,AP94471
EJ4432,EJ4432
CW385847,CW717338
EB62120,BL326345
AL189421,DL124411
BM21567,BM21567
CC70081,CG73698
CT29503,BE63985
CS34479,BR147471
DT129056,DT129056
BE93732,BD37855
CY16112,AA102710
BE248751,AL190305
CW623302,BR210249
DE290192,DE290192
EH967153,EH682523
CW641084,CW179470
DB280299,BL287268
EH304588,EH313386
DW65247,DW65247
CW1126916,CW950202
BB119379,BE107890
EF197271,DX15549
BE333890,BE333890
BY365786,BY465071
BM23596,DZ32329
BB68304,BB68304
EH761437,EH751096
EH1088914,EH258369
DE120389,AZ9598
EF145103,EF145103
EH149209,AP8782
AL287945,AL287945
BL276293,DE190815
CW157844,CW451620
EH177561,EH594435
CW498346,CW301220
DN52146,DL134548
DA117580,DA117580
DG15641,DG3906
DE278119,BW56433
EH712985,EH238244
BN241756,BN241756
CZ98879,DA58311
BE286884,BE286884
BN341585,BN385743
EG42137,EG44387
EH477815,EH885583
EH435746,EH420225
EF167917,CG169407
BD76083,DT19878
BN285444,EH149922
EH1075711,EH1075711
AL308935,BE206336
BN423900,BN537497
DG24453,DG6667
EH533095,BN367234
CW655397,CW673114
CW1002830,DE258619
EH1043050,EH485845
EH913693,AA199006
EH648497,EH648497
CW1019962,CG127030
CW47459,CW47459
EH41737,AW158323
EH205528,EP102555
CE47458,CE47458
CW1255680,CW1255680
BE30435,BE222420
DW39389,EF160135
BL386390,EH778184
CW888434,CW888434
EH531592,EH743903
BR193169,DT154701
DH33738,AK163581
CW1083017,CW190620
CW1288263,CW774246
CZ53699,CZ53699
AZ9648,BY539654
AD26532,AK104830
EM21112,BE256749
EH861571,AR10820
EF100089,EF93677
CW356388,CW1012300
DA81220,DA81220
DB201045,CW581836
CW293009,CW554839
EH177316,EH931609
AL83989,EF249384
CW627453,DL96708
EN37930,CL31416
EH212756,EH360010
EH871520,EH871520
EA13482,BD92705
CN70474,BR178254
EH980672,EH315841
EH743444,BN459680
CW731075,CW307063
AM86276,AM86276
BL310254,BN319795
CW450375,CW1225843
EH961360,DE166091
EH960043,EH960043
DE186638,DE227142
BY475643,EH564274
BR179410,BY666478
DS69044,DS98915
DB202635,DB203358
BL88997,BL271131
AA84269,DD116885
DE92776,EH413129
CW509723,CW805909
AP67200,AG59118
DE233119,DE41685
CW204037,DP16620
EH713092,EH835427
AL86511,CW102028
DN143628,EF186635
DZ14961,AF13274
CZ111917,CZ111917
CW1023855,CW1023855
BN319330,DL207276
DL223003,DL265385
ES11956,CX17061
DB258815,DB258815
EH873631,EH873631
AA164934,AA164934
AK113306,CG143243
BY344273,ER24651
BZ24029,EH238244
EL18883,AW102395
BH66526,BH66526
AF22866,CL61832
BY567458,BY475364
DL251423,DL223701
BW27427,EP53826
EH564625,EH262857
DB98253,DE77222
EH484204,EH519127
CW1090927,CW1090927
BW32217,DK28381
EH764187,DN88981
EH443906,BY625587
BP18718,DT64877
BN386080,BN386080
EH134705,AG56103
CL62842,BY451520
AN181016,BH168951
BJ25701,DE93505
DB263735,DB263735
CJ80670,EH1109327
AJ21218,BE136497
DB256906,DL251423
BY428454,CW795339
DB237668,BD109017
EP68961,DD100902
AF11639,BD22841
CC117747,EH730417
CW243288,CW472230
DA76812,DB188591
BE296627,BE181312
BR152129,EH642410
AL221621,AL270559
EH689161,EH1109734
CW1273545,CW131106
DB305844,EH388032
CW990787,CW555524
DE212670,AT23707
EH472007,EH472007
CW302773,CW894168
EH933338,EH252755
BR30927,BN44855
EH276159,EH276159
CW238791,DD124206
DL243230,BL452978
EH704163,EH704163
CW806089,CW806089
CP34874,CP19069
BE384523,AL166446
CW704113,CW742384
BY383281,EM117561
BR188583,BR213564
BN339162,EH427605
CW1067561,CW160781
AM88933,AL104595
BN165337,BH65670
AL122497,AL211822
BK13118,BS8984
CN37656,BE57173
CW883935,CW898146
DL192964,EH719798
BN332116,BN332116
BD104878,DN113836
CB53792,CH46942
AW79502,EH527415
EH179763,DT28999
BE184825,BE14174
EH490290,BL193636
CW278275,CW116887
CW470157,CW385029
AX47641,BN364847
EH489221,EH489221
ES22186,ES22186
EF26063,EF115168
BD71529,BL61397
CE14497,DD47747
AL310402,BE248045
CW884962,EL77093
BD86740,EH442330
BN339757,CR8856
EH729512,EH1068194
CW419469,BL339418
DM15037,EH79506
CW62892,CW1211306
EH769492,EH769492
AA162662,AA162662
DR105902,DR105902
BP43889,BP43889
CW565327,CW251659
CW242961,CW339846
CM35744,CM35744
DY29679,EH825210
CW289305,EF157507
BB80205,BB80205
AE16597,BY324566
CW869489,CW869489
CW817679,CW817679
AL78000,AL78000
CW162116,CW246712
CW420184,DH4698
DD188615,DD188615
BE288590,BE288590
BJ30491,BJ30491
BR92459,AW102395
CT48303,CZ121627
CW525022,CW764809
DL175900,DL157923
CW829522,CW1257508
CL39785,BB103529
BE32359,AL88455
BM56280,DA86813
DL158458,BW49846
DL194572,AA169664
CW578879,CW1028149
CW68976,CW837799
CW850548,AL271930
BE134345,BF36220
AN185264,BL105488
AM37972,AW69618
BY619663,AX68481
CT6743,DT118452
CW893134,CW268477
CW862372,CW632661
EH830580,CJ134598
AL136232,AL126524
CW829522,CW381067
CW1117589,CW1192809
AN193270,EA28598
AW111561,EH1109327
CW993501,CW732623
EF145789,BB103529
DE266511,BR123233
CW404131,CW244533
EH871497,CZ87607
EH704163,BL193636
CW335671,CW676760
BL66884,AA108544
CW442660,CW442660
CW777503,CW718888
AL251373,DL124411
BY32081,BY253329
EH538685,BL143500
CJ29499,DD104726
EH24952,EH24952
DB206958,DB115427
CW1219024,CW1296798
CL48081,CL48081
AB11948,EH110200
CW502114,CW457347
AA189574,DE166091
CW977514,CW338545
AA178076,EH961052
BD107494,DK34461
AZ15568,AZ15568
DB207984,DB132315
EH421405,CB84333
CW639067,CW1049919
EK14551,EH245924
CP26782,CN51790
CW348795,CW631669
CW49888,CW622830
AM51813,CW505598
EH1062156,DE144527
CW657519,CW816487
DD122798,DD122798
BY527742,CW792079
DB305844,AN85765
EH304588,EH510447
BZ25797,CS25808
BY175107,BY175107
EH1056862,EH458630
EH742644,EH742644
BN195975,AS23688
BB88949,BB88949
BH146235,DB265280
BN409739,BL279675
EH1277380,DN150455
EH830774,EH404755
AA107317,AJ21547
BH131200,BH111787
CB36361,EH1113432
BE182375,EF78748
CW783241,CW783241
DB206958,DB137388
CJ94663,BP36316
BY525713,CW1009083
CW273611,BJ30491
EB12958,EB37867
DK8732,DK8317
AK154713,AK154713
DE286913,DE286913
EH447915,BM46494
CW293009,CW684866
CW222001,CW222001
DH47835,CW277849
DE157485,DE157485
BY661951,DD75754
CW21050,CW67878
CW785406,CW381167
BL399867,BL433967
BN186920,BN178708
BD124063,CW967268
DL130829,EH231056
CW500329,CW524693
ER31078,DD111816
CW606118,CW442219
CW272574,CW265797
CW875595,CW548381
EF167421,EF219350
EH1185087,EH1185087
CM64526,BL228937
DW36030,EH1109327
DE263725,DE276700
DB215997,DB244603
DL141292,BL182808
CW1229250,CW1208783
EH495658,EH211762
DD68579,EM115910
CW864325,CW864325
CW824141,CW667131
DB124803,DB252149
BL432001,BL432001
CW600060,CW600977
DR134689,CH20461
BY372432,EF143765
AS91833,AS91833
AN111006,CJ175751
BY530125,BY525704
EH1000889,AS87974
AB37048,CG31775
EH463920,BB72779
CW808787,CW833926
CH37702,DX63302
AA146431,AA120727
AS42345,AP37707
CW278418,CW814027
BE212137,BE267225
EG60411,EG60411
BL397157,BL397157
CW439955,CW320944
CW242908,CW242908
CA117143,EH302579
BP39837,EH428116
CW887190,CW492291
CW356388,CW376099
EM105022,CR9628
BR184221,BR184221
AL221621,AS83330
CN26210,AG7296
AB6046,AB6046
ED18854,CJ117328
CA133572,EH229974
CW847690,CW592873
EH1169679,EH412774
CW432898,CW154532
BY698520,BY670053
DZ14961,DB190426
EH661256,EH516880
CW765881,CW515509
CW152985,DR88895
AN207907,CG154057
DL141209,AK104664
BE454389,BE438032
EH612262,EH610842
BY424944,BY424944
AN102491,DT79321
CW472117,CW310928
CW1003810,CW1181800
AS85760,CW255215
EH676157,EH986631
CW941544,CW1197122
DH49935,DH49935
EH596565,EH738447
BE357380,BE357380
EH538825,DZ20265
DB243244,AY35406
BL137803,CW491547
EF141831,BR122736
CG185064,CG36519
CJ131792,DZ32219
EH795220,DB223612
CK11801,CK11801
EH716213,DN115387
CW560832,CW732623
CW550344,CW837799
DB190100,DE276114
CJ145075,CJ145075
DE287345,EH1003692
BS5346,EH66563
BB63551,BB31776
CW1024308,BE115648
BB8438,BB56229
DN123965,CN30877
CJ142021,EH733026
CW268057,CW523104
EH740389,EH407945
DB309630,DB309630
BE296650,BE296650
DN105420,EH798267
EN59623,CT48183
CG22291,CG151931
EM38230,AM52466
EH479283,EH214039
EH116790,EH542520
EF247556,EF247556
DR40883,EH423288
CL23948,BH131437
BN357743,BN357743
EP38996,BN439990
EH757554,EH810778
EH815527,EH360516
BL314561,DE301846
DZ65094,AF13274
CW528552,BL178797
BY418590,BY451078
DA21868,BD33664
CA20787,AS30968
BE447918,BE447918
EH495025,DT89719
EH927551,AL227816
DL232515,DL257757
EH370875,AF13274
CW241382,BE63985
EH431338,EH431338
BF40563,BR97372
CW985726,CW723235
AM54904,AM81665
EH1090476,EH241324
EM38230,EH238244
CW1203841,CW1342644
CW971380,CW331335
BY559697,BE206995
AD27177,EM88330
CC120622,DL265385
CW586410,AK66169
BY686732,DB132537
BR181220,DS91338
CW993501,BL393859
EH768541,EH321357
CC12673,CW1126437
BY200861,BY200862
CW781330,CW781330
CN78856,CN78856
CW700800,CW648514
BP34837,DE155728
DK28923,BE123444
CW1086999,CW865035
AN157765,CP41287
EH454166,DR94752
BE212918,BE368990
CW1020874,AJ21547
EH1157433,EH1157433
CW1017146,CW1017146
BT11949,BN380981
DL258256,DL258256
CW610619,CW602389
BR176548,BR176456
CW419479,CW131106
BN176899,BN263991
EH698060,DL195172
AN164072,AN164072
EH826580,EH826580
BN9703,DP16617
BB37553,EM56718
CW596989,CW1322904
EM86909,AS40094
AN83770,CW204004
BY670720,BY529120
BY396679,BY499425
EH971445,EH971445
DS17319,DS112813
CW257241,CW205283
AN138734,BN519840
AL198382,DN111057
BD30304,BD30304
BY526536,BY559697
EH560601,EH560601
CW493167,CW1198938
EM42871,AL90706
BE361781,BE217424
CW67878,CW15145
DN82538,DZ8594
CW1029872,CW387493
CW1110239,CW1199989
CW273611,CW534890
EH713533,CH59695
DW64339,DW64339
AL208657,BN390697
CA24571,CA24571
DL214706,CS30949
AL40194,AL40194
CW348162,CW152711
DE119609,DH68659
EH860266,DK40823
BH142991,BH142991
EH361157,EH405361
CK2797,AL127513
AL123222,CW485855
EH855278,DW35479
EM87465,BR169843
CW852427,CW1353399
AA149144,AA149144
AM66752,BY697685
EP78850,AS87476
AL85569,AL144195
EH238104,AA71863
BE185586,BE142786
CA63657,BD7721
CW946990,CW993110
BY390231,BY390231
BN323826,BY682517
EF143324,EF100296
AK85618,AK88575
BL134235,BL149789
EH515748,BH96850
CW724721,CW515155
BE248243,CC151116
BY371077,DE198193
CJ47915,CJ34479
DS103443,CG147013
AL255358,BE126500
EH383452,AZ7530
CJ107105,CJ130292
EM63967,EM63967
CW498283,CW66730
CW989348,CW253671
BY103851,BY219107
BZ21341,BZ2755
CW1295841,CW477594
BY30405,AP79072
BE57024,BE23388
BG26544,BN184101
EH676257,EH676257
ES24274,BW58562
DD153942,DD153942
EH684533,EH1001691
CW976190,CW976190
CG28516,CG31053
DB171305,DB139525
AW111081,AW111081
EH369386,EH617408
EH661256,BB55197
BL254701,BB70173
CW674321,CW674321
EH843421,EH525091
BY87080,EF99131
BN375334,BN404430
CT46078,EH849205
DB298240,DB283886
DX39555,EF78748
BD89354,BD89354
AN136043,DB185347
EF111163,DB61235
AK34619,DE62670
CW936828,EL78297
CJ142021,BL214778
DE226173,DE226173
CG87433,EH854653
BN361632,EH245924
BY355619,CW183301
AL174964,AA98782
CT27388,CT27388
CW641084,CW1315254
DB223820,DB315581
CW802874,CW815604
CA105577,CZ121627
DN142696,DN142696
DZ49855,DZ49855
DN83305,DY17996
CW894278,CW894278
CH61292,CH61292
AL125016,AL125016
DD161392,BD93988
CW219926,CW203199
CW421552,CW571079
AL271972,AL271972
BN339757,EF113305
CB81778,EG50198
CW166196,CM52878
EJ19525,EH124654
BW39333,DE230503
CW88703,CW88703
DB112488,DL134548
AN70058,AN38909
BR102752,EL48801
EH1036997,EH1036997
BY146972,BY754728
BY360079,CL21994
EF247540,DB203046
DD35153,DD38148
EH798037,EH710037
CW713368,CW713368
DS98391,EH729179
DE230466,DE230466
BY178566,BY279340
CW993110,CW770474
CW977172,CW58988
BN282680,AX65261
AX65767,AX65767
BY443536,CJ131524
BY445064,BY443400
DK26163,EH993808
EH902508,EH902508
DD67486,DD184468
CW497250,CW38104
CW721351,CW721351
CZ33252,DE142401
BY287491,DW30884
CJ135756,CL31416
EM105022,BL322117
DR101197,DR101197
BH137741,BL210478
EH1103539,EH990103
BL353484,BL353484
BJ27754,BK33250
BL399361,BY560789
AL304509,AL304509
BB87641,AW78494
CW586410,CW859216
CW1110239,EF165447
BY581465,BY581465
CZ94919,DL164595
BY585973,BY585973
EH673343,BL444212
CW238791,CW448950
EH1204744,EH1204744
DK35214,CW1098367
EH818900,EH478013
EG31949,EH388072
EH794912,CJ106401
AJ27466,AJ27466
AM83754,AM83754
EH1123961,EH1123961
BE334563,BE231691
CH6347,CB93411
BL292607,BL305473
CT59613,AT16946
BR164861,DD116481
CW533512,AM55688
EH71742,DE96028
CW147964,CW297944
AK125480,AK96073
AR15296,AW209408
EH390904,CC62272
BD113088,BN316354
CW493167,AM47727
BL348637,BL348637
CW640834,CZ84947
DL173611,DL173611
DB273298,DB94939
AK61851,CW1026960
CZ101072,CZ101072
BY5482,BY94083
BL390236,BL390236
EH592293,DD78451
EH200950,EH529574
EH564625,EH389255
CW859216,CW708699
BY386744,BY386744
CN45032,CW781401
DL204717,DL204717
CW968596,CW815830
CW1161642,CW1029739
DD121149,DD121149
BR125608,BR156263
BN329019,BL315353
BY583638,BY583638
AN76417,BP10625
EH505192,EH551853
EH431338,EH554638
EA35184,BL519779
CN82693,CN82693
AW125069,AK87990
CW585011,CW222001
DT154006,DT154006
CW111512,CW203419
EH676157,EH755518
EH171359,DX12630
DT87452,CW204004
EH761437,EH503015
CW361232,EH422695
CZ46911,CZ46911
CW493277,BR125480
BE281970,CJ125646
DB193469,DB193469
CG22291,CC85882
EH857910,DB231559
CW599651,CW972079
CG28353,BN44126
CW449010,CW862954
EH794912,EH618325
BR175467,BR175467
CW883291,CW687548
CG157446,CG128534
EB38685,AM78765
EM104516,CE42218
EH1176877,EH1176877
EN50049,EF73129
DT82582,AW83415
EH1088914,EH376280
EH1028407,BL429510
DB2220,DB174468
DE227229,BL404912
CC130299,CC130299
BR220213,BY392382
CW634097,CW297159
EH151765,BL75394
DD97866,BY324566
CW1169318,CW345844
EH778184,EH515404
BE384523,BE449097
DN112545,AP69359
DZ29781,EF173889
EH1064128,EH1205146
CW637095,CW304482
BR156585,BH98217
CW581502,CW703907
BH89274,BH89274
EF82329,EF82329
CW728299,CW954688
EH385417,EH358393
CS29004,AG47729
DF17648,BL227329
AL51742,AP8782
AL257138,EL64847
EH533722,EH28381
DA89692,EM34946
AB37023,AW116055
AJ20840,CC4940
EH213587,AN52092
DZ66646,EL40535
AA160323,AN120379
AW124345,AS46834
CW1117260,CW1124265
AP74190,AP74190
CW767325,CW719599
CW958770,BL395295
DT26989,DT26989
EH661853,AN117340
EH768541,EH488092
AS37531,BN35448
EN50049,CZ46284
AN144216,AN174570
BM29871,BM42063
CW703967,CW609090
DB248135,DB239102
CW1142354,DS71477
AL240720,BN367234
AN77823,DT66245
AX47641,DE223005
AP2402,BR37701
EH594430,AW103591
BY421365,EH309346
EH704163,DE154601
AL74175,CH6147
AL121217,AL108271
AL5131,AL5131
DD151806,DD151806
CW783277,CW804661
EH941105,EH1000178
CB53352,CG160700
DP45645,DP45645
EM89726,EM89726
BY684858,BY270838
CW1257888,CW411539
EH1062156,CC31247
BY126159,BY428245
DB305844,DB129961
CC12673,AM84042
DD88925,DD88925
BE246265,BE307157
BN176899,BH96776
EH179763,EH423288
AL85779,BC44775
DA60422,CG156505
DB246152,DB246152
CW596989,CW475302
CW1004231,CW1199132
CW609644,CW705591
EL53033,DL164955
CW218379,CW453847
DE145638,CW434160
CG130303,CG151105
BY528269,BZ35508
DX39555,EA37018
BN339757,DL115645
CW293460,CW319644
