globalID_A,globalID_B
CW383914,CW245310
AM91695,DL243020
DS76846,BM46494
CG127928,CG127928
DL175900,BE471205
EG41205,AL122481
CW586666,CW586666
CJ64794,AW25364
DB235141,DB235141
DK25098,BL134193
CW801655,CW350489
CW449954,CW222695
CW147748,CW296022
BY375988,BY416270
AL200024,AL200024
CW970511,CW157903
CW848225,CW318611
BY375133,EG33783
CW561659,CN51869
CP17424,CP17424
BR145395,CT41413
CW269738,CW608098
CW227488,CW390587
CY28721,EH486537
DW50291,DM36931
CW925747,CW925747
BL366436,BL366436
CW61819,CW407436
BE341001,AL126524
DL228620,DL228620
CW111175,CW78391
CG35865,CC75864
DB242445,DB84237
AK29343,AK14721
AK162859,AK162859
DN3707,AP22210
CE49150,CE49150
CW1063356,CW277029
BY52157,BY407452
CW527053,CW734473
AM106886,AM106886
EH988415,EH1268667
CW111989,CW210287
AA95406,AA95406
BG41037,BG41037
BN448531,BN448531
CN55086,CN55086
EH481271,EH438758
DA100642,DA100642
BN136018,BN337069
EM74101,EM74101
BW46209,BW46209
EF109599,EF109599
CW238574,CW533426
AS48497,BD66493
EA35184,EA35014
EH1066260,EH1066260
AK111837,AK111837
EG42335,EG41402
DB267570,DB267570
CW254053,CW445087
BN455380,BN213796
CW265302,CW579723
CW181152,CW347617
EH1045729,EP40896
EM44930,EM44973
BN20910,BN24403
EH704163,AN96190
DL63721,CC32951
BN20910,BN65472
BN229359,EH128325
EH516873,EH321145
DL98305,CW79495
DE91299,DE137713
EH196091,EH240540
AK109695,AK109695
EP60452,EP60452
CW797584,BN285004
AL279828,AL243163
DE230400,DE230400
DB219506,DB219506
AS67205,AS81200
EH322209,DH20592
CW168075,CW168075
BR195045,EA35260
CW878022,CW27432
DE272432,DE272432
AA149552,DE72784
EH161084,EH185624
ES14361,CG106828
AF9554,BR18249
AW156888,AW156888
EB69142,EN35127
CW1082180,CW933518
CW238574,AF13274
DB219486,DB219486
CJ35343,BH114544
BL87589,BL381843
BN467024,EH999287
EH666884,BE252669
CW751538,CW128386
DE289371,DE126480
BB61575,EP58998
AA113631,BY327461
BY562922,BY562922
CW405250,EH875689
DE265680,DE265680
CW655811,CW199905
BN259763,BN259763
DA6565,DA7491
CW721988,CW997248
DA77290,DA77290
BB98970,BB111655
CW369263,CW298762
BE30483,BE30474
DL96761,DL85727
BN286167,BN163861
CW437959,CW292769
CW229642,CW420845
CW537340,CW331967
BN74650,BN74638
CW360663,CW281673
DB196933,BY409682
BN531979,BJ36271
EH581420,EH581420
BL459184,BL459184
CW947419,CW947419
CW525855,CW492018
CW314876,CW307668
CW360663,CW860425
EB66969,EB66969
BY23499,BY23498
BL498496,BL532233
DE297919,DE297919
CW342024,CW73205
BN167062,BN252934
EH917382,EH917382
CW349223,CW390766
BN159700,CN24909
DT124674,BH128026
AM22671,AW157854
AP54834,AP54834
AW69900,AW69900
BL431864,AP73195
AN69894,AN206936
BZ12097,BZ25978
EG41117,EG41117
EH1107194,EH1107194
EH794859,EH794859
EH1128109,EH1128109
CW409983,CW444807
CW1045068,CW833620
DB137922,BN529026
DB145907,DB76218
EB33854,EB34573
EH225561,EH113618
BN421649,BN443645
CG122219,CG3355
DB265836,DX61085
DB242998,DB242998
BN409739,CB49899
EH581420,CZ32732
BY545872,BY24791
EH673055,EH673055
EH94143,AS50883
AZ8548,EH110713
CW350618,CW387933
CA115594,CA86058
EH1046372,EH1046372
CW426103,CW426103
BE453768,BE453768
EH346979,EH1147627
EH247088,EH181659
BE202741,BE210696
CW1136773,CW200332
CW434797,CW453036
BE314225,BE314225
BY275561,EN24926
AN207907,AN85247
EH668117,EH668117
EH1212845,EH1212845
CW849860,CW591823
DD10371,CC122772
CJ190255,CJ204732
EH619381,EH675612
EH298457,EH298457
DE197880,DE55973
CW1184243,CW627277
CW1207523,CW1207523
DE308708,DE320243
BE61427,BE195578
EH596565,AY31154
BN494219,BN494219
CW221602,CW155176
AL285815,AL286380
CW117115,CW307574
CW666023,CW460988
DE48403,DE68905
AL169362,AL169362
BL184970,BL184970
CW533974,EH422695
EH624191,EH624191
DA113709,DA113709
AL231013,AL231013
CW1164282,CW1164282
CW279624,CW332108
DL129280,CZ33909
BB69133,BB69133
DL97805,EH917218
EF210701,EF210701
CW1300113,CW860496
AK142480,AK142480
BY241749,BY261510
CW952229,BR151392
EH458323,DE166091
DE162042,DE297329
BL352307,BL352307
EH735724,EH527436
DA73458,CN51869
DL20889,DL61936
EL67621,EL67621
EN70319,EN70319
CL57468,CL57468
AA105577,AA94390
DL208541,DL208541
BE382237,BE382237
EH494621,EH235064
EH850463,DL236262
CJ198023,CJ194093
BL417183,BL417183
BL308496,BL266141
DS17921,DS22571
AA154686,AD4159
EP82083,EP82083
CA125464,CA125464
EH1093929,EH1093929
BN374692,BN324899
AL196415,AL352974
DN163285,DN163285
BN239276,BN304534
DB275842,BL122172
EH858278,EF167743
CW938114,CW237818
BY683299,CW923370
BN304489,BN304489
CW360663,CW525628
CW822555,AR9386
DB298240,DB271257
CL48787,CB61784
AL332989,AL31809
CW1062035,CW1062035
DE223918,DE121651
CW188177,CW188177
EH1076567,EM82035
DD84435,DD84435
CA56764,EH820474
EH953884,EH953884
CW66436,CW215118
EH340053,AD11897
CW763801,CW304108
BN237029,BN223664
DD130416,DD130416
BL31966,BL367594
BM18098,BM51787
DT142452,DT142452
CW500809,CW339066
AW206991,AY17041
CW586324,CW900414
AM14280,AM77048
CJ111091,EH149027
DZ71015,DT64036
CW140341,CW1090500
BN67915,BN195492
AF11803,BB48159
CW506907,CW170385
AW128120,AW128120
CZ40673,CZ40673
EF21310,EF31887
EF166094,EF166094
BE270562,BE61507
BY182933,BY8983
BY410425,BY362114
AM28242,AM72703
EH833518,EH686329
BB4958,DW5775
EL55773,BW54008
EH418323,CW592554
DN106623,BY378203
CJ76493,AD4554
EH115074,EH348526
BY210634,BY56095
BR142249,BR142249
DZ68997,BL506290
CW1126841,ER34268
EP97192,EH1032336
BB21141,BB117015
CW428172,BP21940
AA135650,AA135650
BL66884,DE264784
CW349223,CW287845
CW300775,CW332386
EH1086177,EH1086177
EH1088914,EH349128
EN51443,EN51443
CW1137921,CW222470
CW78789,CW52867
DZ68997,BF25565
DB235739,DB235739
EH115074,EH355976
DA96203,DA96203
DS107221,DS22051
EM90551,CS3352
DB189161,DB114728
BY294533,DD127271
AA53528,AA147785
EH141448,EH439618
BY565240,BY202439
DM31100,AT3998
EH164356,EH179650
BR55748,DY17220
BY642113,BY344180
AN217197,AN217197
EF158943,EF158943
EH149284,EH115904
CW540485,CW460292
CW373486,CW1015487
CW972453,CW972453
DE221593,DE57135
EH1002710,EH374157
BH16415,BH16434
EN49136,EN49136
BL64043,EH94148
BN417724,BB48159
DB193137,DB110208
AB35174,BE253551
EH805548,DE313119
CA72667,CA72667
CW606187,CW1060175
BE348918,BE206336
CA125134,DE197589
CW270703,CW52867
CW194579,CW679431
CZ66892,BL137899
DD95751,DD186768
DB274558,DB247863
BL261971,DD68325
EH1055196,EH1055196
DE308736,DE308736
CW640429,CW305757
CS14309,CS14309
DW43285,DW43285
EH578414,EH578414
CW589261,CW190857
CW1131245,CW835206
EH768546,EH768546
DR81623,DR90394
BY182494,BY354837
CW650598,CW613682
EH1118601,BY495669
BL315275,BL315275
CW1079530,CW1101649
CW731420,CW837183
EH321861,DE153900
EB34098,AC16498
EH1118304,EH1118304
CZ104108,CZ104108
CW797568,CW577081
DD35153,AP17480
BH24964,BH26081
CW1298692,CW893249
AG49802,AG49802
CW1189651,CW1189651
EH1080847,EH1080847
CW1024756,CW732623
CW854520,CW1159758
DD154790,DD154790
BY221651,BY172244
AA167454,EH1027144
CW1006933,CW613594
CW915656,EH1290328
CW884748,CW956416
CW1195209,CW1060157
CW349381,CW349381
AK56531,AK56531
AL142110,AL142110
BR179728,BR179728
CW890098,CW879595
CW386195,CW440385
CJ62658,CJ62658
BY561006,BY561006
CC130151,CC130151
BY99949,BP25968
AW206991,EF56403
DE240517,DE242395
EH1088914,EH204661
CW487967,CW487967
CW614171,CW658032
CW652338,CW518400
BL350936,BL350936
CW1104436,CW1104436
BE377156,BE377156
EH881415,EH547971
BY411064,BY376392
BY23003,BY76221
CW142933,CW326853
BE203485,CL34430
BY9129,BL156659
AW167036,AW167036
CW879928,CW409640
DE234868,AR14474
BH87118,BH87118
CW329245,CW536403
DE130883,DE144527
CW958742,DT126629
DT129344,DT129344
CL29983,CL32276
CW224090,CW467565
DK42739,EG45229
CW423771,CW1271196
EH30984,EH60239
EF81996,EF32942
BY8772,BY11139
CW328014,CW1277351
CW489957,CW444840
BE299944,AL104563
DE29534,DE58405
BL121029,EH240540
DB93315,DB100157
BY56086,BY174395
BY225971,BY123319
BL112586,AA214099
CG46462,CG72043
BR55341,BR210745
BN491452,BN491452
BR152270,BB112083
DL96761,AA149623
CW458020,CW356189
CC79113,CC66439
EP86628,CJ151251
CL35447,CN11074
BN352282,BN352282
CW87000,CW215503
BE371737,BE371737
CP37155,BR81884
CW423771,CW939193
EM91638,EM91638
DL96761,DL128379
BE239915,BE200568
AL330981,DN31171
CW1246724,CW1246724
BL402875,BL402875
DE320495,DE320495
DL79691,DL32092
ED35148,BK33127
DL181782,DL181782
CW406587,DE48694
DL76263,DL78296
EF181642,EF181642
CW959520,CW959520
AN104888,BL187272
BL418753,BL418753
BY441251,BY461235
CW650275,CW525258
AW68233,AW89328
CW529112,CW414063
BY459905,BY423900
AL195350,AL195350
CW1279633,CW55789
CW612704,CW925990
CW1011103,CW525154
CW1057512,CW1057512
BN334526,BY134269
CW210484,CW773667
CW723370,CW723370
CG99790,DL196314
CW932889,CW1172988
DB37973,DB294005
CW342024,BY595305
EH508953,EH508953
BE180248,BE74837
BY496443,BY455179
AL271198,AL271198
BY581477,BY626247
CW739921,AW109830
BY571117,BY603755
AN177686,AN177686
AK108405,AK108405
AN137864,AN137864
DB154720,DB294168
EH838527,EH497369
EH197559,EH372954
BE20033,AS78570
EH348199,EH252692
AG31722,CC68211
DH59378,DH59378
BD129120,BD129120
DR134689,CW1025693
AL64042,DE94897
DE267590,DE267590
EH834977,EH834977
EH1034793,EH1034793
CW902593,CW1173984
CC134300,AD7663
CG152339,CG85204
EH321861,CW1221407
CW1136773,CW213583
EF111174,EF118116
BE145366,BE137171
CW578879,CW432338
BE427598,BE427598
BN448941,BN223741
CN41420,BN541188
CW91795,CW91795
EL95082,EL21420
BL245952,BL220399
EH133796,EH404040
DT126183,DT126183
EH151837,EH416163
EH854291,EH1264755
EH593140,CJ38068
EH398163,EH372954
BR144397,DE207914
BY324600,BY324600
CJ142021,CW724104
AN128410,AN231692
DA73458,EF69277
CG168186,CG168186
EH1138041,BE156646
CG109409,CG132126
CW238574,CW390392
CW251108,CW100821
CW1101591,CW1102471
BN328110,BN328110
BL288585,BL288585
BE315492,BE315492
CW74996,CW71048
EH1131793,EH1131793
AW184946,AW184946
CA20527,AL77201
DD95751,EP55976
AL93786,AL83114
AW112936,AW5028
EH15719,EH404471
CW561659,CW708699
AN60822,BL207365
DA89692,AN85247
DE269617,DE269617
CW1137430,CW1062548
BN148763,BN148763
AA100490,AP8782
EH235248,EH276576
CJ120192,AA137981
DE158326,DE183895
CM69624,BN225425
BN249812,BN189486
AM74334,AM74334
CW1063356,CW1063356
BA8961,EH660112
BB63335,EH156745
CG84567,CG44493
EM30771,EM30771
DB155269,DB140933
CW300857,AW60057
DB237944,DB148234
CW894985,CW309536
CG23368,CG23368
BL36621,BH109941
EH431300,EH1175663
CB53645,CB53645
DB236679,CJ109498
EH197029,BN194734
ES23757,DN162544
CW813821,CW167965
AL82522,BR66169
CW222854,CW450161
CN13589,CN13589
CW98880,CW222681
CW1195209,CW536559
CG72782,CW724104
CW311791,CW274557
BY419232,BY361060
DB179146,DB179146
DB115957,DB156561
BE221721,CW879595
CW1078292,CW602517
BE137684,BE168105
EB34098,EH840811
EH583381,EH242092
CW591048,CW591048
CB77430,CB41528
EH880014,EH185624
BR48177,BR75998
EH567550,EH567550
CW741065,CW741065
BL315400,BL315400
EH352821,EH352821
CW556113,AD30275
CJ111091,CJ23022
EH113447,EH645293
BN141241,BN58053
CW731374,CW591823
CJ186105,CJ186105
CW249112,AL185729
BN16192,BN39038
EL81108,EL81736
AK113306,EL78297
BL383377,BL106774
BY505835,BW69406
DB126220,DB269088
DE234665,DE234665
CW577084,CW464254
BL267101,BL267101
DE205099,DE205099
CW60018,CW60018
DB111753,AF13274
DB58817,CW287954
CW411347,CW222529
CW1233065,CW243391
BE221721,BD122090
EH130687,DE89158
CJ41633,CJ41633
CW351518,CW452465
CN83027,CN83027
AL232785,AL232785
AM42834,AM27034
CW680764,CW296157
DA119007,CB86071
BR204674,BR204674
CW584751,CW305052
BE249160,BE249160
BN159730,DS14941
DL190098,DL224479
CW395349,CW513450
CW309101,CW772200
AN39111,CW619819
CA28546,DE143051
BB58705,CW390392
CW460797,CW134941
DR29541,DR55150
CE31845,CE31845
AN63359,AN38152
DK28255,CB36935
BN57778,BN35970
CG62334,CZ81443
BY154495,BY623594
AA203826,AA169727
EF217359,EF209399
BW48570,BW48570
CW43818,CW366565
CA106152,CA106152
DT136006,BL186276
CW143992,CW105553
CW137551,CW601270
CW604438,CW362852
DS104308,DS104308
CW500236,CW873836
DE282355,DE207374
CW1014817,CW1014817
DN143628,BE371922
EH974507,EH974507
ES14361,CG47281
DL131422,DL124411
CW945870,EH942617
AM97835,AM107721
DH53543,DH53543
EH1003446,EH1003446
AL133327,EH437204
DE113476,DE113476
CW399734,CW656084
AW46332,AW63067
CW972437,CW893249
CW627901,CW456752
AW105535,AW95065
CW581178,CW1190210
AS85760,EH164982
EH447674,EH389255
CW56701,CW47199
DB222218,DB222218
DD18828,DL55438
CW486815,CW486815
AL261320,AL261320
AL157318,AL162150
CW859907,CW346135
CW540889,CW540889
DD97994,DD7971
EH234073,AS4160
BH151277,DN132561
CW594609,CW701192
BY701401,BY701401
CG35865,BZ72906
EH1065557,EH1300646
AS37286,DL92465
CW759787,CW581217
AL269235,AL269235
CW1124857,CW745839
BY131693,BY235697
CL41816,DE249538
AE24738,AE26509
EH94143,BE50062
CW203602,CW746828
BL385304,EH477466
EH221953,EH221953
CW61819,CW175176
AL324998,AL218846
CW1011782,CW1011782
CL51846,CL51846
CN73986,CN39943
BP48104,BP48104
DE135310,DE135310
CA26567,AS9795
AL229170,AL229170
CW391891,CW446798
AL220174,AL206308
EG59154,EG59154
BL402449,BL402449
AK113306,AA169727
BE226583,BE32449
DX56781,AL263231
BN197008,BN95098
CW345754,BB115645
DD113075,DD113075
EH651713,EH651713
DH15384,AW65292
CW234661,CW847213
AN195055,AN195055
CW540485,CW499990
CW1081190,BE163372
CM62830,CM62830
BY589596,BL372497
BN137647,AW50733
CW598031,CW453628
CW467318,BR142206
CJ142021,DD90591
BY263740,BY100221
BN470985,AA41326
CJ81827,BD59202
CW212719,CW346978
CW865058,CW1062449
BE322648,BE186604
CW332015,CW266611
DA82873,DA82873
AA141665,DH21645
BE221721,EH742520
AL139423,AL253783
DT79339,CW262304
CW774513,CW159816
DB174885,AM55714
CG101671,CG126544
BN381440,BN331600
CW93321,CW775603
CG153065,CG153065
DR13790,DR11756
CW828009,CW566698
BL405381,BL405381
EH523218,EH523218
CJ112273,CG122711
EH702336,EH702336
DA32037,DA66250
BN216196,BN148185
DN108540,DN108540
EL77035,EL77035
DA29465,CJ76379
BL193773,EN35640
EF136796,EF136796
CE26904,BK36483
CW972453,BY395533
CJ180945,CJ180945
EH1187415,EH1187415
CN92859,CN92859
EH1123665,EH1123665
CW678105,CW287954
CW961908,CW591982
EN45331,BE269235
CW892303,CW118563
AL220394,AL220394
AK129513,AK129513
CW572210,CW282444
CJ37772,BP54454
BL209066,BL209066
CW108324,CW262304
CW396027,CW887216
BE348918,BH132340
AL186354,AL360112
BP19935,CP51517
AK90665,BB72779
BN102031,BN177532
CW736079,CW1146961
DH27004,CW307668
EH379120,EH379120
CW294349,CW1376524
DB174099,DB106919
BN314217,BN502941
CW669796,CW692340
BN459412,BN459412
CN92068,BD17554
BN105786,BN312534
CC128766,CC128766
AW145883,AW145883
BJ32663,BL364900
DG61196,DG61196
CW666313,CW435512
EP84534,DE264784
BN553104,AX29272
BY642113,BY295069
CW81211,CW1349199
BY184801,BY39130
CC118085,CC118085
BJ10910,CW1179660
CW1058131,CW1058131
DB265566,DB265566
ER16187,DL85868
DB109574,DB197941
CW698304,CW698304
EH730900,EH730900
CW213300,CW396116
CW955493,CW591982
BJ36627,BJ36627
EH178624,EH178624
AL239268,AL239268
EA35184,EA37018
CJ32065,DE229345
AM38841,CW507916
BE363696,BE293270
EL75245,EL75245
AL42199,ES17650
BE212293,BE86743
AE32330,AE32330
CW891752,CW891752
AB14050,AB13928
EF148910,EF148910
EH893246,EH893246
BE393965,BE471264
DB115957,DB144051
CW915532,DS45102
EN45331,EH779676
DA77756,DA77756
CZ3933,EA25933
EH494876,EH335865
BE364413,BE364413
AW76232,AW40368
CW860496,CW1113568
CP38367,AA155212
BL302132,CE28869
EH458323,CA68875
DN58452,EA30081
BN258329,BN125832
CW201006,CW1090500
BN405670,BN405670
CW518821,CW746828
CW1052942,CW1329664
CW553309,CW1061078
DZ25221,DH11085
DL149519,DL170422
DS76846,DS99879
CX17027,CX17027
CW446947,CW555785
CW834715,CW776753
BR141195,BR141195
CW1072725,CW1072725
ES19931,ES19931
DD194248,DD90591
AN84503,AN82980
EF157729,EF157729
EH659336,EH201309
EF84898,EF94423
EH1135075,EH1135075
BL229364,CW795339
CW652794,CW54244
AH16932,BX12753
BY305672,BY418798
AK118410,AK118410
DD32205,DD14522
EP96448,EP96448
DX18947,BL241225
CW458020,CW886963
BN60891,BH130045
CW232744,CW251643
BN327449,BN324899
CL49611,CL49611
EH745407,EH745407
BY701240,BY114598
AL185590,AL185590
BY680944,BY680944
EA28352,AN85247
EH973536,EP76557
EP38608,DE90548
CW293138,CW167100
CE12415,BL261405
CG96262,CG96262
CW187953,CW176160
DG24209,DG16900
BL265179,BL265179
EF141284,EF141284
DB233148,DB233148
DB115957,DB75695
CW841332,CW113175
CW1143489,EF160308
DB42634,DB186630
EH586935,EH586935
BY486223,BY193946
BJ39148,DN133386
DX34822,CL42132
CW1055775,CW433712
EH901105,EH901105
DN126551,DN126551
DE177691,DE230503
DB145408,DB319386
CL51486,CL51486
AL112691,BP17059
CW327162,CW252733
EH1224954,EH1224954
DE186638,DE184222
CW416563,CW321074
EH149209,CS16921
CW1029872,BP17059
BL54696,CW184004
EH256403,EH256403
CW59074,CW59074
DE271737,DE112933
CW841393,CW841393
BE276435,BE419077
BE399797,BE399797
DE299942,DE299942
DL90235,DB74873
DZ25221,DL67396
BL99239,BL99239
AE30221,AE30221
CW970026,CW290240
DE293425,DE293425
BW35837,BW50305
EH152759,EH336954
EH635061,EH635061
CW476070,CW323165
CW219434,CW482698
CW248898,CW978814
BB42501,BR123233
CW501972,CW935564
BW12859,BJ4608
BZ48349,BZ48349
EH681105,EM82035
EH878266,EH878266
BY422816,BY189980
AX67173,EH377225
BY472098,BY49430
EH50303,EH23061
BY56975,BY219930
AL195485,DA38388
CW629125,CW629125
BN227525,BN533037
EH802386,EH802386
AL311137,AL311137
BY644593,BY469525
EF196683,EF113619
BL392357,BL392357
AL346387,AL346387
CC52697,ED31952
BY144364,BY137844
CW146544,CW443994
DB38542,DB183458
CJ165759,BB60486
CW329339,CW65472
CW1033872,CW1033872
BN295747,BN163271
DB11264,DB63993
EH876488,EH876488
AX67117,AX67117
CC67479,EF144821
DL76447,DL127816
CW1006691,CW833620
DZ65460,DZ65460
BA4915,CZ81443
BL229364,CW172263
CW1078292,CW383511
CW778665,AM80980
BR131746,BR131746
BL454281,AG54749
CW1091965,CW432469
AA100490,AL190305
EH529760,EH552846
CA3194,BN209343
CE47945,CE47945
CW18894,CW101325
EH1183404,EH1183404
DL195029,EH1208464
CW890128,CW890128
EH650819,EH650819
CW1011103,CW547398
BN258094,BN101398
CZ69277,CZ69277
EH598278,EH361532
BN108524,BN108524
CW552186,CW481497
CW501972,CW632661
CW441751,CW1221407
EF131638,EH1126678
EF123729,EF123729
DE239536,DE239536
CW213300,CW222695
CW553678,CW608194
CW1055775,CW232048
CW153849,BN245470
AA166090,AA166090
EH374362,CW1045283
AL97376,AL97376
CG128036,CG128036
CW896524,CW1210892
CW1180794,CW363277
CW827794,CW814187
BL258096,DX33847
BR124940,DD216047
EF181642,BN519999
CW219926,CW990080
CW616686,CW616686
CW1063356,AG56103
EH1174528,EH1174528
EH562747,BM30847
EH885746,EH908377
CW1004266,DD88555
CA123446,CA123446
BN499256,BN300095
EB72608,EB63082
BY437003,BY225479
CW1365817,CW1205816
CW1037534,CW744674
CG62334,CE55136
EH787800,EH213654
AL62497,AL65069
BN464124,BN464124
CA132966,CA89777
BN345901,BN105258
AF24806,AF24806
AK142895,AK142895
EH584686,EH512867
EL13276,AM14822
EH699674,EH699674
EH712693,EH712693
BL102433,BL414497
CW118929,CW530196
ES13122,ES7298
EH565638,DE157902
DE177691,CJ138642
DP41806,DP41806
CW1070626,CW546241
CW300857,CW737034
DE25783,DE193258
DL82120,DL144616
AN68817,AP4611
BE221721,CW381870
EH864486,EH1002666
AW166575,BZ34427
AN153625,AN153625
CW1270385,CW1172338
EH883648,EH974896
EF162880,EF162880
CW400135,CW298951
AL291293,AL291293
CW725819,EF31318
BY9129,BY9129
DG10271,DG13164
DB156482,DB156482
CW511635,CW479817
CW798362,CW1012852
BY32477,BY155708
DD33745,DD124293
DE251319,DE251319
DZ64360,DZ64360
BY113995,BY101007
BR215351,BR181215
CW379893,CW873976
CW417407,CW284726
BH124345,DN116152
CL49566,CL49566
CG102345,AS86973
CW804759,CW101325
CW1190460,CW851773
CW369263,CW546856
BL71718,EG9840
BN553104,CW632661
CW184660,CW190091
BL487293,BL487293
AA129010,AA168477
CW799048,CW742513
DB185118,DL128379
ER30646,BY327693
CW859907,CW420345
CW163592,DE147765
CP7920,CP7920
BY255704,BY80254
DB234468,DB234468
AW217628,AW217628
CW1165384,CW431482
EH630961,EH630961
CW681423,CW365806
EH134029,EH546920
DE20789,BD123011
EH819498,EH819498
EM66171,BY258664
CW906201,CW576101
BY218403,BY172747
DE8141,DE83881
DL90885,DL90885
DN67951,BE117015
DL137823,EH314812
CW397352,CW160924
BD60957,BD71719
CW768739,CW1023266
CW113928,CW1368698
CW202666,CW202666
CW695800,CW833620
BD57670,BD151033
AL287911,AL287911
CX19216,CX19216
DB288558,BY466363
BY12691,BY290085
DB261984,AS99472
CW38456,CW519614
DL272312,DL272312
CW804822,CW804822
CA100588,CA100588
AN42133,AN42133
AA181624,AA181624
AL246670,AL140284
CW72879,CW336814
BE215012,BE206542
EH619149,CA58632
CW48118,CW280071
BW12859,EH67942
BL261971,CW511403
BR148324,BR148324
AE30202,CD17690
CW925471,CW965587
CW188080,CW39491
DB186535,DB253428
BK46179,BK28895
BN57509,BN5512
CW136617,CW141175
CW422142,CW310227
CW245064,CW601383
BL295392,BL295392
CW616441,CW269754
CG86001,BY300181
CW393751,CW296048
DR69070,DR69070
CW1172152,CW1373124
AL56235,AL217060
DB116579,BH106753
BN200145,BX11643
EH217084,EH217084
AN47742,AN101201
EH1076567,EH1312115
DH54491,DH54491
BY103936,BY200302
DX11022,EH24095
CW1227491,CW789525
EH494621,AF13274
CW204524,CW54900
CN23858,CJ10371
CG114320,ES25020
EH704163,EH496984
BY133491,DN15404
DL160856,CS16502
CW1081767,CW941397
BY153745,BY427923
EB55221,EB49574
BB30668,BN182620
BL160430,BL160430
BY488837,BY79163
BR8110,EF191459
BY7437,BY418798
AL195161,AL195161
DL216097,DL216097
BY475564,BY398575
EN68328,EN68328
BN465265,BN465265
CW685660,CW290810
BE385202,BE330638
CW667766,CW654896
CW66729,CW323528
AS76617,DN126617
BR95672,EH627961
CW936870,DD151871
EH912371,EH163515
AA100490,DL76801
BH135224,BH153510
CA97989,CA97989
CW795506,CW1024469
EH125145,CW198301
CC128037,CW1082771
DZ52607,BH32710
CW576414,CW651363
BR153248,BR153248
DE257450,DE257450
BE89153,BE249248
EH633371,EH161126
BE14262,BE46317
BR86440,CN67852
AN71149,AN21878
CW527833,CW579723
BH154790,BH154790
DL283511,DL124411
BN513244,BN315465
BE90077,BE42138
BE336250,BE336250
DP30373,BN244976
EH979988,EH979988
BL449150,BL449150
CW478782,CW239681
AM38841,AH6944
CW341856,CW809666
EH769737,EH1313793
EF131638,CJ147610
DB265836,DH58461
CW527481,CW648642
CW172602,CW463202
CW149341,CW706026
EH1147037,EH1147037
EH519681,EH519681
BF18004,BF18004
EH965077,EH965077
BC58269,BC58269
CW248874,CW178586
EH870324,EH955051
DB28442,DB53761
EF4856,DP43195
CW971274,CW895814
BN93323,BN179890
BL306582,BL306582
AK97282,CZ39741
CW58386,CW707605
CG64464,CG64464
EH858762,EH858762
CW1237121,CW1237121
BY618999,BY621498
EH220680,EH252397
AP52171,CM42198
CW627708,CW464885
DB30029,DB201406
DB90556,DB163862
BN353545,BN377923
DS85402,DS85402
DT137268,DT137268
CM43795,DB140933
BY550005,BY550005
AM34688,AM66759
EP81907,EP81907
EH64322,EH1250849
BY367440,BY314574
BY611228,BY611228
DD105531,DD105531
EH816892,EH816892
CW1140638,CW1140638
CW621757,CW575679
AS85760,AS85760
CW860496,CW860496
CW695064,CW691625
BL475236,BL475236
DL187334,DL187334
EH451906,EH349030
DH7610,DH7610
CW556807,CW1113062
EH75423,EH130440
EH7122,EH124212
DD150135,DD150135
CM63350,CM63350
BN244885,BN137376
DB115154,CS14173
BE334224,BE334224
CW214742,CW477322
EH225929,EH528676
EH902029,EH902029
CW459888,CW753122
CW662552,CW342607
CW72887,CW222332
CW259876,CW181371
EH421378,EH245171
CP43619,CP43619
BL91905,AM69989
BW62197,BW62197
CW370218,CW326853
EL90551,EH1092693
EH923573,CJ163484
EH325311,CJ47056
EH1150462,EH351423
CG61996,CG49897
EH1029333,EH170889
EF112497,CW560543
BH43918,BH79788
CW572796,CW674518
EA28352,AT16359
CW460797,CW232303
CW1034597,CW106106
EJ6362,CM37563
EF4983,BL4940
CW347175,CW388117
CW453088,CW453088
DE321011,DE321011
AD25162,EF135685
CZ114096,BN495978
DE293288,DE293288
BB115776,AC7189
EH321210,BP25491
BY549163,BY96726
DB5361,DB253436
EH833203,EH833203
EH635720,EH700380
CW1230532,CW1230532
CN60586,CN60586
EF133791,EF233296
EH767984,EH1118941
CW1078292,CW705669
AS62439,AS62439
CB77430,DE171336
CT22011,EB52108
CW964147,CW964147
EH349169,EH391441
EH704163,CP19069
CZ78151,AK18216
DL171159,DL171159
EH1271647,EH1271647
CW1131585,CW808379
DN143262,DN143262
BN104977,BN14487
CF5335,BE157097
CW133047,CW89303
EH1166823,EH1166823
BG23570,BG23570
CW510686,CW200033
CW426476,CW222695
BW9300,BY193946
DB307012,DB306415
BB87956,BB87956
CW475752,CW408831
AL189873,CP30355
CW977807,EH1235532
AA107317,BD77965
BL431337,BL431337
CW696159,CW868643
DB293420,DB293420
EH289014,EH130659
EH808961,EH808961
EH408945,EH199168
EH983778,EH983778
DB238950,DB255599
CW81211,CW122532
BY466363,BY466363
CW507524,CW122457
AG50136,AG50136
AX31545,AN115956
EF78228,BH54180
AL64042,AL107339
AL52601,AL162412
CA29791,BD122090
BE356410,BE157097
BD19321,BD67299
CW49888,EH516398
EH729245,EH729245
AA128863,AA128863
BB42501,CZ81443
CW339232,CW718624
CW172099,CW110953
CW597206,CW581981
CC125365,AP94203
BR206468,CJ118811
CW745581,CW745581
AM101471,BP63663
AF14323,AL98910
BE14146,DN74293
AA148687,BE253445
DE297750,DE297750
CZ73654,CZ73654
DB113448,DB90458
CC14733,CC42811
AA66154,AA190922
CW590329,CW667136
CW1138102,CW454746
BE77387,BE454226
DT67690,DZ32545
CW510520,CW982163
BH97609,BH97609
CC118229,CR16557
CA110239,CA110239
CW615108,CW615108
DB145907,EH362862
BR166979,BR166979
AM73062,AM73062
CG79680,CG79680
DA121603,DA121603
EH832949,EH832949
DL249992,DL249992
BE182375,CJ138642
CW109909,CW200947
AS58001,BD154874
AL210229,BE167770
CW54386,CW530196
CC74162,CC34477
EH589598,EH560280
AK142419,AK142419
CW1298692,DB230850
CW253491,CW199224
CW1011103,CW472681
BY409289,BY409289
CW661029,CW661029
EH1286905,EH1286905
CW980598,CW982146
DR111732,DR111732
CW1152470,BR174150
EH1096704,EH1096704
CJ135853,CJ135853
DA60422,AL190305
CW161600,EH1130449
DB118645,DB188511
CW681124,AN94568
CW495802,CW531154
CG143918,CG143918
CW574027,CW574027
BN427067,BN525697
DN146302,DN146302
CW840373,CW840373
BE384031,BE371922
EH400109,EH400109
AL312632,AW199953
DL232859,DL232859
BL166929,BY286499
CA109010,CA109010
BR176414,BR176414
DL168659,DL168659
CS7248,CS8785
DZ65342,DZ65342
AA75490,CG26319
BE406539,BE406539
BL483923,BL483923
DT92597,DT82605
EH846032,EH846032
EH1066003,EH1161385
CC128147,CC128147
CJ187016,CJ187016
DP35565,DP35565
CA66987,AM5222
EH506072,CT44310
DP42763,DD186768
BN169220,BN201899
CW789148,CW1046506
DA41003,EH1130267
BN347255,DL167762
AS86840,AS86840
DA84564,DA84564
DD138002,DD138002
CC147743,CC82395
AL64042,AL355231
DL136074,DL136074
BY116197,BY277517
BN357187,BN76060
EH231236,BL107022
CW690003,CW690003
CW71053,CW225229
EH966500,EH966500
AL48993,AL351164
CW565238,CW1078986
CW149360,CW149279
CW414138,CW159762
CC57283,CC27623
CW1011103,CW694249
EL89281,EL89281
DE306780,DE306780
CJ111091,CN45217
BE285745,BE222571
DE310018,DE310018
CW611701,CW295865
DL207296,DL207296
EH279282,EH365730
EH1204301,BN464124
ES12342,BY22585
CW197324,CW197324
CW51766,CW165699
EH59173,EH59173
BY635756,BY635756
BY419722,BY690455
CW210766,BE243282
BE355944,BE355944
DN43226,DN111627
DL206330,DL145330
EN24268,BR15156
EL50213,AW163949
BN406067,ER11986
BN87805,BN283110
CW311401,CW159816
DE218231,DE108201
BN236861,CB20244
EH66284,EH311536
DL239695,BL330875
BD65256,BD90526
DB16688,DB192023
BN411062,BN386538
EN39474,DL94347
CA112398,CA112398
CW998378,CW998378
BE226583,BE85709
BY275881,BY160602
DB195832,DB55666
CZ101724,CZ101724
EH1003345,EH1003345
DE194237,AX47162
CW61579,CW1271358
BY273358,BY370478
AL89648,AL122019
EH1165589,EH1165589
BY509583,BY493326
CW1023470,CW1073357
BN60812,BN27120
CW221393,CW319607
EH1118801,EH1118801
CW933246,BN429104
BY531505,BY274763
BB21266,DT121720
CG156572,CG156572
DS100150,BY541253
DD113485,DD153477
CW444785,CW546241
CW591140,CW621075
EH322209,BN206191
DE234868,DE230503
DA67766,AN66391
CG162133,DZ9953
CW330373,AX29272
CW621757,EF47436
AK128029,AK37347
DB325147,DB115671
BE321955,BE186239
CW1007155,CW886367
AS76816,AS76816
BE327252,BE327252
ES23175,AC13272
DS73864,CL41408
DL156084,DL156084
BM64585,BM64585
BN495974,BN495974
ED21468,ED51220
BN479116,BN494219
CW1180794,CW495483
CW1234178,CW1234178
CW836387,CW558185
DL144772,DL88524
EH751976,EH751976
BY173115,BY481685
DR104461,DR6649
EH155433,EH110200
EH617173,EA35014
CW665172,CW993990
CW1293994,CW617893
CW209210,CW209210
BY509709,BY509709
CZ41201,BB12681
CW1295092,CW1261897
DR108824,DR108824
CW56701,CW65478
ED6646,BL360144
BE78982,AL77201
BY325134,BY94050
CC37058,BH97058
EH729820,EH719499
EF40239,CG106430
DD70885,DD70885
EH815527,EH293734
AL233882,AL233882
AL212509,AL212509
CW176652,CW176160
BY157868,BY244230
EH466693,EH466693
CW231106,CW313678
DB285703,DB201406
CW1072980,CW1104639
EH355491,EH1115402
BL449597,BL449597
EH575490,EH575490
EH873188,EH873188
AG31037,AG31037
EH127136,EH295337
DB224330,DB218581
EH540481,EH517198
AL83915,BR106082
CW992583,CW992583
BZ44479,BZ44479
CJ111091,AW122424
CJ82383,BR128585
AW104473,AW37474
CW1010549,EF181642
CW920330,CW933263
CB59198,CB41528
DB174099,DB205115
BJ35025,EL87677
BL23043,BL13506
CW698192,CW698192
CW555857,CW515155
DX58394,DX58394
CW975147,CW303830
BE386141,BE386141
DA89692,BR61104
BE172220,BE172220
CH52174,BZ2650
DH58307,BY114153
CW814337,CW592563
BL188569,BL119724
BL308496,BL191985
CW494577,CW494648
AL159041,AL345192
EH933114,EH933114
DT131984,DT166990
DD207504,AP100497
AL221142,AS46834
DE9712,DE15208
DE177691,CL41408
DE210351,EL44969
CA83553,BH32710
AL206162,AL330791
EH590412,EH590412
CG136352,CT43551
CW555932,CW1086385
CW525415,CW877167
BH69968,BH138735
BN154410,BN170866
BL241421,BL241421
CW144274,CW237795
BN387580,BN408852
BR89710,BR45420
AL81754,CN81191
BL261971,BE456245
CW905590,CW1296754
CW1136567,BL507892
EH782898,EH782898
EG40722,EG40722
CZ38477,BL284309
CW901885,CW186614
AA148163,BL187272
DE41016,BL122172
CS20144,DL71451
BL366344,BL521094
DB314521,EN56264
EH1158400,EH1158400
CJ111091,BL191985
AL290378,AL191004
DT52153,AP47994
DE240433,CW324091
CM17066,EP27163
AN129961,CS16921
AF5516,AF17732
CW936623,CW936623
CW1066836,CW70890
AL90209,AL90209
BE267091,BE267091
CW1211050,CW1211050
EH615765,EH615765
EH716083,AX29272
DS5308,BJ28604
EJ23898,EG61258
BY25071,BY36556
BL377606,BL377606
CW1142274,CW642591
BN471355,BN471355
CW1180888,CW1036633
CM63221,CM63221
EH668413,EH668413
BN309481,AC12183
BY419722,BY405353
BN368315,BN306297
EH588542,EH844621
CW1184640,CW978516
BL200638,BY2973
EH200925,EH394032
BL411206,BL411206
CW42292,BD45259
EH196091,DD63766
CW412719,CH45429
DD163697,DD163697
EG41078,AA150242
CW1226966,CW119870
CW612963,CW617893
CW505717,CW686270
BY32477,BY391794
CW361213,CW218873
BN330957,BN273157
CL19859,EG13598
BY496308,BY496308
CB21479,BN137471
DB201045,DB201045
DB247425,DB247425
CW28574,CW16228
BN233467,BN233467
CW1273545,CW129953
EH715095,EH709159
AL112691,AM5896
DE212670,EH477466
BR59328,DD31330
BR93281,BR93281
BY645231,BY645231
CB83133,CB83133
BN138715,BN168645
EN29937,EN38218
DB216250,BG30771
DB281911,DB281911
EH606711,EH606711
CA45877,BL59971
CW490035,CW278567
DK17409,BN213796
AN178905,AN178905
CN84193,BR153541
CW449954,CW295975
CW471972,CW680188
BY433698,EH551145
AW64328,AW84719
EM86909,EM13422
EG46303,EG59336
EH1055066,EH1055066
CW355974,AN55352
CW633200,CW399703
BD86740,DL96397
BN267571,CA9810
CN36139,AR8068
CW902009,CW736004
AW85612,AW85612
BL268333,BY299545
BR157142,BR157142
BY13936,BY183812
CC52697,CC40069
CW616686,BD154874
CW1133673,CW776753
AM90540,AM90540
CW251291,CW1301784
EH629675,EH426375
BL313034,AA98138
CW390262,CW904054
BR133754,BR133754
AW190576,AW190576
CJ101443,CJ88692
CA79581,CA21982
AP80914,AS79935
CW510520,CW395336
BE63167,BE24905
CK11163,CK11163
CW391616,CW363505
CW178965,CW373648
CW490035,CW163881
AN197348,AN197348
BE140203,BE117015
AA134897,AA134897
CW1092382,CW1032873
DL204728,DL204728
CW208847,CW272129
CG162417,CG162417
BY663288,BL408332
BN333697,BN299486
CW1184634,CW442555
CW236756,CW167965
DB58817,DB99531
CH39624,CH39624
DB189321,DB209800
CS23645,CS23645
DE309107,DE197600
CW869979,CW1120305
EH861497,EH861497
AS58001,EH778184
EH465275,EH465275
CW519532,CW416804
CM53195,CM53195
CW324991,CW600646
BP27499,BL263555
CW752282,CW1163009
AW190376,AW190376
CW610619,EH242840
CW66436,CW131889
CW332015,CW60729
EH554326,EH602705
AA100490,EK4813
CP28738,EL50356
BZ4722,AK152859
AW88244,AW91652
EM39512,EM39512
CW999582,CW747134
DL222487,DL222487
EH197559,EH197559
BL446436,BL446436
EH1106174,EH1106174
CW126479,ES9116
DC12533,DC12533
BR208462,BR208462
BN163219,BN253346
EH118075,EH118075
CZ90371,CZ90371
AL70044,AL105716
CW75681,CW280655
CW458450,CW1031939
DB267727,DB66110
EH667903,CC159583
CW886170,CW1352429
EH998446,EH1281916
CG70460,CW255876
BM42980,DL20110
DB28442,DB115671
AL247261,AL162067
CW86067,DS120290
EH1088914,EH395013
CW327867,CW535240
EH1318588,CW985828
AA100490,AN72661
CW644962,CW1053024
DE266827,DE266827
CW147748,CW167100
EH1126493,EH1126493
CM47932,CM47932
DE297114,DE297114
EH72007,EH547246
AP47713,AP13411
AJ14754,DN110340
CW1078292,CW447724
BY476641,EN56965
CH51424,CH51424
DB146952,EL98859
DZ10356,CP19069
BL343842,BL343842
BY626029,BY626029
AP60172,BX10664
EH648967,EH648967
BY154495,BY48085
EM73582,EA37018
BY61223,BY277517
BL125590,BL84107
BN456761,BN456761
DR123080,DR49014
DL238280,DL238280
CW422067,CW1034564
BY475564,BY476116
EH635994,EH1062963
AL224043,AL224043
CW66833,CW66833
AS86973,AS86973
EF185420,EF185420
CC88410,CC88410
DX49411,DX49411
BN167491,BN145652
CW710849,CW710849
AM95763,EH372954
EF136647,EF136647
AM105922,AM105922
BL484283,BL311040
CW619902,CW619902
CW866145,CW247958
BB94574,CA94547
AW218437,AW218437
BN49795,BN21083
BY524224,BY361060
CW110158,CW71523
BY615307,BY409682
BE55155,BE55174
CW1197336,CW606772
CW506254,CW452030
EH615848,EH741402
CD29223,CD29223
CH37702,DT119363
EH171754,EH252755
BD101941,BD101941
BE81779,BE96187
CW1237746,CW1350334
BN205782,BN137376
CW903740,CW1159758
EH703405,EH703405
BE371922,BE371922
CW1294808,CW1083643
AP73290,AP33248
EH622705,EH622705
BL476367,BL476367
CJ189376,AW32442
CA47672,CW569423
DH28333,AN89643
CJ11473,CJ12065
DD154751,DD154751
CA115545,BD91797
EH484304,EH345733
AX37174,CN51790
BN257255,BN99061
DE286073,DE286073
CW156404,CW163881
EF81691,EF94423
BM66987,BM39516
DT83501,DT19065
CG155602,CG155602
CW1363074,CW313678
CW87487,CW171764
BL108895,CJ210235
BY101747,BY101739
AL220394,AL236652
CZ43874,DK14296
EH494621,EH242840
CW533974,CW935564
CG166168,CG198325
BE143768,BE322508
EH824443,EH824443
CA35555,CA59582
BY101898,CD3066
CW1143489,BL408332
DW58151,EL90353
CW124199,CW194314
DB96373,DB96373
EL79382,EL79382
BG38004,BG38004
EF182276,EF182276
BY342723,BY76826
DN125150,DN125150
AL297396,AL352083
DE261295,DE261295
BR139638,BE322508
CG42944,CW535150
CA69076,DA100136
CW1152827,CW881565
BE342456,BE38120
EH1030171,EH1030171
CW436295,CW695911
BY280753,EH917218
DB43711,BG30771
CW352774,CW334388
AK73352,AK73352
BL338560,BL338560
CW578879,CW1221407
EF119824,EF119824
BY461207,BY259544
CZ20354,CJ62191
BL211158,BJ29186
BY610472,BY610472
CJ163262,CJ163262
CC40625,AL120124
BL106763,BL53419
DE311673,DE311673
EH695630,EH695630
CW1084421,CW921003
DE321609,DE27347
DL217868,DL217868
BY409090,BY409090
CW990785,CW990785
BN184780,BN165262
CW800976,CW1329056
CH36211,CH36211
BB54991,BB55259
BD96685,BD79232
BN377243,BN515063
BY268779,BY557359
EB58470,EH255666
CW422517,CW476060
CW45515,CW423906
EH815527,EH840341
CW598031,CW481497
AS8118,AS14693
BL431864,BL132015
AW163799,AW67392
CW645610,CW1322180
DE250368,DE244411
CJ106401,CJ106401
DZ44392,BM5630
CW660381,CW118997
CW637013,CW637013
DE88087,DE60987
AA100490,EF56403
CJ107203,CJ78950
DN6402,DN111502
CW1033151,CW448821
EH730983,EH730983
EH11179,EH2176
DN102193,DN102193
CW349783,CW327290
DL55522,DL65645
CW386195,CW291762
EH1187200,EH1187200
CW662706,CW453628
DN138425,DN138425
BY745848,BY745848
CW108324,BK34224
BH178727,BN413113
DB3711,DB7425
DF16519,DF15045
CW674961,CW993990
BY625849,BY625849
EH872008,EH872008
CJ81523,CJ136105
DX57146,DX57146
CW798458,CW798458
CW533974,CW632661
CW547467,CW154512
CG83990,CG83990
CG104779,CW833428
BN257711,BN9832
EH659506,EH992273
DB111753,AN162718
EF184344,EF184344
CW61964,CW338660
EH704163,CA131266
BN519568,BN96847
BL276766,EH581563
BY423316,BY29718
DW74276,DW74276
AP38810,AW87398
DD184390,DD52428
CW769942,CW729385
CW417028,CW165763
BY23003,BY28144
CJ142021,BL266337
CW862898,CW1334285
CW2698,CW18834
BN130965,BN271820
EH627214,EH128104
CW777068,CW777068
CW936813,CW936813
BE357597,BE357597
EH1162798,EH1162798
BN402922,BY388450
CA116207,CA116207
BN510372,BN550687
BY571884,BY593426
CW795084,EH1295446
BE277201,BE190858
CW1083003,CW618447
AL290625,AL290625
CA15787,EH516398
AW206991,AP8782
EH765709,EH765709
AA171955,BY376425
BY243182,BY243182
BL218641,BL218641
EP6764,CC24230
EH535420,EH210484
CW644997,BL397245
CC90061,AP17480
CW495589,CW136827
CW828230,BY509583
AD2977,EF74480
EH778184,EH778184
AK49691,CG92106
CW309719,CW451809
EH355953,EH146914
CW997292,CW136562
AW146016,AW146016
CW519375,CW519375
EH974629,EH974629
CW93214,CW252055
CR25990,CR25990
BR124940,CS25808
EH321027,EH397433
BW10256,BP25080
BK22697,CG64312
BB71267,BB71267
BY258342,BY29440
DT98862,DT98862
EM73582,EM78255
BN381728,BN381728
CW268114,CW179424
CH37202,CH37202
EH1153729,EH1153729
CW382551,CW382551
ES12342,AL80125
BN121168,BN128364
DE252818,DE252818
AL102289,AL102289
BN189319,BN74111
DE210351,DE185546
BN294177,BN137879
BJ37967,EN24926
CW1365817,DT101413
BY39635,BY39529
BE199927,BE199927
CW862372,CW478608
DA65305,DA48667
BY13727,BY39035
CG136352,CP33251
CN78072,CN78072
DA73458,EF104496
BA8961,DD217794
EL73804,EL73804
EH191934,BL292858
DL163146,DL177554
BE216678,BE24905
BN468063,BN471519
AD30096,AD30096
BN149318,DA78516
AL136232,BM46494
DN159336,DN159336
EH1203583,EH1203583
AL247052,AL247052
CZ15476,AW28080
CG60435,BJ14391
BG45010,BG45579
AN105544,AN105544
CW646660,CW79495
DL100193,DL12875
AL154404,AL154404
BG34609,BG34609
EH260062,AK4515
CW716273,CW389259
CE55061,CE40460
EH591370,EH591370
DB28983,AK93021
CW152649,CW126464
CM8929,CM8921
EH415706,EH324549
EH752482,EH742520
CA20527,BD122090
EH781970,EH781970
AL225339,AL225339
AN143313,AN100167
CW794863,CW1349977
BL295787,BL295787
BR154648,DT162765
CW112369,CW210978
CW926135,CW926135
EF200164,EF200164
BY581260,BR214813
BE279047,BE279047
EP57952,EP57952
EH430439,CM42198
CP38367,DN116516
EH191934,BP34638
BY316987,BY312578
BD119502,BD119502
CW1208229,CW1035476
DB96654,DB188511
BE120222,BE136497
DE139261,DE140636
EL78895,EL78895
EL96288,EL96288
CW827452,CW442555
DL90235,DL88025
BY371339,BY45296
BR127836,DH36777
CW807756,CW779635
EH944828,EH516880
EH667956,EH667956
AL166971,DL104771
CW865615,CW560381
AN115149,AN116935
BP26583,AW138562
CW636181,CW432338
CW358472,CW705106
EH949674,EH949674
BL260043,BL198713
BN335173,BN344228
CG201613,EH779676
AL132032,AL220491
EH535420,BD122090
BH65622,BH24291
EH582873,EH582873
BR58705,BR58705
DE304947,DE304947
BN155114,BN39038
CW212719,CW366289
CW449954,CW396116
BJ5403,BJ47364
BR35990,DX30664
EF182732,CM29334
BB42501,DX33847
EP101756,EP40896
DT143148,DT143148
CW86355,CW295527
CW395349,CW307668
EN22354,DA111086
EH1007263,EH529130
CW1368948,CW1184468
CW476736,CW904025
CW815460,EH843869
CW703874,CW703874
DB241469,EH935462
CW238791,CW879595
BY673984,BY673984
AK90665,DB155269
AS95886,AS95886
AN59353,AN51474
CW470864,CW477370
BE128805,BE50595
CM21024,CM21024
CW936625,CW1168352
CC79724,CC105236
CW1112575,CW458480
DE177691,DH32937
DD79501,DD124734
EF54771,EF153823
CW684081,CW921003
EL85952,EL62803
DD155895,DD155895
DS96508,DL138126
CW886630,EP81151
CW922610,CW1261717
DW72624,BE365572
AH27302,AH27302
BN353545,DB280107
CW594308,CW279290
BY683698,BY683698
EH951470,BH151572
AL259341,AL259341
BE44677,BE347612
BY462471,BY440831
EH797014,AM5222
DN140791,DN111502
CW471833,CW477877
BN219288,BN266343
AY7006,AY29409
CW1105701,CW214273
CW553151,CW553151
BY39117,BY173278
CW371635,CW159857
BD120658,AL330791
EH887136,EH887136
AL240720,BD154874
BH101361,BH160800
CC11802,DR38252
DT121814,BN408852
EF197271,CW381870
BR33156,BR220410
BN455380,BN284598
BY379075,AN94436
EH611294,EH611294
EG49189,EG49189
BE269678,BE150538
AN164094,AN64573
DE190687,DE197583
BR138495,BR138495
EH646416,EH646416
DL243020,DL243020
CW1240129,CW446277
EH1129276,DE279909
BE154786,BE63027
DA89692,CE55136
BY486254,BY555824
BN256340,BN135940
EA40094,EH478971
BN378106,BN378106
EH182021,EH156261
BL195478,BL125608
CW431137,CW600646
DK36163,EK10989
EH855130,EH855130
BN358352,BN358352
CW249104,CW373403
AL363241,AP56129
AL270166,AL110729
CW186367,CW446798
CW745114,BY641276
EH942313,EH942313
DM33454,DM33454
EH1220854,EH1220854
EH1244335,EH1311832
CA66987,BH168107
EB26391,EB21441
BN49795,BN49754
DB265137,DB265137
EG37924,EG37924
BY463838,BY463838
CW911119,CW911119
DW20762,BN435129
EH1235215,AP38347
CW241382,CS16921
DW46662,CL41408
EH130903,EH646263
EH207237,EH142988
DW54989,DW54989
CW1085610,CW1084335
EH496431,EH496431
EH1033949,EH1033949
EH704163,CY19773
CW1133673,CW1133673
EM91971,AP80375
BR191141,BR191141
EH571845,EH571845
CC91434,ED36299
ED49500,DR128067
CW512186,CW555785
CW516271,CW169867
BL379547,BL379547
DB251687,DB251687
EH821382,EH821382
BD117493,BD28846
BL23841,BL50362
EF200796,EF200796
EH1138041,AJ21547
EH284986,EH367196
CW681520,CW330781
CW1176858,AM50687
CW925887,CW1373124
CC57283,EH119123
EF182732,DN139427
CC37058,EG22281
DB266344,DB266344
BY45665,BY255190
EF14056,EF32257
EH981035,EH981035
CW509787,CW267791
AL266672,AL206308
CC127002,BH165577
BE136504,BE149487
CW466801,CW520784
BH178727,EM91954
AA159846,AA159846
DA63916,DA63916
CA88642,CA88642
EL56427,AN118084
CB78080,DS37096
AW3681,AW15728
CW500020,CW500020
CM68981,AP53585
EH534711,EH125342
CW892676,CW688864
CA66987,DT85402
BL11619,BL106774
DE321609,DE25774
EH887136,EH382678
EG31949,EH433849
EH1233655,AG28820
CW1224533,BB99398
CW301664,CW239751
CW227566,CW315828
AA107317,CP50046
DD158343,DD102829
CW283332,CW383255
BY282093,BY222155
CW293601,CW537258
CW100406,CW310915
CW433162,CW334215
DL251432,DL251432
CW336761,AL202990
AK35892,AK122454
CW868807,CW868807
EH414087,EH431108
DB189161,DB189161
DB190471,DB130855
DF21327,DF21327
DY2093,DY11235
CW359050,CW396116
DB278905,DB158005
BB86372,BB86372
CW61819,CW620515
EH939068,EH939068
BD78506,BD78506
CW530099,CW619061
EF144832,EF144832
EH1021803,EH1021803
DB294396,DB294396
AJ18825,BB8164
BN180508,BW14458
DT165434,DT82380
AL138032,AL146652
BE451011,BE324500
EH762209,EH1000586
DL226001,DL226001
DN147142,AJ21547
AX40319,BN209343
DB135637,AW147353
EH419962,CW343383
BL162525,CW408139
CW537934,CW513450
AN64886,AN64886
CW844247,CW844247
BH149057,BN311781
AK125005,AL137261
CC106947,DR62297
BW21203,BW21203
DL283511,DL265385
EF40239,CW581981
AM107328,AM107328
EF31364,CZ16742
DL40787,EH236576
EL86290,EL86290
AL114668,AL267060
BY573315,BY573315
BE321955,BE144970
EJ29735,EJ29735
ES25923,ES25923
CW983714,CW815796
BN159996,BN35502
BE248292,BE41378
BD94198,BN311781
CW1137523,CW1137523
DD174436,BH38035
BM7446,BM12769
BY331839,BY315393
BY607212,BY422931
DN79731,EJ10437
CW612560,CW658382
EH635720,EH325728
EN63384,EN63384
EB67151,BM69999
EH855240,EH855240
BE248751,CW1179660
BY381844,BH77918
CH22390,CW879595
EH337976,AP8782
EH805548,DT119363
CC136462,CP16275
CW1152827,CW1044302
BY43757,BR45715
DB144084,DB144084
BY120545,BY57174
EF19707,EF35160
DT74253,AL39767
CW383914,CW90395
CG73247,CG73247
CW510914,CW1104851
CG60435,CW95696
CW554633,AW70443
CW543325,CW124492
DZ73960,DZ73960
DL55522,DL100606
BN21030,BN63394
AL179735,BL290404
BY597965,BY9185
AX42838,BY534031
DB94818,DB94818
CW1143489,CE42218
AP80588,DE261008
EH149209,CW1179660
CW1055296,CW1055296
BY593190,BY633732
CW435005,CW1016407
AA173730,AA173730
CW1011194,CW444068
DB107669,CZ42040
BL379878,BL379878
EH1186364,DE264784
BY187600,BY182233
EH970390,EH970390
BG17066,BG9063
EL89371,EL89371
ER32553,EH81763
DR33236,DR100394
EH863645,EH526004
DG59498,DG59498
BL306789,BL306789
BL529957,CB31908
CJ114530,CJ87189
AW206991,AN72661
CW508134,EH466484
BN293278,BN481109
EH147144,EH309242
BY367848,DE67330
BD105823,BD105823
CW359050,CW295975
CW933246,CW576735
BL468132,BL468132
BE246124,BE246124
CJ80910,BJ39022
BY283803,BH23912
BY271256,BY271256
CW288499,CW1079114
BY411570,CB93093
CW832187,CW832187
BH97697,DL176078
AA148687,AA148687
EH614566,EH449567
DN147142,BD91797
CW1078292,CW1195113
CW237097,CW335467
BE94568,BE460870
CW93321,CW208711
AS58001,DB229064
CW466801,CW739853
CG114917,CG114917
CW1198563,CW232303
EH474104,EH930189
CW1029872,CW515155
DD33745,DD97572
EK9669,BK34224
CP14099,CP10514
CW571093,CW149473
BG25547,BG6638
CW1063356,CW1329664
DB157358,DB157358
EH334829,EH287731
CA96540,CA96540
CW1141576,CW1141576
BL347260,BL347260
EP33620,EP33620
CW217856,CW245002
DB192689,DB187307
DB133203,DB316395
CW441314,CW251338
BY230864,DL124411
BE226822,BE328804
DP48723,DP48723
AL305189,AL305189
BW10739,BW15804
CW737704,AM67328
EH405519,EH1224138
CW519532,CW928503
EF86356,EF193411
AL87737,EH146440
DN56073,BB8164
DE313440,DE313440
BY698993,BY439199
BR146772,EH1311832
EH698572,EH1277123
AL223760,AL132477
CW482514,CW1167727
EH794466,EH794466
CC90061,DX31441
EH840885,EH840885
EH650334,EH360462
EM26552,EH641081
BY326439,BY326439
CW1031328,AS101247
AL185428,AL330791
AK76774,DB174013
EE6132,DR128067
AL61482,BD42532
DN142349,DN142349
AL159041,AA92303
CW259451,CW15210
EH1154518,EH1154518
CW327162,CW284858
CW169478,CW185733
DD158343,EF207847
CW1248478,CW1256449
BN295747,BN174051
CW326875,CW92196
EH960644,EH960644
BR62235,AW138562
EH145557,EH145557
EH806144,EH806144
CW861738,CW724127
BY627180,BY627180
AS58001,AW140475
CW824081,CW850167
BH47162,BH46838
DE297231,DE297231
EF177538,DD116885
EH863504,EH863504
CW42098,CW105783
CP37155,BD131461
BN332592,BN332592
EH773862,CL36195
AL44336,BX9108
DE10690,AX35670
CW441751,AY17041
BY684119,BY684119
CA115545,DB229064
EH101298,EH449567
BE129759,BE117941
BN57509,BN73410
CW475339,CW354903
AX71241,AX71241
DD160752,BD108596
EH659233,EH659233
CW109706,CW107172
BH121903,BH121903
DE241681,DE241681
BF6731,BF27165
BN252901,BN231964
CG74391,CG108892
AL176626,AL85931
BR169844,DR111458
BN134012,BN400334
EF186635,EF186635
DL129280,DL96397
EH317647,EH295337
DR136591,DR136591
CT23236,CK3397
BY446688,BW26959
CW241382,CW172263
BP38349,BP38349
DB166325,DB166325
BY544864,BX11643
DE181937,DE172247
DX60240,DX60240
CW616686,CW1034747
CW1214267,CW419533
EH30870,EH328486
CW443982,CW315828
CW111175,CW393082
CW61819,CW443243
EH432113,EH432113
EH149209,CW1221407
CW654624,CW107127
BN247839,BN91889
AL314263,AR14474
BN210167,BN344088
EF83045,EF23999
AK109068,AK36953
EH920579,EH920579
EA39423,AL126524
EP46900,EP53287
CB29728,AL178666
DR9408,CB54355
BY474625,BY474625
DY45386,DY45386
EH661256,CS25808
DL237150,BY376392
EF163560,EF163516
AA139768,AA111557
CW1365695,CW1186565
AP70435,AP70435
BE425231,BE242683
CW915935,CW768073
EH663739,AN95024
AW183780,AW183780
DA89988,DA89988
AN220385,CZ115044
BX21067,BX21067
BY256966,BY228584
BE332195,BE154389
BY365062,BY453657
AL163695,AL163695
EM109928,AN96190
DB201045,BY409682
CB83969,CB83969
CW1063861,CW408985
BY148923,BY239603
CK3823,CK3823
EH402384,AE25417
BY511276,BY237465
BM7528,BM12751
CT44359,BR153280
BN415641,BN415641
BN197008,BN473238
CG132750,BH34089
DA49545,DA49545
CW530169,CW570343
BE72447,BE182947
CZ94145,CZ94145
CW884962,EH795212
EH746331,CW803233
BY209563,CP18791
EH693850,CW723566
BL414098,BL414098
DE172381,DE172381
CW725819,BL61282
EH1180217,EH1180217
BR74653,AK32092
BE444695,BB71198
CW514435,CW602403
EH189697,EH417288
CW1252938,CW590022
CC40618,BE80556
BY628956,BY446180
CG120926,EA35014
EH184985,EH265782
DA25416,DE70270
CW262506,CW141175
EH1007812,EH1007812
CN90836,CN90836
BN334449,BN143848
BN342792,BN281755
CW203234,CW750971
BC16170,BC22913
DL277456,DL277456
BY519739,BY118832
CW991687,CW68747
CW641753,CW333895
ED26893,ED57856
DN107083,BH119024
AG2404,CA14568
EH913825,EH913825
BE190645,BE190645
AN76990,DN110340
AL161136,AL283634
BN153899,BN251428
CG88054,CG88054
CW666120,CW284786
AL221142,AL300350
CY28085,CY28085
CW698955,CW679104
BE317178,BE317178
DL201874,DL201874
AL239556,AL239556
AK116870,AK116870
CW533974,CW879595
DP13361,DP4366
BY181014,BY286860
BE391012,BE17486
EA2398,EA38939
AN40014,AN39985
CG187003,CG47281
EH277362,EH10893
CW866589,CW866589
CG167988,CG167988
BE243860,BE86743
CW162962,CW248382
BE80708,CW206636
BY409179,DL225647
CW219926,EH206074
DR33256,DR33256
EH876022,EH876022
CJ103491,CJ184326
CW1016089,BY509583
CW1015331,EF93612
BN491905,BN491905
DE321259,DE321259
CG181736,CG181736
AL67434,AL212977
CW441751,BY114153
BD86740,BD122090
ES20906,BY13059
BY252211,BD72405
BE39790,BE42163
CH37702,EF106766
AD22331,AD22331
CW276109,CW96572
CW426591,CW305719
DR72799,DR35349
BL423996,BL423996
AK111421,AG54033
CW103614,BL155428
CW1235621,CW934345
CG57268,CG139361
CW1235621,CT49809
CW849034,CW661308
EP107164,EP107164
CW1138102,CW569355
DL56939,BX13675
EH604476,EH604476
DW47316,DW47316
CW426476,CW396116
EH178902,EH16688
CA9958,CA9960
BN216102,EH125342
CC127002,EH933955
CW1081341,CW1081341
BN108986,BN555421
EH795080,EH795080
BY526390,BY493326
BL385304,AL211408
EH1005226,EH1005226
BY679428,BY679428
EH486001,EH646263
EH188742,CM29792
CE40964,CE40964
BL366708,EB51789
BG56048,BG56048
BY237971,BY455729
BL464899,BL464899
AL226065,AL226065
DD75722,DD75722
CG128879,CW1059030
CW300984,CW876676
BY445931,BY294631
CW399734,CW469485
EH735060,DL124649
CW793770,CW793770
CW482554,CW239395
EM133674,CA10041
CW38456,CW71178
CC74408,CC160028
DE312099,DE312099
AN167761,AN167761
CW1002840,CW904077
CW746032,CW571661
EF164472,EF96522
CW862642,CW862642
BN455380,BN209193
EH588019,EH588019
DB285703,DB161312
DD161928,DD161928
EH643474,EH643474
BJ37857,BH26617
CW912813,CW943523
EH927410,EH927410
AE30202,BR174150
EH605579,EH605579
EH1226422,EH1226422
EH570575,EH570575
DZ44392,BE146692
EH564863,EH1099990
EA3781,BL9239
CW905782,CW1114654
CW244900,DP11515
DT144579,DT144579
BE151381,BE88308
DE44955,DE60987
CW265302,CW252898
CW955615,CW553195
DD95751,AL126524
EH238921,EH238921
CG133527,CG72043
CG22291,BD122090
DT128340,DT128340
CW552783,CW757835
AG60288,AS101651
EH230994,EH308446
CW178570,CW172990
CW1022807,CW1022368
BE248751,CW1028149
AM83414,AM83414
CW78789,CW64300
CL20368,BY461086
DD95130,DD95130
CJ29526,BH56582
BY392564,ER23941
CW241382,CW795339
EH1100873,EH1256300
CW200866,CW364558
DP28820,DP13474
CC105112,CC105112
BB42501,ER4175
CW938930,CW850167
AL242334,BE373183
CW1236930,CW1109213
EH406370,BN250879
CB19797,CB38425
AA56154,BR88966
CW813821,CW201071
CB46441,BL149197
CW61819,CW63093
CW188796,CW627214
BW33229,CL54599
BR92285,BR189176
CS14102,BH131437
EN70319,EN31640
BL372233,CW609466
CN82942,CN82942
CW1235621,CW933793
CW458480,CW458480
EH1214485,EH229974
CW206657,CW689575
CN30367,BB24274
EH923077,EH923077
CW764288,CW244361
DE271841,DE271841
DN28611,DN28611
DT109460,DT109460
CW846354,CW1118089
EH584686,EH490076
CW421527,CW34682
CW205966,CW103732
EH73896,EH67195
CW1113804,CW1037349
CW97006,EP21755
EH468405,EH468405
DL175090,AS77768
CW1184634,CW581974
EH774554,EH774554
DE215911,DE215911
ES14361,AL122481
DL76337,BC42725
AA185496,AA61467
BN423534,BN467508
CA82635,CA82635
BL314843,BL314843
EH30870,EH109624
DB222371,DB79691
CP46378,EF192798
BE120316,CL22903
CW1026852,CW1225931
BN311071,BN124518
EH583013,EH583013
DB181934,DB249019
DB207240,DB207240
EF148587,EF39683
AW157278,AW119042
CW539522,CW180513
CW493264,CW732857
CT42778,CT42778
AN141015,EH1126678
DK45724,DK45724
DL243230,DL124411
EH1226376,EH601697
BE356634,BE161103
CW7287,CW198999
BM73273,DL272493
AP37030,AP37030
AN143356,AN143356
CW608604,CW656777
CH22390,BD122090
EM99691,EM99691
EH58594,EH74186
EH1076567,EH1126678
AA186103,AA186103
BE225969,BE225969
CW219434,CW719197
BD117433,BD117433
DB129172,DB129172
CW197822,CW319329
CW548879,CW403483
BN327449,BN327449
CW196707,CW227896
CW332959,CW186258
EH243193,EH236521
CW778665,CW691625
EF76943,EF81902
AX61311,AX61309
CJ163083,CJ163083
BY365062,BY456471
EH815190,EH815190
EH1166229,EH94275
CW795133,CW746967
AS71751,AS71751
EH120718,EH151607
AS85760,EH227868
EH289965,EH408585
BB68969,BB68969
CW1163979,CW746967
EG61287,CL41408
EL51093,EL51093
BY692996,BY692996
DL244193,DL176078
CW127549,CW219395
CW707492,CW341790
CW724275,CW1193019
DE212670,EH388032
CP34747,CP34747
DY32268,DY32268
CW1295768,CW1357669
BL226909,BL226909
BY118316,BY439199
CC80517,CC105979
DB111269,DB111269
DW66092,DW66092
DP44348,DP44348
EM76144,EM44973
BN472116,EH572499
EH747866,EH288788
DB332506,DB324838
CW331663,CW308756
EF182276,CT48273
EH1020624,EH1020624
DB302154,DB302154
DZ25221,EH235064
CW353133,CW537629
EH919660,EH919660
CW476736,CW440042
AA216644,EP57816
EH996104,CW1179660
BS6765,DE178122
CW343270,CW186929
CW1146909,EP53823
BY303177,BY303177
BL493137,BL493137
AA169280,AA36164
BD132254,BD132254
BG46620,BG46620
EH732406,EH565405
EH534711,EH1303759
CW1022487,CW1345979
DB223200,DB223200
BY628956,BY545171
DB98173,DB138076
EH41892,EH35710
CW902593,CW889949
DD8435,CW1037326
AN130998,CW815460
CW1123417,CW1123417
BL303174,BL303174
AL54678,AL111546
CW271352,CW74795
CW1184634,CW281860
AS93021,AS93021
CW931050,BD123632
BN219318,BN201899
CW973104,CW973104
CJ57778,EF23181
EH276029,EH391441
EH1021311,EH773715
CW1237249,CW1033802
CJ123707,CJ123707
DK29495,DK29495
BL380292,CN30149
EH898139,EH1268667
AW188029,AW188029
BN261219,BN181416
CW878199,CW779635
CW158736,CW288114
EH341028,EH742327
AW46655,AW46655
CW306268,CW259771
BN298243,BN298243
BE78982,BE94031
CW86952,CW1043623
DC22715,DC22715
EF78228,AP8782
AL189583,BB115995
BY712233,BY712233
BE442536,BE394084
CG72445,CG66619
EH716221,EH1295446
BE155174,BE165816
BY534647,BY534647
CW249380,CW252055
AX8948,AX7197
CW899062,CW899062
AA107317,EH516880
BE252014,BE81778
AR9248,AR9248
AD24329,AD24329
CW242513,CW247958
DB12494,DB62888
CW1366557,CW486740
CW977038,CW532014
BL485902,BL485902
CW222291,CW143371
BL32717,BL32716
CW990481,CW458463
BR154648,AT16359
BE408052,BE408052
EH1105686,EH1105686
DP49499,CN74606
DA116066,BM31921
BY151032,BY151032
EB15816,EL20191
CW544044,CW544044
BL243162,BL259526
AS85760,EH318129
EH594609,EH594609
BN163033,EH342129
DB134683,DB134683
CW1029872,BR81884
EH829177,EH214182
DA44778,BN206577
EF181642,DX61085
EH1128305,EH1128305
AW123530,DE98681
CC124566,EH600651
EF187943,EF187943
EH1244335,EH952483
AJ28756,BC50371
BY151836,BY341657
DB137438,DB162635
BL91905,EH232082
EM122309,DE333525
BY675896,BY675896
EH1077728,EH1077728
BW41328,BW41328
CW1235764,BY443546
EH180992,EH180992
AM64389,CG83163
BN412827,BN412827
DB298579,DB8952
CW1056042,CW1056042
CW188483,CW600646
EF95281,EF134725
CW458592,CW252055
CW238791,CW478608
CW1002484,CW236413
AF20036,BE269259
CW1190176,CW176007
BY434423,BY434423
CG71087,CG140308
CW573042,CW681647
CW1198563,CW134941
BR172812,BC58908
AL298325,AL241803
DL231271,DL231271
AJ33672,AJ27936
EH1078840,EH1078840
AL63826,AL194343
AM38841,EL21583
CW871193,CW97701
AL172068,AL300857
AW122741,AW89471
BN144088,BN144088
AJ23860,BN209343
CJ120143,CJ120143
AL187433,AL187433
CM12602,CM25710
CW64784,CW136562
EH796783,DA105668
CW1032306,CW464208
CJ163860,CJ163860
BN401809,BN152761
EF9227,EF13850
CW1275059,CW536694
EH430439,CC104494
DB134683,DB228754
CW924353,CW198502
BP55485,BP55485
CL51622,CL51622
EH583902,EH569681
EH1145748,EH1145748
CW498283,DB17304
BA14317,BA14317
BL11619,EH382754
BN167846,BN112262
DN84640,CK9395
BH28338,BH25805
CW430625,CW1029069
AL145336,CN62636
CW196516,CW339066
CW684081,CW852979
AL184318,AL88632
CW500682,CW935564
EF147590,EF88924
BK24740,BK24740
CW1134570,CW1025693
BY72884,BY12826
EH362695,EH295641
CW81211,CW95509
BZ2175,BZ2172
EH1123899,EH1123899
DE301910,DE77222
AN84535,AN131944
EH215845,EH235668
EH294173,EH1215669
EL80010,EL80010
CW242513,CW478117
EG42247,EG42247
BN372812,BN344228
BY245916,BY198060
EH1088914,EH416851
CW452367,CW136827
DS61771,DS29438
CW419797,CW123907
EH502338,EH502338
CW681520,CW740380
EH224275,EH646584
CW660150,CW670726
CW123627,CW260922
CW1182927,CW267412
BG32140,DK24439
CW343963,CW837630
EH135627,CA105520
CW757816,CW1148004
CW179229,CW588997
DA90435,DA90435
EH471195,CW1001164
CW203993,CW592167
CJ190542,CJ190542
EJ25654,EJ25654
DZ10356,AE17255
BD38212,EF37512
DA28394,DA78467
DT116151,DT116151
DW45913,DW45913
CW265302,CW397495
CW500682,CW632661
CZ75301,BY149993
CL39150,CL39150
EH275549,EH163515
EN56458,EN56458
EH403837,DL54062
CW417028,CW71523
CW581178,CW1099568
EN56458,DE231201
DL244193,BL326345
AW186370,AW91091
EF34240,BH54180
BY648523,BY639189
CW1053767,CW1336556
AX56600,BN286008
CW499115,CW703973
BE313852,BE187034
BE166506,BE269235
CW530169,CW1311425
EH956829,EH956829
CW950221,CW950221
BY91061,BY91061
CW256827,CW165973
BE313656,BE412804
DB87479,DB87479
CW483142,CW535150
EH747866,EH348526
DB230085,DB259758
BL205395,BL188528
BY470853,BY234466
CW396027,CW631193
BE57447,BE57447
BY206281,BY177218
CT5415,CZ95573
AP61639,AP61639
EH767310,EH426823
EH931912,EA46121
BN488301,BN488301
BF25743,BF25743
CW840501,CW478221
EH389972,EH543149
BE276375,BE276375
DB124646,DB72323
AY40664,BA13713
EH772470,EH772470
CW383376,CW106106
CJ157437,CJ35717
AL279828,CW1337673
BM72333,BM72333
AS22962,EF57015
BZ12948,BZ12920
AL220910,AL220910
CW661767,CW531154
CW1073144,CW674854
EH921550,EH921550
DN134440,EH658559
EH966035,EH966035
BT12150,CW573831
EN2311,AB30873
EH224275,EC8246
CZ6982,CZ8835
CW636181,CW199905
BN34988,BN35309
DE85645,DE110630
DT105728,DT105728
BC15398,BE243282
BY621586,BY621586
CW536728,CW481786
AN33890,BE150309
BN450261,BN450261
EN76499,EN76499
CW756062,CW554069
EH146188,EH146188
BZ16069,BZ55124
CW43818,CW440001
CB6664,CB6664
DE160913,BR50095
BE219077,BE219077
AL19376,AL80902
EA52720,BL422342
CW877760,CW877760
CW379893,CW218507
EF134195,CT51028
BL364241,BL364241
CW62496,CW64391
BE258146,BE436036
CW695856,CW921003
CW678873,CW250857
EH761200,EH761200
DL181030,DL82913
EA37545,DS19135
CJ178792,CJ175029
AH10110,CP37342
DB228045,DB283603
CW544979,CW670726
EH1201042,EH1201042
BY411570,BL287786
EH468811,EH468811
DX34574,DX34574
BE375933,BE367753
CJ120412,CJ120412
CJ165782,CJ165782
BN436033,BN436033
EN31855,CP18039
DS60110,DS65905
AA187097,AA187097
CW731374,CW745839
EH832780,EH832780
CW259451,CW131524
BN351516,BN33496
CW921425,CW1360316
CW1124857,CW591823
DL249936,DL249936
EH849369,EH849369
AL182946,AL182946
DA14164,AK152859
DB173712,DB173712
DE279010,DE226105
CJ209891,AS50213
AL297389,AL125814
CW886630,CW886630
CW769526,CW769526
EH337976,AN72661
CW946966,CW1314750
BY554213,BY151251
BL384636,BL261405
BH163344,BH163344
DR108824,DR43459
BL385304,BL279675
CW963345,CW942144
CW708490,CW222393
CT55227,EF212441
EH704163,EH840341
AW68233,AW42264
CW133115,CW560973
CA38764,CW194314
DW17332,AZ7299
DN129793,CE42218
EH691608,EH691608
DB177730,DB177730
CJ139829,CJ49274
EP70446,EP84086
CW127549,CW237195
CJ20833,BN107670
EH598457,BL210999
CZ107597,CZ107597
CA101233,CA101233
AL266603,AL182221
CW542839,CW1356901
BE121918,BE102936
DL283920,DK40823
DA73458,DS67920
BN291483,BN162901
CH52385,CH52385
BN481122,BN519999
EH302835,EH111651
DE291713,DE291713
CW660219,CW534235
CW1137695,CW752874
CW952072,CW725589
DE325452,DE325452
AS85760,CA24128
DE251644,DE251644
BE227123,BE225625
CW725819,CW1249446
CJ155891,EB65820
CW1121580,DE231201
CW1286577,CW597529
DT105767,DT105767
BD135820,BD135820
CW989215,CW848320
EF34240,EH162789
EN56458,CC159583
EH241771,EH301474
CW885113,CW885113
CW564644,CW363505
CA92406,CA92406
DE310494,DE310494
CW880904,CW880904
BP38329,EA26998
AL266603,AL266603
CW374768,CW235478
BN339499,BN214288
AW81934,AW88378
CW203602,CW218873
BH51397,BH156061
AS53014,AS88577
CW938930,DY33049
BE270562,BE93154
EH1002398,EH1002398
CW954404,CW1374400
CZ120956,BN153615
BE215012,BE452138
EH1139842,EH684556
CW1230598,CW1352429
BY264104,CW639492
BY253207,DL105895
CN58698,CN58698
CZ90371,BL394161
EH914734,EH662837
EF36527,EF37701
DT105932,CW734112
CW637752,CW765989
BN553104,CZ33909
CW889548,CW630374
EH530715,EH162789
AW206991,CW432338
DZ52607,AX29272
EH476491,BN434300
DE161957,DE94734
AK101067,AK141210
BE182375,CL41408
CA74979,CW503045
CA20527,EH422695
EN29937,CW447724
DH55195,DH55195
BW35837,BL290404
EL73731,CW1104436
BB66739,BB66739
CW213300,CW165659
CT5190,EG23637
CW834490,CW792887
EF215713,EF215713
CW124199,CW611851
CA126457,CA126457
DB37973,DB44895
CW552186,CW552186
ED10487,DC10250
CW1053507,CW453908
CW221602,CW331289
BL33886,AA25724
EH305370,BC28587
BM42980,BM25660
BY479580,BY607515
CG99597,CC133815
CG180928,CG180928
BL102433,DS46121
EL73699,EH907383
CW959613,CW328016
EG53647,EG29065
CW775298,DZ19258
AN49133,AN69923
CW760290,CW1064530
EH1210030,EH1210030
CR9872,BD37143
CW841291,CW841291
BN214296,BN91028
BL180048,BL180048
CN52208,CN52208
DE97800,DE50123
DL28545,CG64689
CW561362,CW576735
CW1301028,CW115134
EH704163,AE17255
CT17492,BR222050
DB149238,DB167108
CW1073439,CW470434
CW867605,CW187751
CW915532,CW321389
AW18618,AW18618
CG142591,CG142591
CM41242,CL19141
EP46408,EP46222
CJ111091,DT92608
DE251951,DE193665
EH70512,EH322959
AL344159,AL337688
EH1091157,EH713673
BN346941,BN301706
BN498458,BN311370
DB275842,DB97383
BL264924,BL264924
CW1013327,CW1013327
DN121007,EF169728
DB143527,DB65645
BR149916,BR149916
AA35805,AA36927
EF191754,EF191754
BE248751,CW1221407
CC130525,CC130525
CW426476,CW295975
BN553104,EH422695
CW757816,CW1171839
AB41183,AB41183
CW1202073,CW698287
CW16326,CW13690
ES14361,DL180485
DB167814,DB167814
AL84982,AL345192
AL239368,AL239368
CW841295,CW159762
CA49591,BE208403
EF177538,BR81884
CA27164,CC123704
DS76846,CN51790
CW188483,CW1201026
CG22236,CW600646
BJ26289,BJ27502
AK78782,BE282083
CW1051239,CW1051239
CJ209453,DS45102
CW1260086,CW511403
EH441918,DB316395
EJ11790,EH162789
CW1184243,CW269277
CW1027209,CW993125
BN412400,EH1027144
BL430489,BL430489
CW925840,CW1015487
DL182200,AL335235
CW1108447,CW1108447
CG147258,CG147258
BY401566,BY297308
EP93228,EP93228
EF113710,DE277653
EF165725,EF165725
DE270218,DE270218
CW810798,CW850306
EN54529,EA39128
CW185489,CW1202767
CW255596,CW403483
DX26944,DR8948
CW135616,CW318611
DT9413,CD17690
BE229972,BE229972
AK15368,AK34016
AD30773,AD30773
CW172238,CW1078986
DE265719,DE265719
DB77104,DB77104
DR93520,CL34430
CW1100620,AN138045
CC117387,CC117387
BD110340,BD110340
AA180107,AA180107
EM86760,EM86760
CW470864,CW712479
CW97601,CW366369
CL51921,CL51921
AL329149,AL329149
BB63066,BB63066
BZ49754,BZ24102
BE39089,AG23023
EF177538,AP17480
AS86182,BK50234
CW696645,CW696645
CW475752,CW718222
AW135814,BD35521
EH321861,EK4813
CW1153368,CW208090
CJ81827,DE13986
BN129299,BN144525
BW32217,EH563874
AL295636,BL506290
EH589598,AX48554
BN322212,BN322212
CW590785,CW683361
BN91096,BN150147
BY497153,BY497153
BY372155,CD19109
AL288255,AL288255
CG114019,CG114019
CJ148169,BR174150
CW558577,CW600646
EH1184947,EH1184947
BN41111,BN51643
AP37430,AP37371
DB28455,DB155269
DZ25221,EH255666
EH414087,CC71527
CP26782,CP19069
CW556113,CW1079114
EH1243729,EH1243729
EH500684,BE272986
DB268564,DB327195
DA97499,DA58962
CW265088,CW414972
CW139713,CW1090500
EH149209,EK4813
CW460565,CW776753
EH728720,EH922215
EH585342,EH190195
EH1119293,EH1119293
BY654019,BY652540
CW281333,CW210978
AH16932,BB40203
EL92695,EL92695
EH1163956,EH1163956
CW933600,CW537352
CA83553,CT23876
CW348811,CW107172
DR81938,DY47232
AL195763,AL195757
EH405519,EH219539
EJ25207,EJ25207
CW237392,CW740380
AL160986,AL162150
CJ8746,DK37463
CW990481,CW575679
EH897534,EH838768
EH64543,EH1072626
BH111095,BH164717
EH735060,EH454420
BD9433,CS6527
DL195029,CM65248
BL380304,BL380304
ER17268,BN124518
BL389542,BL389542
DB43711,DB269088
CE36265,DZ42884
CW967565,CW278567
EH747866,EH355976
EH314684,CJ100053
CW326875,CW496148
BD142285,BD142285
CC134120,CC134120
CW959563,CW1203883
CW467701,CW310915
BY122414,BN144525
CG102345,CZ89453
BE357568,BE357568
BE285925,BE337590
BY368951,BY210505
DA111655,EH263829
CW509414,CW722496
BN40261,BN2129
EH661256,CW724104
CW411694,CW704265
EH681245,EH681245
DZ52607,DE259725
CW355346,CW103313
EL56726,EP33150
BY532797,BY530085
BY627145,BY627145
CW758080,CW287656
CW1124857,AS77679
DB102099,DB137335
DL158624,DL158624
CW985030,CW1349158
DY23283,EH59260
CW470864,AW33819
DB287901,DB287901
CW934261,CW319123
BY415790,CL34430
CW1131670,CW430999
BN241274,BY418798
BN355000,BN206577
CW137676,CW137676
EH1158100,EH1158100
BJ6516,BJ28604
AM28015,AM35996
CH22390,CW478608
BE204972,BE52478
EH1229535,EH1229535
EH641418,EH694610
EH91307,EH274560
AL228273,AL261104
EH840568,EH840568
EH423472,EH423472
EF179992,EF115184
CW530099,CW877167
CJ99839,CJ99839
CW1182334,CW778417
CL35477,CL35463
BY567867,BY567867
BN273478,BN256059
BL454605,BL454605
DB238950,DB231165
BL120368,BY197778
CW927299,CW927299
CW202580,CW329810
CW1184243,CW545975
EH885630,CR18414
CW349223,CW252237
AL112691,CW287954
EH530818,EH30894
BL345468,BL345468
EH424147,DE30882
DK21921,DK21921
ED34632,BD88663
DB143527,DB143527
EH1021538,EH1021538
AX25331,CZ59307
AD7896,DK32343
EH865352,EH385984
EH279967,EH418610
EH1127195,EH1127195
BS7867,DE144527
CW1031195,CW1031195
EL79308,EL79308
CW159779,CW313678
EH1096119,EH1096119
CW1321957,CW511272
DB122781,DB201235
BL170406,BL170406
BL338939,BL261375
EA41165,EA25924
EH59944,EH332115
CG64464,CG55628
CC71167,CC71167
CW993965,CW883274
CA20527,DE144527
DB231015,DB231015
BE266220,BE45575
CW939611,CW939611
EJ11790,CN81191
ES14361,DX15549
BN445192,BN445192
EM41130,AA95209
BN469677,EH496984
BL475236,EH932521
BN445729,BN429955
BN32681,BN32667
BR33768,CJ84916
EH1147029,EH1147029
BE152328,BE175902
AM33238,AL291936
CW201077,CW44953
CW309101,CW945850
DH56596,CG47281
EH405519,EH1173453
CC91276,EG23637
AA81396,EG16508
AN160772,AN160772
AN94456,AN69923
BE64290,BE304352
CW564577,CW480814
CG29390,AB2040
BW35837,CB93093
BL147369,EH24135
BN149789,BN67373
EH1167862,EH1167862
BR177371,BR177371
CW540485,CW420345
DA98074,DA98074
BE63276,BE29138
EH452201,EF77860
BN323826,BY633732
BE290166,BE290166
EH324364,EH324364
DF12967,DS38793
CW670494,CW460627
CB83845,EH307571
CW678668,CW619912
DB175297,AS90923
BN268363,BN135308
CJ51649,BY355735
EH511121,EH392320
CW366157,CW689575
EL72489,EL21500
BN357187,BL83636
CW383177,CW1064530
CW835999,CW835999
BY86442,BY223665
CX9306,DP16620
EH520714,EH520714
DL138616,EF23181
AM26126,BL322890
BY617698,BY617698
CW1224305,CW452030
EH786937,EH786937
BR181494,BR184986
BL417391,BL339449
CW405845,CW724636
CW948502,CW1007548
BH143499,EH840811
BH35383,BH35243
EH1203551,EH1203551
BN60812,BN25700
CW881503,CW881503
BY224094,BY436895
EF143314,EF143314
CW1070457,CW374694
BE212293,BE26988
EF175520,EF175520
CW61061,CW142088
CW180679,CW384602
CW1235801,CW1369701
DE296024,DE130099
AM80113,AM80113
BN361405,BN129844
CW535733,CW115891
BN156540,BN206008
BR70870,BL151477
AK61851,CW1005841
CW882344,CW882344
CG180124,CG170375
CJ117008,CW513450
EM89879,EM89879
DL226837,DL226837
CW266858,CW319329
CW672174,CW672174
CW1190176,CW516312
CJ46777,BE314076
EH274920,EH213654
EH635994,EH610263
EF159970,EF185217
AN151205,AN151205
CW636181,CW1221407
EF107139,EF107139
AP91854,AP97209
CW805859,CW722360
DE271762,DE271762
BB19786,DT8231
BL368104,BL368104
CW874301,CW280009
BH46612,BH131437
CW720907,CW581767
EN71821,EN71821
AB34384,AB34384
BY300884,BY34058
AL228748,EH345667
BY266896,BY328348
DE289910,DE289910
CW1119734,CW1315664
EL66782,EL66810
CW872142,BY374299
AA158204,AA158204
EH732787,EH164982
CW959682,CW84811
DB220928,DB220928
CW188080,CW318354
CW1298692,DL230175
BN387631,BN387631
CW616686,CB93093
BY259029,BN218607
CM9104,CM41006
EH482799,EH175265
CW588661,DB140225
EM123950,EM123950
BD124063,CW934345
CW217537,CW363505
EH1097765,EH1097765
CC90465,BD154874
BY360788,BY360788
AL88173,CW43684
BW35837,CW732623
AL234345,AL234345
DB255010,DB255010
DB96373,DB110285
DA82706,DA82706
DN143628,EH840811
BD116110,DD101596
CW817860,CW817860
CH31400,CH22399
DE323919,DE323919
EH749334,EH749334
DB169780,EH177932
BE142169,BE103977
CW1158115,CW1134273
CW306268,CW250857
CJ20833,AF13274
BL292218,BL292218
DB264131,DB264131
BD84870,BD84870
CW255772,CW594140
CW1025182,CW183462
AK105061,AK22589
CW795057,CW795057
EH529658,EH145693
EH1083466,EH1083466
CA83553,BR61104
AL235276,AL235276
CB54233,CB68904
CW1045009,CW1045009
DB171792,DB171792
CW536728,CW1061078
EH1227111,DE77641
BY78706,BY78706
CW1061300,CW792957
BH66185,BH66185
DE305793,DE305793
CW1093884,CW1093884
DE277215,DE314089
CW250939,CW729385
BR124940,AA136962
BH142570,BH52253
DS76846,BN311781
DX55890,DX55890
CW428172,CW812684
CC67479,EG17112
AL277702,AL290555
DE296520,AA129883
EH500966,EH500966
CW340405,CW709689
EH942502,EH19892
EH923113,DZ63262
CJ69639,DE185307
CW1107723,CW1107723
CW359050,CW222695
BY593190,AN118084
BL107754,BL165927
CJ181977,CJ76309
AL204345,BE160362
CC110535,CC110535
EH882673,EH882673
EH1051060,EH1051060
EH784672,EH709159
DW71696,DW71696
CL6566,CG101727
DS96930,DS96930
BE378298,BE394084
BY704428,BY704428
CN23557,CN5560
EH314448,EH177825
AP91332,AP91332
BE181841,BE219876
CW854520,CW1118089
CJ153856,CJ153856
DB191957,DB132537
CW435369,CW932921
AW52885,BY142351
DA120151,DA120151
EF172759,EF172759
BB81037,BB53697
CA66987,DL95209
CC115443,CC89718
CW230429,CW780453
CW227379,CW975134
EH92976,EH92976
DD146462,DD105862
DE260945,DE260945
CW1260361,CW1260361
CJ111091,EH518484
BY135286,BY172244
BN276873,BN502973
CW62496,CW137830
EG41205,CW381870
DW21692,DS38793
EH995866,EH995866
CW515432,CW627469
CW895721,CW1315254
EH620473,EH620473
DB249089,DB249089
BY624582,BY373949
CW1036306,CW247958
EH301358,EP15818
AL247878,AL247878
CW1101841,CW724104
EH801606,AL185062
AS80103,AS80103
BN355000,AF5028
CW1052942,CW1052942
BN378603,BN335212
CW1008545,CW1344673
BY279428,BY175734
CW1164282,EL94009
EH123519,EH96323
CT59613,EH558874
BH100869,BH100869
CT13873,AG28820
EF184624,EF184624
AA64187,AA33033
BN538371,BN538371
CW645781,CW645781
EH533218,CJ100053
CW900138,CW900138
DE76354,AA67648
BL273143,BL273143
CW1075079,CW1075079
DL79843,DL79843
EN74533,EA37018
BY242298,BY39524
EA24674,EA24674
CW126674,CW142409
DE222048,DE222048
CW353133,CW434160
EH473294,EH473294
EH355474,EH187202
DD105508,DD63050
BN138715,BN115711
BR64648,BR108444
EH674884,EH674884
CW533811,CW117454
CW882469,CW282289
EH942907,BL362532
DB220288,DB220288
DL171381,EH1221582
CW607489,CW695412
CW612560,CW479854
CG187003,BL364900
CW850038,CW850038
DE295551,DE253297
AK55386,AK51955
CW463192,CW399512
EH496421,EH961446
DB40498,DB74457
AA85511,AA46696
BB30668,EH394032
AD5409,AL253783
CW731420,CW752874
AN190014,AN190014
EH1046177,EH686329
DB201045,BN311781
BG22738,AL211408
EH220312,EH284781
AX28819,EH255666
CR21169,CR21169
EH826916,CW1221536
CA91067,CA91067
BY34157,BY301261
CG129837,CG71361
BY655686,BY656042
DB102771,DB137335
DB266957,DB29722
DL274358,DL274358
CC66518,CC55325
BZ62827,BZ62827
CW921565,CW808379
DR109872,DR109872
CC41136,CC72377
EH989151,EH989151
CW97191,CW390969
BL104630,BL367594
EH833518,EH833518
DD123810,DD123810
CW219157,CW680928
CW861358,CW861358
BN457350,EF169012
CC106416,CC106416
DN115871,DN115871
DD26485,BJ26651
BY668613,BY668613
DZ55220,DD162458
CG46462,AB15085
CW533974,CW478608
CW235838,CW128983
BN222702,BN222702
CW558104,CW935564
CW25967,CW287264
BL306789,CM37268
CW882475,CW1044383
CW751515,CW703973
DB26893,DB188511
EF181642,EH990103
CW274302,CW809504
CJ143991,CJ143991
EH1132411,EH1132411
CT36884,BH169028
EH402309,EH210934
EH165860,BL335116
BD36999,AL156805
CA26272,CA29361
CW901885,CW179424
AW18344,AW18345
DH59084,DH59084
BN244885,BN359287
BB101286,AM96378
BY539940,BY362114
BN344673,BH94375
DB111753,CM29334
AA146838,AA146838
AX55266,EJ10437
BE254364,BE87025
BY14181,BY264515
EL92294,EL92294
BW50312,EG25419
EH451183,EH84803
BY286797,BY101376
EB38685,CJ211733
BL229364,BL149197
CW1109735,CW1109735
DE314498,DE314498
EH657878,EH657878
EA39423,AN85247
BY226922,ER18676
DE284246,DE284246
AS83160,AS83160
AW81934,CG64312
AA111910,AA92541
CW435369,CW309998
CW358100,CW246781
AN113272,AN113272
CW342925,CW315828
EH398113,EH398113
EH1122386,CW1021824
BY379359,BY277984
CW406587,CW353081
DE240799,DL6805
DL162695,EH527436
DR43322,BN295800
CW56178,CW56178
BH64629,EH224045
CW641753,CW172263
DB241236,DB241236
CW823237,CW287993
BL69757,BL367594
DS91647,BG29209
DX17645,BR64839
CW758080,CW503229
CM64709,CT41413
DL64199,DL50748
DH50538,DH50538
DB195832,DB195832
AA182424,DN49092
EH972933,EH972933
BR146772,EH1219170
EH983176,EH983176
BL144577,BL144577
EH769956,BN380160
DB112500,DB95463
EH350821,DT10984
EB20248,AA74505
EF163272,EF163272
CB83134,CB48325
DW50160,DW61378
DW53037,DW53037
EH6770,EH118665
BE53879,BE38485
CG192555,DZ76864
BN117204,BN124518
EH414087,EH527436
CW159625,CW98503
AL233239,AL233239
BY185692,BY185692
CJ135780,CJ135780
CW263559,CW237102
DB4946,BY23773
BE314648,BE314648
DE218769,DL145330
AW177932,EF136419
EC21215,DY25481
CW369263,CW471726
EF38079,AA129801
CW825120,CW825120
CW1061346,BC63698
BL229364,DE193178
CW324825,CW358253
CW890307,CW677934
BE129978,BE68107
EH921057,EH921057
CW648023,CW440042
BE276953,BE276953
AL275102,AL291308
BL107613,BL107613
CW678105,CC71527
DS14827,DS38730
CW498271,CW498271
CW259336,CW396742
EL56083,EM98184
BL337154,BL478976
CG139134,EM76875
DS91857,DS102413
BE371386,BE106585
DS109110,DS109110
CG118603,CG118603
EH127935,EH69196
CW1131585,CS29544
BL168467,BL89994
CW726728,CW54900
CJ42276,DZ45883
ER25097,BL275011
CW1291107,CW1291107
CW1076121,CW848320
BY608147,BY175429
CW206400,CW341790
EH678646,EH678646
CW556807,CW1060175
BE179192,BE179192
BY434475,BY686105
AF24256,AF24256
AS29573,DB186914
DS95930,DS95930
BL482106,BL482106
AA184428,AA185647
CW201077,CW228240
BY470191,BY470191
BB47003,BB53697
BY415790,BH132340
AB14050,EN38935
CW1167129,CW1167129
BL32721,BL32716
AN191763,CW600416
BY341421,BY94050
BE248637,BE406616
BN170301,BN37262
DR44123,BD36552
CW186801,CW384821
DD61933,CC153311
AL267585,BE99881
DE271737,DE271737
CW695064,CW1159758
CK13857,CK13857
EM39311,DJ18313
EH960400,EH960400
CW695064,CW1118089
EH317419,EH370696
CW893925,CW430686
CW794863,CW794863
CW1131312,CW1131312
EH1018210,EH346075
EH1250777,EH1250777
CW1075446,AM80980
EP69660,EP69660
BN353378,BN353378
EH1105377,EH1105377
EH661256,DD90591
CG72782,DP42763
BA9618,EP22439
AW110036,DN117678
CC105184,CC105184
EH1045606,EH1045606
EN22354,EN21302
EL81625,EL81625
EF54771,EF177267
BH129976,BH129976
BE343084,BE359012
BY24317,BY24318
EH1020882,EH1020882
AA203390,AL200618
BE15273,BE38485
CW495802,CW476060
DC11944,BL41719
AK77958,EF56403
CW433828,CW627277
EH716083,EH210484
BE277907,BE277907
EH873981,BH109823
BY562922,DE262860
EH524163,EH1033942
CL2644,CL21197
AY31728,AY31595
AX42838,AX82509
DB97751,DB68057
BY37964,BY242825
DE246554,DE246554
CW143113,CW904025
DL138489,DL138489
CW300036,CW975134
DW18931,DW10925
EH80505,EH80505
DW64086,DW64086
CW149360,CW74461
CW993397,CW396242
AW130415,AY17041
CW461800,CW811360
CW834490,CW757835
BK17988,EH232082
DT37741,DT92985
EH845153,EH642862
BN255873,BN285202
EH655298,EH655298
BR184393,BR184393
CW1098073,CW1254361
CW471377,CW265588
BL316545,BL148932
EH144962,EH110006
DP36368,DP36368
CW63942,CW176007
EH1052027,EH1052027
DL244193,CW503045
CH42103,CH42103
AK18042,AK156797
DN120248,DN120248
BY210388,EJ14960
CB29554,AN39985
CW1213469,CW213486
BE425301,BE425301
EH488503,EH518932
CW560587,CW85658
CW1168790,CW756619
DL138616,EH206074
CA56871,DB307612
DN143827,DN143827
BN164391,BN154918
DN104610,DN151021
EH818675,EH818675
CW169478,CW279595
CW71053,CW334388
CW124999,CW269277
BE6383,BE26228
CL65676,CL65676
BL417354,BL417354
DT133992,DT128912
AN67721,AN67721
EH348062,EH302579
DB138101,DB60300
EG57040,DN110340
BY419247,BY419247
EH241771,EH635336
EP89361,EP89361
DB243244,AL263563
CW673847,CW221237
BM63361,BM63361
BP52489,BP52489
CC51022,CC128249
BA8487,BY488796
AL170522,DN48729
BE119250,BE103977
ER35753,AX48554
CW81505,CW1249446
EH704621,EH192499
CW93321,CW338882
EH805548,BH119024
DC24525,DC24525
EH1125628,EH1125628
CW357548,EF80594
CW142933,CW390969
CE56480,CZ61325
EP36724,CN99820
BR181176,BR181176
DS71919,DS71919
CW331778,CW1036729
AL19376,AL164186
BN472925,CG83163
CW166106,CW35968
BL253545,BL253545
BR141564,BR141564
CA96389,CA96389
DS104345,DS104345
BE402255,BE402255
CW952020,CW298951
CA94442,CA94442
CW327162,CW451160
EG41205,BY439540
AW24795,AW24818
EH704163,EL31786
BY259329,BY481685
DR28778,DR26858
CW1119867,CW1119867
BL402563,BL465313
DN143628,DD194628
CC96358,CL2491
BZ17101,AW74313
CW485219,CW570084
CW507610,CW507610
EM104099,CJ163083
DE301006,DE142228
AK33163,EP99068
BW16752,BW16077
BE179289,BD79525
CW248874,CW550669
EH1060449,EH1060449
AL126692,AL72383
CC145679,CC145679
AL284174,DF20908
CA125183,BE374922
EF226057,EF226057
EH244112,EH207621
CW931826,CW602150
EH127891,EH127307
DP55371,DP57700
BL123257,BL123257
EH379644,EH109844
DB82732,DB267617
BL175406,BL56927
CT45838,BE269259
CW934890,CW934890
BR144303,BR144303
EG19039,EG33126
AM45707,AM45705
EL52508,EL43288
DG7610,CW338882
DE279682,DE279682
CM7447,CM14388
BL391506,BL391506
AA203390,DB43275
BP66720,BP66720
DB205893,DB203884
DS93988,DS93988
EH254750,EH109401
CW85958,CW293096
CW962540,CW452030
CH50433,CH50433
CH56467,CH56467
DH57404,DL67396
DL217677,DL217677
CW92175,CW346978
DG14426,DG36467
BN49350,BN64511
CW669057,CW669057
DB155743,DB155743
BL261971,EH558874
DA108543,DA108543
EG54247,EG27706
DE256513,DE256513
EH963828,EH963828
EH803660,DN116516
EF47816,DZ47770
EF209948,EF209948
DB269382,DB269382
BW35654,BW35654
DE113369,DE120695
AN32382,AN32382
DE269617,AA210074
EH464245,EH464245
BY100824,BY190826
CG186737,CG186737
BE400307,BE400307
EH11893,EH80100
CH55203,CH55203
EF72212,EF148730
CW280208,CW209463
BB45845,BB48115
CG6688,CG76753
BN200145,CE13921
BN553104,BD122090
AN46742,AN39235
DB114611,DB85509
AN46685,AG33072
EM101752,EM101752
EH810760,EH810760
EH88821,EH379789
CW41413,CW60504
BE143281,BE143281
AA107317,AA107317
CW107612,CW52254
CW1061300,CW849795
DA67766,AA62211
BL386907,BL386907
DN87642,DN87642
EH1203800,EH1203800
EH321861,EH162789
CW1152226,CW1152226
BP60475,BP60475
CW1021824,CW1023093
BY590081,BY590081
CW616686,CW732623
CG157702,CG98876
BE151381,BE68107
EL92513,EL92722
EH608361,EH608361
DG47540,DG67535
DE251593,DE203918
DL202111,DL202111
DB226429,DB214833
BE278125,BE207058
CA83553,CE55136
BJ32663,AA155581
EH733759,DE238062
EH128317,EH128317
CW161422,CW106106
BL434533,BL133800
EH636114,EH431108
CW1004244,CW664614
DB137922,DT113466
DE101275,DE23970
CW1167736,CW1103758
BY571647,BY99746
CW143215,CW479817
CW1180794,CW972439
CW928419,CW951850
CW50014,CW182882
DM29357,CE49041
EH812392,AN150043
BY252583,BY238344
BN121952,DX33847
CW473905,CW468532
CW127339,CW193844
ED51405,ED41208
CW713985,CW431482
BY368383,BY368383
CW533879,CW232048
BE399952,BE399952
BB104328,BB104328
EH704163,EH293734
CA71078,AS75554
AL138866,AA32059
CW124199,CW374462
BL259269,BL259269
EH540576,AY13376
BL369883,BL369883
BY73099,BY24201
DG42577,DG68463
EF69380,EF69380
DB158666,DB147069
CW478619,CW361017
DD163698,DD163698
EH27813,EH27813
CW1082180,CW92744
CW626647,CW1116783
BW32041,EH449567
DE285338,DE285338
DD173208,DD50810
EH494621,EH255666
CD21221,CD21221
AJ14754,CJ82252
CW1053507,CW532185
BN321745,BN470098
CW1003986,CW925990
BY350695,EB10143
EH704163,DT155471
DS105796,DS62380
EH334829,DM17465
CW797062,CW1164802
EF80034,EF60476
EH258263,EH135556
EH1056000,EH1056000
BL308942,AX48554
EH560091,EH362830
DN58140,DN2944
EH352475,EH1235423
CW128879,CW471430
AL223145,AL223145
BW51187,BW51187
AK3006,BR67902
EH1200924,CN83168
EH149209,EH162789
CW729377,CW339066
DA101085,DA101085
CW636181,CW1179660
DE177691,DB134244
DB226429,DB226429
DL195548,DL195548
BY526791,BY406043
CW64155,CW1053024
AW185166,AW185166
EH494621,CW1198938
BM64986,BM64986
EH205528,EH162789
EH1015312,EH1015312
CW473905,CW309998
EH735724,EH428116
BR106975,BR139800
DL268274,DA111086
EH1130785,EH1130785
DN107083,CA70316
EH319879,EH110200
CW940050,CW940050
AA167561,CW233885
BL204151,BL135895
BL474384,BL360375
DZ59860,DZ59860
BL514212,BL514212
CP22414,CP50254
EF164844,EF164844
DB200957,DB200957
CW358979,CW180135
CG29390,AY10443
DL151959,DL151959
BL480120,BL480120
BY571647,BY219930
DB258777,DB258777
CW927077,CW927077
BY501617,BY27145
CW730929,CW1148004
CW300857,CW321956
DD175407,DD43625
CW552186,CW453628
DZ69837,DZ69837
BY480932,BY480932
AL174876,AL174876
DN141529,DN141529
AW72209,AW72209
EH1147692,EH1081905
CW1097802,CW1097802
BL418336,BL418336
CW1112790,CW1073357
BN289263,BN284891
CW675121,CW177680
CW775266,CW775266
CW230112,CW142409
AN180977,AN180977
CW1197412,CW1014573
DR28778,DR40242
BN76872,BN100876
CW159625,CW871357
CW50332,CW377706
EL60178,EL60178
AW206991,DL67396
AA180466,AA180466
BH135548,BH135548
BL330121,BL213777
CW34072,CW41995
DT94025,DT94025
CW41097,CW102052
CW256566,CW279882
AL283513,AL206308
DB243829,DB243829
EH797014,EH428116
BR182087,DZ36289
CW766856,CW996548
BY505748,BY505748
CG201613,AS46834
AL329651,AL178879
CW1095504,CZ54672
EB38297,AA73800
DA43632,DY12659
EH842528,EH313525
EH768096,EH768096
CL59018,CL48309
CW202090,CW184635
EH324104,EH688543
EH851023,EH204661
CW100654,CW354406
DB232908,DB90658
DE272432,DE69430
CW329339,CW93341
CW797948,CW381870
BN229359,CG106430
EH929304,EH929304
EH704163,BL260427
CW105423,CW1090500
DT117670,BG51748
CW906201,CW471726
BY132071,BY38935
DE276320,DE276320
BY346335,BY346335
CW1184640,CW917046
CW99211,CW167965
DT159544,DT159544
AN129961,AW103591
BL203612,BP32795
BN188647,BN171357
CZ94174,CZ94174
CJ45558,DR12738
CW736412,AN109934
EH241278,EH1211190
BY346451,BY316622
DA58710,DA58710
BL374487,BL374487
EL73317,EL73317
DB193137,DB94209
AL240720,CB93093
CW260854,CW482753
AA154704,AA64734
CW18559,CW5140
CJ119056,CJ119056
CG38690,BN168329
DA85155,DA85155
BE253420,DR90952
EH321272,CW1081295
DT60899,DT123544
BN421887,BN180438
CW441751,CW432338
BL429570,BL429570
DB155842,DB155842
EH321861,EF56403
CW819582,CW532049
DG13429,DG5221
CW757133,CW757133
DD184390,DD184390
BL486777,BL486777
BY119096,BY269283
CC37058,DE191409
BL487741,BL487741
DE89426,DE68999
BY598446,BY598446
EH848089,EH848089
AA158907,AA158907
DA14919,BN36005
EH190901,EH190901
CW227488,CW180135
DL248553,DL248553
CW1252938,CW1086688
EF36155,CN3560
EP47116,BR81884
DE212670,DE212670
AL65614,BZ28278
BN22593,BN118375
BE341168,AN221083
ER9842,CW279067
EH848005,EH848005
EF193869,EF193869
AP61717,AP8782
CW215336,CW215336
EH329174,EH117982
DL210632,DL46762
CW334609,CW1202767
BN486466,BN486466
CW365597,CW56900
DW6274,AZ6185
CW533879,CW433712
EP17405,EH195543
CW1174856,CW445087
CW770223,EH169521
CW1366045,CW595746
DB280653,DB280653
BL11158,BC44420
EH149051,EH224964
BB98172,BB37547
CW207412,CW886367
CW513997,CW745839
CW433162,CW732378
AA141665,DE230503
CT5190,AN153991
CW552494,CW552494
BH125134,BH180206
EL49533,BK34586
EH160880,EH129124
DZ40689,DH49464
DR45332,DR48862
EH63709,EH662837
EM71980,EM43929
AL139022,CW635550
CW142269,CW438429
EH118075,CW199905
CW774478,CW503045
EH155884,DE141733
CW1060819,CW1359024
CW799927,CW799927
AN203020,DL249386
CW1146469,CW513549
EB65956,EB63825
DD111433,DD111433
DB55478,DB188583
CC90465,BL287786
AW145864,AW141768
BY418590,BY274656
BL352477,BL353163
EH808362,EH297157
BE82378,BB16220
CW1167362,CW1118354
CW1279585,CW1279585
CW880687,EH82030
BP54963,BP54963
DG38529,DG16154
CW655811,CW655811
EJ6362,EH555185
BN104410,BN301265
BL93886,BL32716
CW408073,CW1026515
BN331228,BN331228
BY283279,EP30191
CG174251,EH1055820
DS96508,DD100631
BC59695,BC59695
DZ41137,DA103057
EH899056,EH899056
BE245878,BE245878
CJ172011,CJ172011
CW1044181,CW586553
BN423748,BN172043
AW196982,AW196982
EH39143,EH10388
BP59542,BP34031
BE271852,BE257921
DE100530,DE239988
CW440044,CW505206
EH973533,EH973533
CW343049,CW198141
CW13850,CW192321
CC13437,DR82920
EF177538,BD131461
BF19322,BF19322
CW352689,CW252055
AF14323,EH255666
EM60789,EM60789
EH348013,EH927476
CJ202209,CJ99389
EF147698,EF104247
AP37885,EH133167
CW92175,CW366289
CW245876,CW208090
CH45416,CH45416
DP42763,DP42763
DL238134,DL238134
BH135516,BH89659
DT120567,DT120567
DE63302,DE80430
CW550949,CW85658
CC37058,CC71367
EF45638,EF45638
CG82248,CG26319
CL35447,CL35447
CJ177657,CJ177657
BH153681,CR13982
AL255648,AL255648
AL187772,BR95968
DE174952,DE108201
EH810637,EH84733
BN38349,BN91401
EH602501,EH602501
CW763873,CW762637
DL178623,DD163997
DT142416,DT142416
AA183913,AA183913
AA172292,AA172292
BR146772,EP73553
CL47562,CL47562
BP33147,CW127449
BE179919,BE179919
BN49350,BN59338
EM82035,EM82035
AM70730,AM70730
DL121901,CW891410
BR100773,BR136378
BN360465,BN117790
EH972963,EH972963
EH756012,EH756012
CW162561,CW358512
BL338854,BL338854
BY116197,BY442546
AN25510,AN82163
CW331778,CW1025693
BR192247,BR192247
CW107095,CW305059
CW1235621,CL43774
BE53879,BE47966
CW982781,CW590022
BL352598,BL352598
BD91403,EH782374
BY13990,BY256442
AF14323,BN107670
EH939369,EH939369
EH337111,EH337111
CW884748,CW977011
CW493167,CW390392
EH576363,EH472637
DD155081,DD155081
EH1150665,EH312339
CW26859,CW15292
EH821382,EH795150
BY234328,BY45808
CW1002840,CW1258601
EH288817,EH288817
BY539927,BY522435
CW938930,DZ59373
BY339440,BY12503
CW1362913,EH979988
CW202580,CW300901
CW221280,CW1005808
BE328157,BE198742
EH474388,EH440881
DE219364,DE266046
BY476235,BY9185
BL336834,BL148932
EF130980,EF130980
CW983778,CW280655
CW641753,CS16921
CW177776,CW214891
CW1013584,CW1013584
CW340405,CW324091
EH250906,EH156297
EN67781,EN67781
AK71000,CC74706
EH751153,DN120125
BY341603,EP63394
EH212251,BL271086
EH483953,EH302504
DE10774,DE67688
CW511321,CW357266
CW400710,CW575138
BY223015,BY579573
BY415790,BN311781
AL115061,AL115061
EH975335,EH523507
BL373094,BL373094
CW938930,CW707245
EH592631,EH592631
EH448803,EH210062
BY530971,BY530971
EH1115036,AE36312
BN219288,CC39709
BR144303,AM61321
CW490178,CW490178
AL185428,AL267060
CJ111091,DA50351
DB190976,DB139813
CW872583,CW597198
DT58759,DT114446
CW1279633,CW125939
CW551696,CW594474
CA113666,CA113666
CW756239,CW1113062
DB251167,DB251167
BY411570,CW1329056
AN154368,AN154368
AN76845,AN76845
DT159279,DT80789
BY99353,BY209743
AS65880,AS65880
AW201788,AW201788
EH706506,DE230560
CB45760,CB45760
BR226171,BR226171
BE44334,BE70722
CJ163090,CJ163090
CW452367,CW208319
EP97068,EP97068
AP32097,AP22210
DE95257,DE95257
BE212141,BE212141
BL398156,BL398156
DB327517,DB306152
EN74079,DE117001
CW461705,CW559832
AL280162,AL280162
CZ54036,BL513455
BY562247,BY562247
EH811754,EH811754
DS90136,DS90136
AW91192,AW91192
BY371339,BY286799
DE291671,DE291671
CW249380,DE277653
DE195178,DE195178
BB42946,BB42946
EH604393,EH568489
CW831928,CW831928
AL84522,AL84522
BN162399,BN136422
CW135616,CW304887
CW606187,CW1113062
CX15150,CX15150
CW886170,CW886170
CW508832,CW347617
EH1054970,EH1054970
CW949534,CW949534
CW188042,CW318482
CW907965,CW752874
AK113306,CJ151251
CW429584,CW774563
CW112606,CW226439
DE241259,DE244411
EH193121,EH219425
BE340140,BE421554
CW349552,CW356907
EH1193638,EH1193638
AL189150,AL189150
BY330507,BY244735
BN215210,BN68668
CW921669,CW1059928
AL43236,AL98910
DN147142,AA136962
CW584514,CW880890
EH895359,BP14635
CW1138102,CW1011271
BE378606,BE328454
CW536728,CW550898
DE321659,BW48570
CW247476,CW734473
BR164760,BR164760
CW449954,CW1320672
AM24403,AW50733
BN185698,BN432642
EH704163,BK23792
DR135567,AA65896
CW902593,CW905431
BH148721,BH148721
AL243593,AL264800
CW1370483,CW873079
AN71869,CW205841
AM101376,AM101376
BE266220,BE156527
CJ32494,BL160457
CW977505,CW977505
DW31500,DM20633
CG179264,CG179264
CP9806,CP20163
CW126674,CW529217
AN73299,AN195198
BL471323,BL471323
CW396027,CW1025734
EF142084,EF142084
EM20986,EM20986
EH942313,EH1311832
CW986710,CW856420
CW1085040,BN144258
CW642340,CW642340
CW872257,CW482753
CW159779,CW446277
CW408073,BD10347
CW1022487,CW1022487
DS115504,DK40823
BY709108,BY141612
CP39395,BK43809
AR12690,AJ21547
CW597970,CW252020
CW745078,CW1026384
DB259900,CR5380
BN385201,BN359287
CW1011891,CW1011891
BL368104,EH601697
CW231106,CW346593
EH591950,EH591950
EH127136,BD66164
EH496109,DB256365
AL206744,CJ118843
BL301761,EH314812
EH1019691,EH538048
EH627359,EH699501
CW318256,CW709684
DR149826,DR149826
CR23476,CR23476
DE24311,DE90221
CW469950,CW189797
BY30472,BY197067
AL281474,AL281474
DB111753,EH255666
CW333064,CW265588
BE398417,BE398417
EH196091,CL64780
DA93626,DA93626
CW678873,CW527136
CA83786,CA83786
CT41396,CT44014
EH1081078,EH949463
CW227488,CW1219787
BK40973,BK40973
CW970511,CW145253
DT9413,AG59118
DS108033,CG144945
DR66811,DR143752
CW68911,CW161516
EF182732,EF56403
DR93520,BE206336
BY155382,BY198060
AA145073,DE231201
EA39423,EH778184
BL210971,BL456475
EH815527,EH815527
CW639626,CW173656
BR133015,CL34430
BE404597,BE404597
EF41139,AW100200
DL205437,BE257921
CW217128,CW340776
BN433976,BN433976
BN469783,BN231964
BE465735,BE412671
DN89154,EH353704
DE41016,DE10307
EH752707,EH246488
EM98184,EM98184
BL269986,BL269986
BL210025,BL210025
BE319584,BE319584
CW1063356,CW708699
CW628168,CW628168
DD144612,DD144612
EH30867,EH328486
EH6913,EH124212
CC122395,CC122395
CW416563,CW266611
EH835218,EH835218
CW868143,CW868143
AL141427,BL203355
CW55577,CW241235
BL431490,BL431490
BY515569,BY370202
AP19555,EF21155
CS19986,EP28369
EH447674,EH466818
CW561659,CW277029
BY549141,BY549141
CW754781,CW44996
CW108324,CW203527
BL167428,BL73003
DE254338,DE262860
BY100553,BY9185
AN99507,AN138845
BZ46731,BZ46731
BE325207,BE325207
CW89157,CW202857
BC44087,AL149844
AD24719,AD13335
CW773755,CW1330931
EH135275,EH78175
BN345253,BN345253
CW424927,CW301249
DL238605,DL238605
BL121029,CW535150
AL295636,AL255328
CW484402,CW484402
BW10193,BA16092
AA141665,DL124411
DD32453,DK10625
BY317689,BY269592
DE279989,DE279989
CW97191,CW1354316
EH424147,AN62602
CW245621,CW127878
CW1229144,CW1229144
AW59198,AW225408
DB22905,DB193188
AL174025,AL170747
BS15037,BS15037
EH500659,CW532156
BR154929,BR154929
BE356410,BE63985
AD28089,DN132561
EH428598,EH516910
CW540485,CW346135
DB28983,DB9684
CA97165,DE264784
AL42508,AL64568
CW1153097,CW640197
CW1149632,DP43884
EH704163,EH1161385
AK65374,EF48057
EH288205,EH379307
AL268267,EH660815
CW1229250,CW1252535
BN307752,BN307752
CN94502,CN94502
EH942907,EH554638
CW863094,CW863094
BL257303,BL260427
BY371350,BY445177
BH109880,CA68390
BE251804,BE123444
CW1186164,CW352788
AW11066,AW65292
CJ123344,CJ123344
AW206991,EH388032
DE30575,DE315047
EH1186436,BY704787
DN109144,DN52580
CW674433,CW1035773
BL261971,DB240162
EH934112,EH934112
CW1103165,CW1103165
BE314767,BE314767
BE281276,BE281276
BR97251,EH840811
CW532846,CW339059
EH815754,EH293734
BL337520,BL337520
CW216337,CW877263
DT115231,DT115231
EH1018210,EH361518
CW74371,CW130773
CW273741,CW1152145
BP31548,EH712044
EH693560,EH693560
CT28669,CP16275
DL136139,DL136139
AN110479,CW322414
AN189726,AN189726
CW730129,CW1004423
CT10352,CG74924
EH432645,EH432645
DB137922,EH388032
AX58111,AX58111
CW982781,CW182032
EH740870,DT62954
DB188649,DB188649
CW42098,CW143974
CW938930,CW1339407
AA190922,DA127638
BN178651,BN549592
AA167561,AA167561
EH716083,EH742520
DB137922,DB273402
BY275561,BY222155
EF177538,DX31441
CW1279633,CW322641
CW658404,CW345834
EH234073,EH199377
AN146172,AN146172
CW751182,CW738843
BN525765,BN471519
BD71542,DB248620
BN296707,BN296707
DB58817,CC71527
CW938930,CL41408
BL336303,BL336303
CG84506,CG84506
AN91944,AN91944
CW1076781,CW1076781
EH336310,DE139542
BB113877,BB112259
DB24217,DB306491
CW975147,CW552002
EP64104,EH933416
CW183174,CW735998
BL269630,BL269630
CW112369,CW178586
DL243230,CA111495
CW396482,CW551648
DG27305,DG32142
CJ141247,CJ141247
CW1257071,DE238693
CW1184634,AY31154
BD86572,BD96098
DL210066,DL210066
CW231106,CW201071
DX18947,DX2808
BY554213,BY179932
BN223994,BN324238
EF138226,EF138226
CX9259,CX12818
BZ56149,BZ66169
BL33886,BL72449
BE335552,AL32838
CH50957,CH50957
AL284174,DB150756
CW65755,CW66684
CW113333,CW201071
BN187342,BN128371
AN58777,CM31929
EH1098863,EH1098863
BN375208,BN375208
CT23236,CK7041
CW281333,CW178586
AL309813,AF24806
AK37565,DD66636
CW889391,CW933515
BW16151,AP47094
BL418823,BL418823
CW833238,CW833238
CW97601,CW1302981
CW1096724,CW1056252
BL344188,BL344188
BE306169,BE146208
EH799823,EH786140
CW493178,DL127267
CW127161,CW272129
EH768130,AW174987
CW61819,CW128357
BN413169,BN413169
AH24976,AH24976
CN68691,CN68691
BE39236,BE69232
CB41923,BH169709
EL85260,EL85260
CW892153,CW892153
CW441751,CW1028149
DS91857,DS65905
EH1002411,EH1002411
AN84503,AN104580
CW968477,CW851205
AL253204,AL253204
DL138616,BE12575
DA72374,BN263450
BL31966,EP27163
CW329339,CW343529
AN20052,AN176626
CW890098,CW632661
BL332074,BL92699
BL234414,BL191476
EH1025218,EH1025218
AL154101,AL294443
CW463700,CW38054
CW353133,BL456475
AL85719,AL85719
EH255097,EH440782
EH553390,EH553390
BE285745,BE356448
DD150570,DD150570
EF163048,DS94138
DB207084,EH822269
AP65520,AP65520
BL271036,CW592554
BL293650,BL293650
DE186891,BY402841
AA190922,AA190922
CW85618,CW535150
EH94143,EH577133
AN119683,AN119683
CW1107194,CW1107194
CW452711,CW154558
CW823108,CW329183
AL324077,AL324077
CW872142,CW357266
EJ6951,DN48729
AX67219,AX67219
CW661767,CW1026384
CW532966,CW449830
BX2865,BY101007
BY410425,BL193636
DL205802,DL62814
DB65065,DB65065
CY28413,CY32354
DL224304,DL224304
BK27683,BK27683
DD99351,DD99351
CW753901,CW1264119
DZ57825,EL65272
CA127149,CA127149
CW689262,CW681647
EH1032336,EH1032336
EP42773,DD46001
CJ198315,BN266343
CG157702,CG83163
CP18709,CP32213
BN364391,BN364391
CW781374,CW781374
BY233848,BY100221
CW1363074,CW167965
DB304093,DB304093
EF206421,CC52963
CW470526,CT20591
CW1169552,CW1102978
BR143779,BL290404
CW1062248,CW1062248
BN49350,BN31136
BD130997,BD91049
BJ10910,EH162789
EH534711,EH558682
CW511321,CW1005841
EH749649,EH749649
CW1270385,CW1119980
AL159923,AL53487
BY163569,DT31688
CW119177,CW197521
CW1038648,CW1316859
CW734826,CW92196
CA75520,EH1213668
BY132988,BY119586
EH1027887,EH1027887
CW558104,CW478608
CG168186,BY654775
CW595469,CW885536
DT79339,AC2403
AL302103,AL302103
CW752384,CW466851
EL82207,EL82207
EH87042,EH87042
EH762161,EH810557
DL255538,DL255538
EL103249,BR223828
BH38217,CZ15677
EH1066003,EH293734
BH152282,BH152282
CW1225794,CW1225794
CW292378,CW575355
CW1220707,CW1220707
CW540132,CW1289061
BN144968,BN292112
DN15682,DN15718
CW849779,CW849779
BZ47602,BZ47602
DE294890,DE294890
DE285709,DE285709
AL241462,AL241462
BN280387,BN140082
CC147743,BN290911
CG188806,CG188806
CW1185320,CW222529
AL255911,CW1181800
CW231310,CW231310
CW347453,CW864285
EL63673,EL63673
CW482765,CW575679
EH403837,DH53095
EH827795,EH827795
CW880458,CW1032752
BR151768,BR151768
CW169302,CW631193
CW495802,CW467202
EH569928,EH569928
BY25186,BY25189
BY76927,BY229416
AL272220,AL272220
AJ10983,AW99430
CW89157,CW89157
BE237578,BE237578
BL108895,CC135745
DL76263,CC121907
AL107012,CN85521
CW1086582,CW1202767
CN48052,BH132771
AP81854,AP81854
EG12907,EG12911
CC128037,EH1027144
CW204922,CW1090500
EP34056,AW40311
CJ167161,CJ161592
BD11083,BD151193
CW139252,CW966106
CW219926,EF23181
CW124999,CW627277
AA42298,AA90148
EH1038567,EH1038567
EH559905,EH559905
DB271320,DB271320
DB288592,CJ151251
CL57752,CY35934
EH20137,EH69952
CZ99592,CZ99592
BM42059,BM73932
EL83512,EL83512
BE197650,AN72661
CJ157437,CJ79189
DL129119,DL129119
BL369229,BL369229
EP54265,BL181452
BE261088,BE261088
EH31944,EH336954
CW265088,CW437495
CW711350,CW611107
EH850187,EH850187
CW125070,CW125070
DS86769,DS86769
DS73864,EH478971
EH876014,EH876014
DA89692,DE259725
CB33842,BE160198
CR7083,EH207135
CW462628,BL20963
BZ30360,EH529397
CW351401,CW189956
BA4915,ER4175
AM28021,AW127927
BY216393,DR60225
CT59613,EH779676
DN129793,BR176790
CW349783,CW456221
EH387120,EH471428
AL85779,BC42725
BK36064,BK36064
CW941805,CW892619
DR106526,DH71099
CA108685,CA108685
CY27580,CY27580
EH241771,EH332058
EP30143,EH132841
CW537934,CW1060157
EF150296,DD90591
BN349252,BN349252
BX2791,CW581981
EH1129276,EH1306766
CW330373,CW478608
DB163347,EF69277
BY109473,BY246152
CT44359,CL43774
AP66226,AP66226
EH625719,EH84158
EF34240,EF56403
CC90465,BL290404
EH815527,EH1161385
CW359534,CW359534
CW288499,AD30275
AN58102,AN101248
EH761145,EH761145
EH91358,EH440311
CW1249936,CW1249936
CG36181,BL284595
EM65235,EM46820
CT45437,AP8782
EH671483,EH671483
BH54931,EH428116
CW1114829,CW1114829
AS78619,AS78619
EH277362,EH1113756
EH493153,EH986891
AS12063,AS14536
CW462628,CW1280695
BE139625,BE45208
CW660880,CW638336
EH751931,EH751931
EF89242,EF89242
BL35668,DE110395
CW534577,CW479854
CW824081,CW709970
CB54233,DB103039
BY332862,BY332862
EH8945,EH22185
CW1181193,CW1181193
BN540754,EN58195
CW183337,EK9974
DM22136,DM10942
AA2672,EG14957
ER25097,AL211233
BY392171,BY642421
DL121382,DL98502
BH155234,BL300570
BN403749,BN403749
DZ75682,EF201479
BB104328,BB95939
DE85007,DE61682
EH337976,EF56403
BX2791,BH32710
BE412934,BE257982
BN339499,BN241676
CW1085075,CW1038735
AL284174,AL284174
DB13535,AK77022
EP55726,EP83555
CS30809,CS30809
CD29266,CD29266
BL230311,BL145413
CW57988,CW57988
AS62439,AS46834
CW955615,CW734695
AA47917,AA28921
BY546573,EH1156128
CW99211,CW346593
CW955493,CW955493
ED56143,DN131844
AJ39967,AJ39967
DE279056,DE279056
CW980215,CW619912
CW276278,CW369186
CG137534,DD124055
EH735724,EH451174
AS56750,BL337156
CW515764,CW1331956
EH589598,EH735635
EF151693,EF151693
CC66518,BD6374
CW836634,CW683361
EH1114231,EH1114231
BH149057,BH132340
CW291065,CW180635
EH115347,EH203728
EH1250255,EH1250255
BL198263,BL198263
DB116579,CN81191
EH1132164,EH1132164
EH1163530,EH286396
CA45877,EA40250
DA53951,BN313574
CW807962,CW807962
BJ11304,EH181659
CW511692,CW310019
DN107083,DT119363
BN367997,BN33496
BN404612,BN404612
CA73341,DL185475
DA67871,EM36767
CW1173931,CW973380
CN65110,CN65110
CW310825,CW705106
CG142679,CG182751
CW208711,CW208711
BE202741,BB86548
AM56669,AA46696
AL267705,AL267705
EH638451,BL418883
BL313034,BL313034
CW589348,AM11267
CW1318470,CW1318470
BR182087,BR193814
BN360066,BN360066
BG26544,DE141185
BE240849,BE309132
EH689297,EH689297
BE254224,BE157211
CW783493,CW534235
CW1147932,BE62442
DL193474,DL179527
BJ36821,BJ36821
BE220304,BE173947
BR208096,BN201628
EN56458,EN78292
BL301761,BY632282
BL505444,BL505444
AA100490,BH106753
BL455988,EN66150
CW420797,CW296157
AL95267,AL129388
BN540754,EF104496
EH1034135,EH1034135
BB86094,BB32968
CW144341,CW592098
DR66960,DR66960
CW1113948,DL269606
EH348013,EH388430
BE294798,BE294798
CG158084,CG64584
BY645737,EH1219170
DH50136,DH50136
DA100226,DA100226
EF200198,EF200198
BB86694,BB33629
EG51887,EG51887
DL46513,DL46513
DT52662,BL41279
BJ36271,BH149992
DB207503,DB207503
BE36833,BE347612
CW98880,CW240059
CW45515,CW142409
CW849060,CW573831
EM86909,BR61104
CW699584,CW699584
CW373721,CW1038205
BN32681,BN28663
AM107637,CX4576
AL171175,EH1036797
CW201006,CW1219787
DD213354,DD213354
DS41213,EA24280
BE30772,BE55444
BY566246,BY566246
DR134689,DR50275
BN409739,EH388032
AA214731,AA214731
DL252400,DL252400
EH149209,BY114153
CG131638,CG131638
EH279967,DL88524
EH712102,EH712102
CW196707,CW252733
AN156579,AN156579
CW637013,CW674854
BN191118,BN71579
CG154239,CG154239
CW119177,CW366369
CH54839,BL137899
BH178727,BL290404
EK9669,DE59802
CW342925,CW82006
BR51226,BY208761
EH1095536,EH1095536
CW265898,CW998978
AW145864,AW145864
BD33423,BD35521
DB163347,DB204424
BY210999,BY141684
DB293294,DB293294
EH220312,EH694610
BE152328,BE67291
CW817608,CW817608
CW310892,CW180635
EH477902,EH109311
AN163133,AN163133
CJ132485,CJ132485
CP28261,EH1113432
BE328157,BE99881
DA91091,DA91091
EH199535,EH717513
EH613643,AM70145
CW1227416,CW385270
BY371543,CG47281
EH372794,EH372794
CW1010549,CW1329664
CW325314,CW392655
CR21899,CR21899
DT9413,AM19267
BE323762,BE327645
CA31931,CA31931
BJ37857,BJ37857
CW707492,CW307668
AJ43944,AJ25639
BD85838,BD125348
CW175292,CW530196
AX40220,AX40220
DL223118,DL223118
BE357705,BE357705
BD62326,AS50012
CW97448,CW1086688
CW81708,CW1142240
DB154720,DB162974
BE129978,BE88308
CW724721,CW287954
AL110117,AL49588
CW790392,CW822065
CW348685,CW132817
BH12036,BH12035
BX2791,BM5630
BE279133,BE279133
DR99799,DB158005
EF14033,EF14033
EH302590,EH229974
CA120242,CA120242
BB108545,BC70638
CW649928,CW1347139
DS74814,EH177825
AN50047,AN50047
BN205782,BN114091
BE148365,BE178263
EM25856,EM70993
CW922471,CW292375
DS87660,DS35889
EH1046702,AS42352
DE320469,DE320469
EH815754,EH496984
BL418908,BL418908
CW1164005,CW1139069
AN141015,EN78292
CW679631,CW375647
CW1095504,CW1185484
AL229910,BY402841
BM56796,BM56796
BY67393,BY34058
CZ90556,CZ90556
CR20402,CR20402
DB236888,DB236888
DL208541,DL7549
AL81754,CW1221407
DA64108,DA64108
CM7774,CM9492
CW797568,CW1002265
DN2946,DN8935
CW972453,CW595746
BH162156,DB276245
EK10852,CN33247
CW1146739,CW189632
DE76354,CM58578
EH596565,EH416851
EH345831,EH345831
AN183276,AN183276
BY154090,BY154090
CW577084,CW592554
EH874766,EH874766
CW678764,EH349174
EH1106810,EH1106810
BL301852,BL488904
AY25182,AY25182
CL44870,CL44870
BY256966,BY30817
AL181688,AL62380
DN83692,CH30672
DA43026,DA43026
EH1085893,EH1309401
AW85549,AW63101
CW439788,CW835054
DH47841,DH47841
CW1174760,CW1139837
CW861243,CW737034
BD86740,BH131437
BL296025,BL296025
CW453720,CW677393
BY427680,BN343313
BY11585,BY77736
BL436245,BL436245
DE265680,DE131551
BH57936,BH72444
CW610619,CW390392
BL477283,BL477283
CW1112664,CW1228446
BE280739,BE280739
BL305148,BL305148
CW266858,CW257892
DL252331,DL252331
DB115957,DB78613
EH1054709,EH1145650
EH622291,EH622291
CW1284815,CW670726
CW61277,CW65478
BD130075,DE291313
EL80520,EL80520
AK126937,AK126937
BL352471,BL352471
AL151253,AL151253
CW1143489,BR176790
DB191411,CW714583
DA98658,DA98658
CW1294808,CW850167
EN56458,CB67316
CW311456,CW310179
BE317312,BE317312
EH558123,EH558123
CW921565,CW1357394
AL253646,AL253646
EH701091,EH701091
AL115818,EH903138
DR29541,DR81262
CW819118,BL223704
CC50596,CC85293
EH1162581,EH1162581
AL91420,AL58090
CW938930,EP73553
BY711424,BY711424
CH37702,CW1190210
CW167717,CW440756
CW827721,BY509583
AN69894,DE139542
DD203620,CW315828
CW85241,CW802178
AP89067,AP40036
BL501356,BL501356
CW832962,CW832962
DN137004,EH914493
EH450770,EH203671
CW757816,BY509583
CJ155891,CJ155891
CP26782,BE206336
EH45997,EH94148
CH54988,CH54988
DD102384,DD102384
BN53492,BN75243
CW584751,CW1023477
DE181937,DE57663
BN551914,BN550925
CW753834,CW753834
EH321861,AL190305
CL8769,BL250124
AS8198,AS8198
DN7022,DN7070
BE72556,BE69232
CA123077,CA123077
DB267726,DB140933
BL482580,BL482580
BN297128,DH20592
EH133128,EH458939
DT160465,DT124377
CW684143,CW684143
DD46412,DD71594
EL78297,EL78297
CW219926,BE12575
BE258146,BE259025
EH784845,EH346080
BR143779,AW163949
CW808983,CW862738
CA113700,CA113700
AR9639,AR9639
AN49886,AN213089
DE284849,DE284849
CW329183,CW73205
BL501817,BL501817
EH761717,EH761717
CG153196,CG73698
EH133221,EH392320
BN167005,BN113220
EF196683,EN38935
CG103031,CG104332
EH1066003,EH496984
EH341537,DL124760
CW1028853,CW345313
CA83553,DB113852
CB5995,CB59051
BN470985,BN244976
CW801559,CW801559
EF80456,EF182655
BY273447,BY240549
AA204248,AA204248
BH63080,CB66328
BY432046,BY263552
EH418323,EH349219
EH793193,EH949463
EH623759,EH449567
DA73041,DA21634
CW445549,CW791827
BL484283,BL484283
DE48916,DE59367
BN424781,BN270677
BN537497,BN537497
CW656675,CW422425
AN25593,AN19270
EH625768,EH625768
CM33157,DZ24519
EH880408,EH880408
EA40094,CW503045
BY168988,BY85129
CW520867,CW460873
EH806234,EH806234
CW419941,CW290240
CW266858,CW1071124
BR195045,CA58163
DE205704,DE205704
EH152311,EH337777
CW990457,CW560761
CX19670,CX13057
ER13641,CC17222
EH866024,CJ207068
AM81705,CW277029
EH1127008,EH1127008
CW239394,CW871185
CW270778,CW1322180
BL398659,BL398659
CW4207,CW41184
BP42269,BP42269
CW565942,CW630374
BD132954,BD132954
CW276278,CW360025
DB238879,DB238879
EH852298,EH852298
CW571093,CW174131
EH63709,EH211389
EH985752,EH985752
DM20710,CC126874
BR180051,CG137948
DT177087,DT177087
BZ49055,BN400624
CW332015,CW321074
CW78789,CW1146444
BL53759,BL20963
CW807397,CW758919
CW303958,CW200947
AS92068,AS92068
CW584751,CW389843
BN417724,BN350487
CW86639,CW7525
CW319336,BL123579
CW933473,CW933473
AL33120,BR53263
CX8808,CX8808
AL258207,AL258207
EH267788,EH1015550
CW519685,CW876676
DB59279,DB20921
CS7212,AM11315
BL287920,BL287920
DT22959,CW16228
BN76089,BN65854
CJ43430,CJ94551
BE293177,BE246262
CW706748,CW706748
CM47932,CM30353
EH577667,EH472637
CW426591,CW261874
EH7238,EH224045
BE108372,BE108372
CW99211,CW201071
CW41008,CW51095
CW1271423,CW1256449
CW436440,CW577217
CW1293994,CW654896
AL240720,AW140475
CW61964,CW37820
CW144792,CW1031939
CW435851,CW657890
BY235215,BY440831
EH205528,BR181215
CJ169618,CJ169618
EH119352,EH54233
CW689262,CW526717
CW366623,CW128168
AP15200,AP15200
BR139638,AM48440
CW256566,CW932921
EH1161327,EH1161327
EH803660,EH719499
EF78228,EF56403
CA66987,CW708699
EH1028065,EH1028065
CW417886,CW110953
BG12087,BG9466
EM108773,AA83411
CW45515,CW650147
BY258727,BY114765
AN94495,EF184998
AS8677,AS8677
CW999305,CW765989
EH751153,CB74457
AL335647,AL335647
CJ154404,CJ154404
CW872142,CW1005841
CE55676,CE55676
EH856431,EH856431
BH84196,BH152464
CW403601,CW403601
CW438897,CW438897
CW603008,CW1234450
CW1365817,CW399847
EF204264,EF204264
CW199538,CW109433
EH196199,EH322959
BP62854,CP19069
DD202577,DD165481
CW616686,CW1329056
CC140291,CC140291
EH766357,EH766357
EH975236,EH975236
BN181688,BN469759
BL430002,BL430002
BE258927,BE428994
CW678873,CW259771
BN67209,BN252025
AD31408,AD31408
AL219640,AL219640
DW46662,AN168168
ED47890,ED47890
EH18442,EH612119
CD3402,CC82200
CW282712,CW731041
EH745339,EH745339
DL170532,DL170532
CW705931,CW108829
DB219375,DB219375
BE363320,BE157211
DB254246,DB254246
CW298795,CW234886
ER25097,ER25097
CH21918,AW138562
CW632829,DE152386
CW840095,DL244553
BE384523,AL122481
BJ22780,BJ21240
DB58705,EH657224
CW1273702,CW535279
EH1062143,EH295641
DD35153,BR81884
CW796457,CW860425
EH337976,EH162789
CJ173943,CW1329664
DB260042,DB260042
DL246905,DL224479
BR196901,DH58461
BE79700,BE309132
AK103366,AK103366
DE284653,DE284653
BN313113,BN313113
DB58817,BD131461
CW75362,CW189759
DB189665,DB118988
BE225994,EH221953
EM106945,EM75424
EF24377,EF24377
BN150235,BN128502
CW1239941,CW189632
EH1098025,BG48798
BD83572,BD83572
CW207412,CW1210527
DH56828,DH56828
DN136947,EH69196
CW126674,CW650147
EH146517,EH146517
EH275471,EH84803
EH901566,EH901566
BE238013,BE208676
CG170155,CG170155
BY646614,BY646614
CG59205,BD155868
CW327861,CW891936
BY57857,BY417509
BN176213,BN125441
CW457439,CW346978
BY635013,BH162156
DN123794,DN123794
CJ16733,DL54174
DA93673,EH781024
CA73341,CJ99165
AN129512,AN129512
EF204868,EF204868
EH81917,EH81917
CA135770,CA135770
DB143869,DB134244
CT24487,BR106783
EH994620,EH19374
EL87828,BL513884
CW187953,CW98744
EH1013464,BD131940
CW482765,CW458463
EF177538,BZ34427
AK79942,AK79942
BD102709,BD102709
AL171497,AL92203
CW373721,CW891936
AA154425,AA154425
BG39972,AM97285
CG149654,CG149654
DS45052,DS45052
CW528151,CW555785
AL237548,AL237548
DK24051,EP48722
BL500252,BL452248
DB291812,DB291812
BY226555,BY257675
EH1066747,EH1066747
EP36928,DC22064
CW756804,CW311780
CW146056,CW232163
CW662706,CW473766
CW439429,CW220283
CT45437,CN81191
CW857283,CW781790
CN66820,CC82395
DN118589,EP98183
EL49533,DB155269
BY597818,BY597818
EH709480,EH709480
BN138715,BN366849
EL89704,EL89704
EH1126994,EH1126994
EH118772,EH165941
CW611392,CW509642
EH608651,EH608651
CA115594,BR48127
EH134701,EH144116
BY351405,BY351405
AK16479,ES8730
EF234115,EF234115
DB201045,BX23197
DN83305,BE136497
BN397515,CW569355
CW681520,CW437495
CW330582,CW520591
CW610619,AF13274
EA46121,EA46121
CW611392,CW762036
BL306890,BL310162
BN481726,BN369234
CW159032,CW1078986
BG30771,BG30771
BN456526,DX47117
AN141015,CB67316
DH55881,DH55881
DB234434,BL408332
CC90465,BB80368
BY609324,BY609324
EN29937,AM5222
BE30453,BE30474
EH828758,EH828758
BW55808,BW55808
CW1158368,CW375905
AP45105,EN74710
CW294437,CW355408
EH882059,EH882059
DE201540,DE201540
AG44819,AG44819
EH680735,EH115904
CW553309,CW550898
EG61287,AL336292
DB135637,DE259725
CW501972,CW478608
CW826446,CW826446
CW772588,CW375052
BW46208,BW46208
CB66161,CB38276
CW667746,CW1253840
BN297128,BL335116
EH325311,EH325311
CW624932,CW651363
CW41008,CW136827
CC141129,CC141129
CW623943,CW518400
EH494621,DL67396
BL347838,BL347838
CW62862,DW58578
CW255596,CW222437
CG22291,AL77201
AK38925,AK15470
CW780029,CW732754
AM57447,DA61371
EM25856,DL124731
EN56458,EH711492
BE191880,BE191880
BH149057,CL34430
BY525385,BY443915
BH69432,BH185757
AN145540,AN145540
EH1159382,EH682523
CW830069,CW14594
BL349581,BL160457
CW803946,CW374515
BY38220,BY266600
DE276707,CA127325
EH1224331,EH1224331
BL441434,BL441434
EH244112,EH516398
EH1003401,EH1003401
DS73864,AL336292
DD89062,DD89062
AX42838,DE185546
CW707076,CW141290
DB223221,DB210500
BW46034,BW46034
CG46462,CG46467
DX48700,DX48700
CW294744,CW450031
AM100207,AM100207
CW872142,CW708699
DL83313,DL60387
DE292572,DE292572
BY85378,BY276493
BJ16171,BD50911
CW194579,CW582494
AK16479,EN8226
DL258348,CL49407
BY723372,BY723372
CB14518,EM115223
BE222886,BE222886
EH403372,EH152970
EP93171,EP93171
CW664422,CW664422
DA97499,DA50351
CW1148640,CW405866
EH315046,EH320720
CJ182395,CJ182395
BN455380,BL217211
BY674389,BY674389
AL224897,AL224897
AW59010,AW79702
AL194324,CT25575
CG184800,CG184800
CW358472,CW339262
BY663288,CE42218
DE291350,DE291350
CE41984,CE41984
CW300504,CW1324701
AS82035,AS62762
DB280954,DB280954
DD100159,DD195532
EA13491,EA9756
DB220796,DB220796
DR39020,DR5134
EH1129551,EH1129551
EH326251,EH326251
DS63747,DS64494
BH155271,BH155271
DA125460,DA125460
CW300477,CW705106
EF101856,AA48418
BY273358,BY179932
CW359086,CW359086
AW90685,AW94911
AW158896,AW158896
AH16932,AL72084
CZ82157,CB93093
BE363674,BE363674
BE243235,BE43746
AA176717,AA176717
BL434219,BL434219
CW853147,CW515842
BZ14356,DX4519
AL112691,DD116885
AL240720,BL290404
EH560909,EH899584
EH1078804,EH1078804
BY549488,DN94073
EH3446,DD36143
DN121007,BN374831
CG102345,BE156646
CW63942,CW516312
EH1163185,BR12220
CW1215771,CW756619
EN38519,EN38935
EA28352,CW444840
BE395170,BE395170
EB74693,EB76716
CH22390,EH742520
BN403749,BN459951
AM70689,AM70689
EH56598,EH686939
CW380442,CW388117
CW427571,CW869960
AL141425,AL141425
EF117979,EF117979
BY230864,BY222155
DK22110,DK24306
CW424531,EF114521
CW29229,CW11926
EH297834,EH297834
CJ91809,CJ91809
BY411570,EM91954
AN222608,AN222608
CW513203,CW381497
BC48643,BC48643
DE193687,DE126480
BY39976,BY502153
BY72884,BY200608
CW793340,CW1358206
DL226973,DL226973
AK21293,BB33686
DH57404,CC78989
EH437692,EH479155
AL154101,AL154743
EH1055269,EH1055269
EH1109875,EH1109875
AL189873,AL189873
CW439293,CW532185
EH858093,EH858093
BM47284,AM79584
AL204345,DB113852
DB295518,DB257229
CW704935,CW704935
AA163591,AA211257
DT33395,DT15412
BH97906,BH97906
CW278051,CW418468
EH337976,CN81191
CW85958,CW176160
BN381700,BN381700
CW241382,CZ81443
CW229523,CW136827
BY691516,BY270981
EH393172,EH86369
BB85846,DZ30274
AM88975,AP55283
CW896524,CW376557
BL11619,DE164435
DE293664,DE293664
CW424594,CW920043
CN62816,CW44953
BN86395,DT15412
CW332959,EN57463
BE331569,BE331569
BY518610,BY410084
DW13882,EH35710
CW278724,CW85658
AB14050,BH89760
CW835891,CW734695
CW129638,CW1336556
BN72208,BN60196
AL284778,AL284778
AJ43738,DN131844
BN496418,BN496418
EN76751,EN76751
BF28125,BF28125
EL38355,EL95998
CW406699,CE54920
CW60757,CW60757
EH788469,EP31931
AL217003,CB71945
EG40334,CB93093
DR83837,DR83837
AA56154,CJ73629
BY626732,BY626732
CW986974,CW1342441
DE238693,DE238693
AL9942,AL11611
CW487418,CW551648
AL131861,AL122019
BL308496,DT85462
DT115805,DH3512
CW1154778,CW1154778
CA3194,BB36126
CW443982,CW143371
CW1046995,CW449928
EH1226512,DL271141
AL43236,AC2403
EH564863,AW206449
CW827452,CW475302
DG30167,DG26120
DE24443,DE64211
CW523380,CW674177
BN405359,BN405359
DD35153,DD116885
CJ142021,DD186768
DE242951,DE242951
DE159285,DE91192
EM66076,EM66076
DB252505,DB252505
DN110676,DN110676
EH1130502,EH1130502
BC63698,BC63698
DK9561,BN201628
BL240177,BL240177
AX34096,DE133370
CW122972,CW518400
BY273539,BY25140
CW879928,CW239119
EH511406,EH511406
BE395588,BE118996
CW670572,CW1347488
CW250076,CW326853
AM98050,AM98050
BE212159,BE212159
BY496308,BY542692
CW857365,CW186258
BP45954,BP45954
EP84671,BR176790
CW475752,CW450031
DN125457,DN125457
BN150886,AB35032
CW182346,CW89303
AN155141,AN155141
CW1024756,CW1034747
BM42008,BM11966
CG186809,CG110186
BL290978,BL290978
DB299110,DB85914
DN9382,DN154347
BL374193,BL374193
CW1202445,CW1172988
AH16932,EH428116
CW1126371,CW336515
BH156139,BH156139
DL36576,DL38581
AW190210,AW190210
CW578879,CW1179660
BE410127,BE368961
CW711337,CW206093
CW1326978,CW1326978
AL203030,AL203030
CJ74432,CJ74432
EH352869,EH103982
CW244126,CW739072
BR72183,AL352413
BY390053,BE177117
DB230534,DB55666
EH1020309,EH1020309
EH494621,AN162718
DE188490,DE188490
CA74979,BL326345
CW439663,CW89303
DD84202,DD109681
DB113117,DB32711
BW66087,BW67797
DM24423,DM24423
CX20148,CX21358
CL51194,CL51194
BR146772,DN123519
CW822742,CW756619
DE186638,BW48570
DB305468,DB305468
BY509438,BY741821
AL302389,AL302389
CW294201,CW309998
DE221593,DE58667
EH190866,EH190866
BN531203,BN435129
BR87232,BR75998
BR161913,BR161913
CW1194487,EH979988
CW564283,CW118997
DL239352,DL82926
EH952415,EH965759
DN62153,EH465240
EH897160,EH1298769
CW457439,CW366289
CW1096724,CW1344382
EF154010,EF154010
CW521576,CW339059
BL41460,BN91376
BL138182,BL223642
BN55182,BN91376
CW748957,AW154937
DB124121,DB104750
BE359169,BE166673
CW520354,CW1038205
CW909570,AM69189
DL176706,DL176706
EF162165,EF162165
EM78255,EM78255
EH367724,EH440873
EG36973,EH413128
CW853681,CW352166
BN23599,BN23599
AW166575,AW147353
BR115529,AY19965
CJ208126,CJ208632
AL173635,AL173635
AA16195,AA77502
BN38349,BN75159
DD164517,DD164517
BN264408,CJ41596
CR4991,CR4991
CW372218,CW372218
AL251407,AL251407
CW1250174,CW1255396
AA165076,AA163938
CG137534,CW1083643
CW446947,CW581381
BL397669,BL397669
BS11676,BS11676
BL308875,BL308875
CW43344,CW50826
EH851023,EH416851
CW1175253,CW89775
BN167005,BN527552
AL250774,AL290555
EH533038,EH533038
EP46763,EP46763
AB37657,AB37657
AL246905,AL246905
CW249104,CW494277
AL85963,AL215210
CZ57789,CZ57789
AA183913,BL290065
DR26853,DR53016
EH144962,BY108123
DX47094,CW1319533
AL184385,AL168079
EH873681,EH873681
CW1073144,CW953441
AA211120,AA211120
EH90324,EH76213
CW1366557,CW591982
DT77250,EH400020
CW782902,CW535150
CD31849,CD31849
BN453765,BN17551
DL183099,DL93172
DB226523,DB226523
CW1176979,CW1054929
EH754713,EH754713
AN156178,AN156178
CC46921,BD37975
DA73458,BH80688
BY401161,BY504780
BJ29082,DT82851
BP16691,BP16691
CW328556,CW284327
DR29015,DR26858
DB156341,DB156341
CW576729,CW501671
EH937166,EH543832
BY390551,BY545171
BN60833,BN148256
CW803556,CW657991
BY293081,BY311932
CW1010431,CW517099
CW266858,CW1250521
CW152007,CW159762
AW182624,AW182624
CW473783,CW529166
BL11619,BR75404
AN74701,AN74701
AL275102,AL299512
BL304572,BL304572
BE247693,BE247693
EH372666,EH110713
EF134195,AA155212
CM31130,BL154052
AA186091,AA96238
CW581178,DT119363
CW169302,CW681565
DB284427,DB284427
CW504176,CW654787
CW695560,DD69435
CA74979,DL176078
EH974007,EH974007
BE373691,BE146350
BN121952,ER4175
AX56600,AX56600
EH1021555,EH1021555
CW1105086,CW1175091
EH821439,EH821439
CA139513,CA139513
CW1083003,CW464208
BE271852,EP73553
BE195077,BE294224
BY632822,BY684242
CW645648,CW53593
EH977376,EH977376
CY33691,CY33691
BN108986,BN475013
BN356780,EH419897
CW33886,CW113418
CW558104,CW879595
EH368614,EH349030
EH1055820,EH1055820
CW1237660,CW1081295
BY226606,BY112776
BS8632,DE52944
CJ20833,EH255666
EH522431,EH522431
BF20902,BR156263
CW107146,CW237818
BR18298,BR18309
CW780238,CW780238
AL204345,AL72084
DP43884,DP43884
CG61996,CG5640
CW265302,CW440756
AM100167,AM100167
DB89198,DB62672
AW11066,AW36939
CW1153131,CW1037075
AL100354,BD30816
EF134195,CN87837
CW912776,CW459580
BL454784,BL454784
CL51663,CL51663
CW493167,CW533426
DL215914,DL215914
CW903740,CW1118089
DE83193,DE209574
BL111269,BL108205
CW808983,CW1044383
BD99679,BD48703
AA105577,DL99533
BH124890,BH124890
DB242284,DB242284
CZ84475,BN426962
AL145926,DL107608
DB288558,CM52645
CW285620,CW180494
EH1023958,EH251102
CW372696,CW596253
DR52146,DR55150
CW124516,CW104488
CL10826,CL30189
DD159068,AR14474
CW680764,CW56900
AE35016,AL360075
CW879612,CW879612
AL13924,AL13924
CN63442,CN63442
BY524124,BY524124
DN130212,DN130212
DR101693,DR51840
BY638957,BY638957
AK82322,CP48036
CZ47485,CZ47485
BY722122,BY374299
CW989348,CW702004
BY68531,BY250048
BY28258,BY101376
CW630476,CW594140
EH1060306,AA165118
EH182021,EH214511
DL108511,DL108511
BL334879,BL334879
BY330691,BY81298
CW853551,CW1335561
BN159745,BN153615
BY167965,BY185664
BE337289,BE446974
EF9633,EF9633
CW347453,CW51095
CW182346,CW310179
AN129961,CZ81443
EH717600,EH130659
EH471894,EH264976
DN126586,DN23557
EH1055478,EH1055478
EL89717,EL89717
CW500682,CW879595
EH70512,EH1153267
CH62919,CH62919
DL28545,DL66407
CZ60706,CZ60706
EH290996,EH290996
EA29176,EA17293
BL100724,BL100724
CH41347,BN144525
CW838575,CW838575
AW82686,AW89367
CW159779,CW201071
CW329183,BY595305
EA43493,EA6377
AN53377,CW1320405
AL273208,AL273208
EF210224,EF210224
DH4395,CW935303
DB170192,DB51205
BR230860,BR230860
BL339063,DS68139
EF215379,EF215379
CJ46304,AG56103
AE25079,AE25079
DH4326,DH38429
EH101828,EH524721
DE309891,DE309891
DN143360,DN143360
DD95751,DD90591
CW61579,CW54377
BZ10850,BZ10850
BN298004,BN298004
DL147856,AL44690
EH468188,EH751797
CP51075,CP51075
BN289406,BN289406
DD126402,DD126402
CW1275059,CW341701
EH13609,EH1176695
EH457652,EH457652
EH368614,EH863195
DD33115,CC64677
DK20670,DK20670
BL433394,BL433394
BE335552,BE13501
DZ52607,AN85247
CW1370483,CW974217
DR98467,DR89972
EF131638,CC159583
BY247677,AA31178
EH182021,EH925885
EH542373,EH254314
BR195904,BR195904
CW1051343,CW376371
EH388197,CJ100053
EH1075893,EH1075893
BN32681,BN45756
CW678105,CW515155
CW1045646,CW315839
BE163696,BE311260
EH1168261,EM114103
EH1048714,EH1048714
BM63583,BM63583
EH1034135,EH328861
CW24291,CW88674
BN505760,BN505760
CW776487,CW723820
DP42763,DD90591
AD21074,AD21074
CW1018218,CW1226075
EH127935,EH980448
BW10914,DE15347
DB149749,DB168679
BL455988,AR14474
AL79651,AL93143
CW201473,CW182339
DD35153,CC71527
EH875453,EH875453
DP47131,DP47131
DD134798,DD134798
AA94270,AA94270
BB2977,BB78325
CB67907,CB67907
DT166511,AL146697
BE44677,CC18365
EM89082,EM89082
CW584234,CW1035099
DX56090,DX56090
CW638878,CW538785
EH633450,EH633450
AE30807,AE30807
CW598031,CW796705
BN82714,BN137605
DD134106,ED20064
DE63368,DE136050
AN211645,AN211645
CW400135,CW310928
ES14361,CW381870
AN138152,AN144324
EH677416,EH677416
CG105800,CG105800
BL405517,BL405517
DH15384,BE106998
EH792720,EH792720
CW865608,CW821331
DB284405,DB284405
CW76630,CW145026
CW1190392,CW203527
CW493167,AF13274
CG111434,CG72994
EH676069,CG31026
DB320263,DB320263
EA37545,EA37545
EH781579,EH374256
BG47635,BG47635
AT26997,AT13882
BM12235,BM34416
CW846354,CW691625
EB38685,DL124411
CW426476,CW1320672
CW451104,CW83752
CW848225,CW304887
AA100490,CW1221407
BE77816,BE116197
CW512672,CW462044
DN71048,EH349030
CW747316,EH969974
BL266052,BL266052
CZ120956,EH419118
BN375070,BN375070
BY482839,BY482839
BY325985,BY344994
EF89167,EF88924
BY551654,BY402346
CW403601,CW506596
BM17207,BM49824
CW520618,CW345834
CW1290835,CW477322
BN334449,BN160575
CW1295092,CW592486
AS46572,AK49549
BY633732,BY633732
CW217128,CW285437
BL427235,BL427235
BE116626,BE56238
BA18420,BA18420
CA98893,CA98893
BR209429,BR209429
EH797014,EH797014
AL159990,AL159990
AL45094,AL58090
CW75547,CW11926
EP67495,EP67495
CW196399,CW369856
CW915935,CW641260
BY438770,BY25140
BN367629,CW382165
CL37029,CP8434
BL405774,BL405774
AA127479,AA126425
DE148306,DE128324
DB195159,DB194636
EA29690,DB282578
AL330695,AL330695
CY28721,CW308937
CW1046138,CW1046138
DB272043,DB272043
EH917487,EH917487
EH871471,EH210062
AA85511,BY236477
EH896108,AX56728
BM47204,BM66604
DL177850,DL177850
CW1016185,CW1211478
BN22593,DE285978
DD125812,DH65328
DE191722,DE187991
EH1042126,EH1042126
BE90659,BE80720
CW238574,CW1198938
CC50203,CJ106985
AL296981,AL296981
EM34413,EM28209
EN33672,DE180477
AM34608,AM34606
CW1114879,CW1114879
AX29208,DE96481
BY27909,BY271044
BY440564,BY104971
AM83418,AM83418
BH6881,BH59731
AT15396,EJ14345
CW146508,CW238188
BN292189,BN292189
EH1027695,EH1027695
BY390551,AN105670
BN238006,BN127556
AL233239,AL332449
BH105955,AN104580
BE235220,BE328804
BR198220,BR198220
AL152757,AL103378
BR38420,CX15098
CW873037,CW873037
CZ43620,CZ43620
CW241382,CW333895
CW155755,CW159857
AA100490,EH162789
AW174059,AW174059
BE282210,BE230966
DE84469,DE84469
BH141586,BH141586
AN51657,AN73446
BR116275,EL57854
DE98691,DE132606
BY121630,BY154106
CW989348,CW989348
CW547671,CW445299
CW365597,CW59846
DL232990,DL232990
BH91007,BK34224
BL166293,BL166293
EH424147,EH325638
CJ143130,CJ143130
EH359007,EN24926
AN65266,AN33846
BL204602,BL154963
CW990481,CW1070964
BY35570,BY172484
DL244553,DL244553
DB107669,CW333895
CW1116723,CW295865
BN232483,BN232483
EH783769,EH783769
CW667766,CW617893
CA94176,CA94176
CW125787,CW125787
DB108918,DB65752
CP37155,DD38148
EH1004493,EH1004493
AL221142,BE456245
CW1252938,BH77617
EH400569,EH400569
EP87020,EH908377
BR196115,BR196115
CW144814,CW162080
BY531505,EP22439
CW948501,CW948501
DB305625,DB305625
CW159779,CW346593
CW595926,CW595926
EH1121166,EH1121166
CW1184634,DT90952
BN328735,BN319950
BL500911,BL500911
EH732787,EH227868
BD94117,EH520302
BL131339,BL131339
EH815754,EH952483
BY544864,EF104496
BL391927,BL260427
CZ85106,CZ85106
CW678105,BP17059
CW1148515,CW905652
EH366762,BN117497
CW253491,CW342821
BB42501,CS16921
CW966697,CW1190210
DB189665,DB189665
CW811741,CW808379
BH177296,BH177296
CW1029872,CW287954
DE305432,DE305432
BR40583,BR49721
DR89529,DR89529
BM59835,BM59835
CW742927,CW742927
EH465617,EH465617
AL255911,EL78297
CW584514,CW160924
AP91039,AP91039
CW1240129,CW1356901
DB241547,DB203884
DB261984,DB131166
DB212538,DB212538
BH91007,BH23912
CW482765,CW1070964
EH75452,EH872000
AM96385,EH840811
CW552783,CW792887
DE184902,DE20145
DB190100,CW1339407
CW237279,CW214891
EH689495,EH689495
BE221721,EH422695
BY508763,BY372319
BY598446,BY588833
AJ21299,DE182759
DE274101,DE274101
CW743448,CW743448
DR28847,DR28218
BD73741,DA19828
AL174539,AL104536
AA10847,AA154694
AG43399,CP35704
BP6528,BP56380
CA83553,EH451174
BN419978,BN277678
DE186325,BN286008
BD108596,BD108596
DM32822,DM32822
CW774478,CW619902
BE445845,BE401093
CW865948,CW865948
BY608659,BY762249
CW975935,CW1175091
CW348223,DR14640
AN33133,AD13695
CW1123564,CW1123564
AS91738,BL42901
AW206991,CM29334
EH1133359,EH1133359
BY261688,BY270324
BN279847,BN279735
CW962540,CW680084
CW1041495,CW1039769
DE281063,DE281063
CW350618,CW298897
CG114479,DL90516
EH851862,EH851862
BE39236,BE4629
EH542373,EH252692
CJ144325,CJ144325
DE300420,DE300420
AN141015,EH711492
AP52171,BB60061
BN553104,DL96397
AL317088,AL317088
BY263547,BY252749
BY466363,DE230503
CW889976,CW889976
CW610619,CW533426
CW124999,CW135674
CL20467,CL20467
CW842065,CW455643
BL404154,BL404154
DL197010,DL197010
CW1128021,CW1128021
BE283758,BE131386
BL319660,AR9386
BY336242,BY468849
DE242951,EH754089
EK9669,DD63766
CT45437,EF56403
DR118708,CW549808
CW738086,CW566502
BR148516,BR197703
CW178965,CW356907
CW1117260,CW1342441
CW476070,CW776603
AW62811,EH680131
EH639648,EH440881
DD103568,DD170955
CW379893,CW328451
CW884132,CW590935
DE266601,DE266601
DT117670,DT117670
DS60110,DS102413
BE221721,BE94031
BR176895,BR175471
BB56382,BB56382
EH108893,EH399059
BY658337,BY658337
BL192294,BL78432
AK81134,AK81134
ES14361,CW399851
DA125454,DA125454
AS58001,BL290404
BY449061,BY449061
CT41991,CT41991
BY80789,BY274309
EL52190,EL52190
CW655811,CW1179660
BY372955,BY681907
DB241469,DB241469
CW879652,CW924848
BL434796,BL434796
BK43621,CE42218
EP56102,EP68703
CW678873,CW891410
EH109708,EH109708
BR64081,BY252749
CG48865,CG173862
DB135637,AS86973
BL338384,BL338384
BD101774,BD101774
DB116579,BH54180
CF5335,BE63985
CW202580,EH175265
CW181265,DD65841
EH700457,EH700457
BN28699,BN93912
BL391927,BL193636
AW88244,AW50084
DN105678,BY159609
DN107083,EH551191
CW966697,CW967907
DT79339,CW203527
CW415946,CW305757
CW1184634,CW475302
AN39705,AN83746
EG42335,EG41569
BN205782,BN522616
EH974785,EH974785
CP42246,CP42246
DE237942,DE114868
BP59512,BP59512
CW146946,CW91581
AN96874,AN96874
EH610347,EH563874
DH57404,CM29334
CL45979,CL45979
BD16570,AA65656
DY37056,DY37056
AY3193,AS13811
CW651362,CW339846
CW441751,CW1179660
CW981122,CW974217
EH118075,CW1179660
BN278581,BN192524
DE218793,DE218793
CW473783,CW741581
CW1199425,CW670726
CW872257,CW305757
EL60478,EL60478
AL79651,AL125222
CW496622,CW989845
CZ40873,BN232911
DB318175,DB229609
CW1094724,CW753122
EF161098,EF161098
CG99597,EP71701
CJ156484,CJ156484
AA142383,AA112621
BY106808,BY441616
CJ139802,CJ139802
EH579944,EH393191
BL195478,BL146024
CW1317807,CW1349425
CW513997,CW591823
EF136880,EF136880
EH867735,EH1095415
DE108309,DE71904
BY352407,BY417024
CC64369,CC135956
DB58817,AP17480
BR174349,BR174349
CW471377,CW159816
BE363427,BE363427
EH205528,AN72661
CW553309,CW553309
BR210409,BR210409
EM18070,EM40741
EH500659,BL59971
CW1052942,EF181642
CW489957,AT16359
CW349246,CW864714
DH57404,EH235064
CW327162,CW237795
CA20527,EH742520
CW54280,CW54244
CW1333603,CW1333603
CJ146238,CJ34289
BJ30139,BJ46873
DE112608,AW46743
CW1195209,CW1210527
DE265680,CW381870
DB201045,DB256365
CW1127126,CW821331
CW571198,CW1355868
BN553104,BE94031
CW242513,CW214891
CW1007155,CW443994
BL477720,BL308875
BL365418,BL365418
BL479462,BL479462
BN38349,BN185146
AL212539,AL212539
EH992358,CJ163090
BN472925,AY31154
AA19580,BL73255
BL379358,BL379358
CW724721,EL47655
BY492361,BL506290
BY478576,BY324308
DD33115,DD10244
DA46517,CW1221407
CW690386,CW345834
BN57509,BN29796
BE379130,BE379130
CW841231,CW1281572
CW433828,CW135674
DE90887,DE90887
CW865608,CW1005476
CW898636,CW525420
CL28406,EH1026964
EF111460,EF24275
DD8501,DD76310
CW1085476,CW1085476
AW193322,AW141768
EH1168871,EH1168871
CW785233,CW785233
EH1021710,EH1021710
DK9561,CN28170
DD29430,DD5172
DL175090,DL175090
BR178555,BR178555
EP106742,EP106742
BR230860,BR231127
DT99873,EH419118
CW737021,CW948247
BY239319,AW4998
DE126868,DE86180
CW611565,CW790746
EH1064809,EH1064809
CW609805,CW139500
AL104118,AL104118
DE256082,DE256082
ES14361,BY439540
AK33163,BH106753
CW861243,CW321956
AX73892,CW178586
DA19470,DA66741
CW655811,CW1221407
CA86735,BZ72906
CA127947,CA127947
BY419232,BY335976
BP40278,BP40278
DT72429,DT58236
EH247088,EH486537
BL168036,BL207365
EH311419,EH311419
EL63321,EL65272
CW804697,CW816743
DE296421,DE296421
CW857181,CW857181
AN184073,AN184073
BN36399,BN27120
CC121277,EH849205
BY149469,BY141525
CN54005,BB70173
DE299117,DE299117
EH791723,EH791723
EH815527,EH496984
DD163588,DD163588
EH712912,EH712912
EH584686,EH547792
DL258264,DL258264
DZ55471,DZ56159
CN24112,CN52264
EH348199,EH254314
BR125508,BR125508
EP84671,BN496463
EM109215,DD159242
BH117156,BH117156
AL224405,AL224405
CW1003802,CW272204
CW853961,CW161516
BN249273,DL107049
EB38685,DE230503
CW1069894,CW458480
CW45515,CW529217
AP57345,CW877167
DL244011,DL244011
BL316545,AN84466
AL161804,AL161804
BE390207,BE390207
BL392695,DD151871
DH27004,BD54668
AW114420,AW114420
BN538308,BN440692
DE70767,BL333387
CW296611,CW37820
CW290807,CW147715
CW301724,CW454648
EH926835,EH926835
BL249572,BL249572
EL66206,EL66206
CW282816,CW397038
BW35837,AW163949
AA180246,AA180246
EH742867,EH742867
EB62421,DE253314
EH221607,DD55275
CW959682,CW630008
EH868099,DB143567
EB68620,EB20941
DS119058,DS119058
CW1013276,CW1037349
AL270664,AL270664
CW802308,CW548260
BN180508,BN38209
EH450111,EH450111
DL252655,DL252655
BY373155,BY373155
EH301358,EH69952
CW141173,CW117454
EH307426,EH69778
CW220636,CW544268
EH987570,EH987570
CB74717,CB74717
AK3351,CW1045283
EH317762,AN210325
CC135769,CC135769
DB294442,DB294442
AW161867,DN58048
EH752482,AJ21547
BL500523,BL500523
EH704163,EH354506
DD100551,DD100551
BE244428,AD17974
EH319459,EH319459
CW197447,CW1318155
CW333064,CW159816
BY553283,BY553283
CW116551,CW218873
DE257740,DE257740
CW848684,CW680038
CW768667,CW807969
ES22577,EH208233
CW529112,CW399703
DE277653,DE277653
CW650598,CW1021110
DB28440,DB193188
CW816555,CW816555
DB30029,DB161312
EG14083,EH435141
CB74840,BN525854
AM90814,AM90814
CW640429,CW482753
AM90971,AM90971
BN91418,BN120172
CN83269,CN83269
CW676224,CW1339357
DZ52607,EH742520
BP62854,AN96190
CG167205,CG167205
EH1224954,CE42218
BP60885,BP60885
CW196707,CW237795
CW1157832,CW1345011
EH377317,EH270050
AN65163,AN129569
EH273646,EH203641
CW210766,BB46755
DA73458,DL115464
CW701803,CW1084335
AN195996,AN235597
CW756804,CW99536
AL237017,AL49588
EF134195,EH1298769
BN11405,BC27202
DB154873,DB154873
BB38817,BE179755
CW1279633,CW658032
CW442739,CW442739
CW1157366,CW267683
BY380779,BY380779
BN444314,BN444314
AB38092,CG47281
BD86740,AX29272
BY520708,BY335393
CW265302,CW489212
BE28218,BL91178
EH270584,BL138984
EH108893,DJ15318
DN101672,DN101672
CW466801,CW497822
CW258696,CW258696
EF187684,EF187684
CW1012817,CW1012817
DE188219,DE73081
CW679563,CW679563
CW390262,CW206093
EH632963,EH632963
CW1013732,CW1118996
CW957015,CW822693
CW308146,CW159816
EH793193,EH1101341
CW971380,CW50586
CW754315,CW735322
CW296380,CW695911
AN154069,AN133230
EF185968,EF185968
EH554622,CW339613
CP41273,EN78292
DP42763,EA37018
CW214609,CW117402
CW1039372,CW1111504
EH169287,EH328371
BY572367,BY572367
AS53014,EH620323
EH341719,EH220994
AE14341,BR189176
CW1131054,CW431482
CW739921,CW361017
CA56335,CA56335
DL195855,DL196444
CW1002224,CW1002224
CW329183,CW329183
BD84221,BD35402
CW1110763,CW789395
CW96905,CW44129
BN476242,BN313495
EH1130870,EH1130870
DE277557,DE277557
CW878123,CW878123
AW179129,AW179129
EH559322,EH570416
BL208403,BL208403
CW678105,CW678105
EH793193,BY414742
BE109701,BE79253
BL78784,CW105783
BY305366,BY119586
DB145810,DB145810
CW462293,CW341684
CW1113804,CW1034171
CW159779,CW115891
BL171232,DE92770
CW197822,CW1250521
CW448408,CW545409
CW850448,CW438628
CW671733,CW525089
BE129393,BE123184
BK40685,BK40685
EF177215,EF177215
CW796104,CW1184652
AS58001,CB93093
BN551362,BN153881
AK145269,AK117395
CW1137430,CW983893
DD196348,DD41314
CL63446,CL63446
AN79677,AN79677
CW363153,CW750971
AL112691,EH906576
EH977702,EH977702
DE289910,DL263392
EG41205,CG47281
BY476111,BY476111
EH903854,EH903854
CW464545,CW283829
DL241298,BL402384
CG153966,CG85898
BD129954,BD129954
EH835006,EH835006
BN11239,BN119348
CW571660,AN53577
DE241577,BF28163
AN199887,AN199887
AD28089,AD28089
DS106840,DS106840
BE404775,BE404775
CW514435,CW710490
DL169523,DL173404
DB190471,DB146770
CW797568,CW797568
CW446183,CW405759
BY52157,BY225660
CW83196,CW658382
EM32351,EM41425
CA70051,BL268211
EH830119,EH830119
DD84577,DD96940
AM53014,DE132606
BL195204,BL196388
EH877882,EH877882
AB24719,DW44877
CW901893,CW172856
CW630476,CW630476
EH689161,AA158488
EH712102,DZ32232
CR21527,CR21527
DZ52607,CE55136
CW65890,CW179424
DD201224,DD201224
BF9740,BF15960
BL341159,CW376557
EH1110791,EH940048
CW660381,CW15004
EH899429,EH221365
BN444043,BN444043
DE70649,DE123604
DA119930,DA119930
BD93081,BD113391
CW368369,CW252094
CW1086676,CW95593
DL149511,AA66044
EH284895,EH224964
BE311957,BE272358
EH942922,EH334504
EH89494,EH28239
CA26272,DP17584
BE128889,BE137933
BN136327,BN312373
AX56728,AX56728
DE290296,DE290296
EH564863,BN255855
BL405470,BL405470
CW233643,CW364521
BN326017,EH325638
BX14118,AW70420
CJ32494,BN241676
EH1068349,EH1068349
BP17826,BP44881
DZ45735,DZ57378
BH98926,BH107520
DL138616,CC34295
BM70817,CW1099568
AJ23860,AA67648
EL88449,BL513884
BN239616,EH165941
BN102043,BN102043
EP85092,EP85092
CA44060,AG41659
CW501542,CW664560
EH787477,DL199697
DB216250,DB269088
EH830492,EH830492
CB51216,CB51216
EL53500,EL39734
AK120616,AK120616
DB28486,DB6096
AS75983,AS75983
CW893134,CW935564
CR25916,CR25916
DB172885,DB82652
CW893134,CW632661
BN540754,DL115464
BL8987,BL8985
CW691693,CW307668
CW941490,DG29583
CG98878,CG98878
BD20027,BD63721
BN20910,BN13551
BN453135,BN453135
CG46309,CG193749
EH941807,EH918646
CW912209,CW912209
CW307237,CW144435
CW237014,CW65013
BE414320,BE143413
CW267378,CW186614
AL163180,AL243968
CW1131562,CW880890
EH695055,EH703403
EH604600,EH604600
CW354776,CW83752
CW665621,CW79797
BF27959,BB69212
BL295115,BL295115
CW1153097,CW442427
BJ37967,BJ29186
CR10619,AA142393
CW415946,CW482753
DR16331,AW161373
EH337111,EH565405
DB142860,BY409682
CW244420,CW591788
CW835804,CW835804
CW1109527,CW179999
DB189034,DB302196
DN88495,BH132340
DD194248,DD216047
EH765195,EH765195
EH748809,EH748809
BL15661,BL15661
EH1027732,EH868767
DL180146,DL180146
AL169362,AL177262
BN183922,BN125893
BN175132,BN98954
EH737310,EH737310
AW206991,EH162789
BN150158,BN82201
CW1170108,CW1170108
CW612704,CW1349302
CW231106,CW167965
CW331778,CW990080
BY487390,BY487390
CW887190,CW664560
BN432591,BN432591
AJ23860,EH175265
CA46064,CA34611
AL316649,BW54008
DA96719,DA96719
CW327867,CW457347
CW236756,CW313678
BR141538,BR190828
BW60586,BW60586
EH1072362,EH1072362
CW503630,CW633468
CW1143489,CW1343698
CW111934,CW370471
DB212794,AW101677
CW1365817,BL279675
AK119937,AK119937
CW778665,CW1159758
CA109137,CA109137
BN22593,DB29722
CW1317807,BP63663
BN296362,BN87542
CW1197518,CW1197518
EN39474,BR60230
BN49343,BN47276
EH802687,EH802687
BY417019,BY155790
DE199095,DE273348
DN129793,BL408332
AL197078,AL80902
CW328014,CW707703
AW168843,EM114103
EH883513,EH1303022
EF34240,AP8782
BD31478,EA13601
CW512186,CW581381
CW861035,CW860786
BL65211,DK16911
CW717427,CW368384
EH659558,EH33507
BK15648,BK24105
CW227566,CW1035476
AX50255,AX50255
BW16752,DL88524
BC42487,BC42487
AL267585,BA6048
CW544650,CW495441
DE307249,DE313119
CW691099,CW926839
CC67479,CG172921
CA73341,CW972453
CW970511,CW319440
EH377426,EH201335
EH5882,EH473154
EH301087,EH301087
BY166816,BY267391
EH341763,EH242077
AL295636,ER34345
BL193773,BL193636
EL68216,EL68216
CW435534,AE27208
DN143628,AC16498
CW356837,CW365806
DS33420,BD30890
BR173909,BR173909
DN120197,DN120197
CW430185,CW237147
AK97282,AM88686
DE204054,DE250514
EG41205,DL259835
EH480320,EH480320
EH984440,EH984440
BY424541,BY240407
BY344981,DL163823
BL495097,BL495097
EH929505,EH627172
AW166575,AP35970
CW1188932,CW1116007
BN229359,CZ33909
CW544650,AB45155
EH696653,EH696653
EG2073,EG33126
DB183313,AP13528
BE206178,BE50062
AT21447,DE90625
AS26227,CW600646
BN359505,BN359505
CW163592,AP15995
DE235329,DE222551
BN186220,BN75500
BY367719,BY422070
CW569118,CW110184
BL387633,BL387633
EF200825,EF165304
DB254010,DB234423
BB61575,BB19458
BE361171,BE361171
CW947147,CW541102
BY146289,EH292497
DB250034,DB250034
BE389831,BE389831
BB39506,BB87359
EB41151,EB71495
AA162509,AA162509
BW40062,BW40062
BY581477,BY593989
EL88144,EL88144
EH118075,EH162789
BY141697,AS3101
DT56915,EN59092
CW585778,CW320329
CW254978,CW837938
EH334390,EH334390
BE229097,BE229097
BN128410,BN203722
EH771382,EH771382
CW62295,CW214697
EH883140,DA126719
CW890098,EH422695
CG140130,CG101354
AL185428,BE189738
DE177691,CJ136848
CW571660,CW381402
EH496026,DE86180
EH287024,DT39838
DB52683,EK5590
AL38403,AL12381
BN187029,BN137589
AA131472,AA131472
BE178075,BE141775
DB155269,DB155269
DB168248,DB320354
DB297473,DB297473
DL99153,EH274084
BL390003,BL390003
BE266490,BE263858
BN230208,CJ77266
CW991790,EH130659
BY388321,BY388321
CW345715,CW216625
DA73458,DB139313
BL127802,EH840811
BE38615,BE12739
CW306268,CW891410
CW493167,DL67396
EH266451,CW973104
CW66436,AM7048
BR192333,DW73066
BL74010,CB2169
EH63097,EH39984
CW530099,CW1322359
BN329253,BY252749
EH104629,EH311850
BL339063,DT162765
EH636114,EH906576
BD90509,BD90509
BR106484,CW348355
EH836246,EH252692
BR226279,AX20906
BN375558,BN375558
EH989804,EH989804
CC37058,CC37624
CW1294508,CW1374920
EH1203715,EH1203715
EH806481,EH806481
BD20675,DB45928
BY537833,BY529724
EH558315,EH558315
BZ61075,BZ52145
EH1214485,EH440270
CW980587,CW980587
AD27860,AD27860
BR113552,BR113552
BZ7409,DE180775
EJ11790,AN72661
BE334914,BE202211
CC121190,CC160300
DA41003,BF2955
AL221142,AL136116
CW1155120,CW891936
BN549366,BN547800
CW120086,CW142088
EN64156,EN64156
EH654283,EH654283
EH975582,EH975582
CD26088,CD26088
BY102364,BY414660
BB94574,BB79045
CM52307,CW552002
AB18898,AW117447
CW1051737,DA31324
BN154410,BN240157
BN80156,BN133433
BL441003,EH224964
BH128427,BH128427
EM73993,EM73993
CW772166,CW772166
BY305876,BN144841
CP39352,CP52034
CJ118250,CJ201232
AN2301,DT3028
CW433828,CW269277
DB38982,DB71414
BL147369,BN35955
BN98209,DX2808
AA41092,AA40218
EH834641,EH834641
AL253198,BE84876
BE358629,BE151626
CW800976,CW1034747
EH1019350,EH1019350
AW114420,AW65252
CW496622,CW579723
CW1076229,CW398198
CW99211,CW313678
CW983433,CW983433
CG42944,CN22974
BA7586,CC73377
AN205790,EH3473
CW707492,CW118997
BZ49649,BZ49649
EH1138041,EH677278
BY591032,BY638553
DE249049,BH153955
DB207084,DH44483
BY26637,BY141307
BW57542,BW57542
DT9413,DT51721
CA102058,CA102058
DB78682,DB90458
EH374216,DZ44614
DB143527,DB131166
CW1137873,CW44864
BN252901,BN277256
BM16175,AM51356
EH670248,BL429955
AP37885,CW564577
EK9009,EK6298
DB294885,DB294885
DL281523,DL281523
CW781470,CW600313
BY625724,BY716356
CG37556,CG70140
CW880458,CW1118354
CW1184243,CW135674
CW660381,CW341790
CW353749,CW89303
DS86463,BH34089
EH225929,EH180326
AN162407,CW475985
DS73864,DA118426
DS120713,BH182395
DL128362,CL36272
BL380405,BL380405
CW679631,CW679631
BD8052,BD8052
EH1104626,DN89549
CW167717,CW224000
CW286417,CW409676
DB153750,DB153750
CW1101841,CW517395
EH976723,EH976723
DW36183,DW36183
BZ38218,BZ38218
CW493167,CM29334
AL173340,AL173340
CW146508,CW43075
EH1060843,EH389255
CW900275,CW633468
CW313545,CW676760
BE252183,BE252183
BR167960,BR167960
BY145619,BY530789
AS60350,AS60350
BW43526,BW43526
BY409456,BY526022
DE218231,DD130523
CW238791,CW632661
EF167743,EF167743
CG185719,CG185719
AL199766,AL300857
BL47278,BL48682
CW808379,CW808379
EH614566,EH478013
CW662706,CW481497
CW508134,CW1010708
BN162578,BN108040
CW144389,CW185243
EH840564,EH750312
CW1190176,CW103313
CJ106945,DH59378
CW112430,CW353158
BE311547,BE311547
BS10775,BS10775
AJ22138,AJ22138
EH538825,CC74568
CW612963,CW654896
AL273039,AL273039
BP37937,BP37937
CC91555,CC91555
CW548879,CW222437
DN135462,AW126181
AS39562,CW70149
CN88042,CN88042
CW602427,CW411703
BY624471,BY624471
DR127003,DR127003
BL171232,EH158219
CW893134,CW478608
DE210351,DE161736
EH1003956,EH1056000
BL306890,BL306890
EH263329,EH116754
CL41719,CL41719
DA55208,DA42837
CW482554,CW164766
BR206832,BL456163
EH77764,CW310019
BY371350,BY406043
DL249104,DL249104
DS30721,DB92863
DG61888,DG61888
EH427491,EH427491
CW445713,CW186258
DH24856,AW93690
CW641753,CW795339
EH96921,EH645293
EN74079,DB86180
BN29038,BN304534
BY186201,BY509383
BY390551,BY446180
DD164420,DD216047
AW122741,CE42158
BY419247,BY186622
BL385304,CW399847
CW265898,CW252055
EF31052,EF14991
EH991430,EH991430
DE193611,DE81555
DB232688,DB113654
EH362398,EH895522
BY248504,BY248504
BD70408,DS51118
CW508134,BP52837
CG114789,CG114789
BL414005,BL414005
BE153641,BE32449
BE322138,BE322138
CD20907,CD20907
BL389742,BL389742
EH1138041,CS25808
BR143779,CH59695
DL76337,CB20244
CZ90414,CZ90414
BL500252,BL500252
DE256026,DE256026
EP101078,EP101078
CW862372,CW879595
CZ69426,CZ69426
CA20527,BE94031
CW483777,CW169867
BY495669,BY495669
BN361632,BR81884
BY521834,BY521834
EH868099,AY27814
CW424927,CW1051788
CW220403,CW332067
BL522897,BL354907
CW658272,CW1340987
EH1047983,EH1005375
EH115282,EH115282
EB58470,DN116516
BS12568,BN293352
EH682296,EH682296
CW767278,CW517524
EH811765,EH181659
AL170140,AL225700
CW991687,CW54958
EH302003,EH817654
CW426900,CW446277
DN111966,DN111966
EH850029,EH850029
CW507962,CW774458
CW84546,CW1045283
BY543033,BY543033
AX44381,AX44381
BR164867,BR164867
CC19060,CC135629
EP84671,BL408332
BY53878,BY238525
AW189506,EL78297
BY86494,BY505213
EH51040,EH287731
AL216204,AL216204
BE369695,BE369695
BR180025,BA13352
EH317166,EH317166
DL214034,DL214034
CW989215,EH843869
EH1007934,EH1007934
CW982742,CW982742
BE245760,BE245760
CW968858,CW968858
DB257637,DB257637
DD100334,DE153059
BL463489,BL463489
EH249744,EH509659
CW1279633,CW425099
BR137190,BR50095
AS41262,BG9063
CW893925,CW434876
AS89893,AS89893
DG42562,DG42562
CW540485,CW525806
DE195178,DE178122
CW338521,CW51095
EH1057217,DS52726
EH483894,EH483894
CW254978,CW286660
CW579240,CW579240
AK109695,BL417354
CW1195209,CW513450
BR196901,EH990103
ES23175,BN411017
EH746708,EH746708
EH770149,EH816447
BK41053,BK49997
DN107458,DC10576
BN433976,BL394161
CA20527,AX29272
DL239695,DL239695
EF84446,EF32859
EF78228,AL190305
BY332170,BY242825
CW755382,CW570343
BK15083,CM12522
DZ50655,EH448558
CW654080,CW912993
CW64789,CW478355
DB38741,DB86343
EH293940,EH520302
AN14568,AN21986
BN97015,BN260641
EH504488,DE212670
EH402609,EH320720
CW122475,CW935695
CW1169727,CW1169727
DY15692,DY23813
CW1057073,CW886034
AW114420,AW79240
ER12495,BY167177
CW334015,CW468532
CW96147,CW159724
EL85646,EL85646
EB26687,BY430794
CW884962,CW1082771
EH976253,EH976253
BG44546,BG44546
DS109014,DS109014
EH1092555,EH1092555
DE180011,CP12169
EH95109,EH515183
EH31619,DR41623
BE79571,BE117941
CX12069,CX19035
CW828230,CW827547
BE327235,BE327235
BY121630,BY451601
DL147856,DL147856
BN387990,BN377727
DL188263,DB75029
AN114590,AN114590
BE119319,BE119319
CW243834,CW799659
DE86067,DE183536
CW140489,CW55789
AN40014,BL171541
CN56177,CN56177
BE301447,BE301447
BE58136,BE24905
CW219926,EH1235532
ES14361,BN234657
EF134195,EF134195
DA89692,BD77965
CW936813,CW568131
CW991687,CW115288
EH1036250,EH979324
EL66246,EL66246
CW774478,CW985828
CW346604,CW693010
BE160084,BE87025
BY305935,BY305935
BR124940,BD91797
CJ117008,EF118714
EH855811,CE42218
DX40058,DX40058
CL29198,DE169243
CH41347,CY31890
EH560845,EH170882
CW144155,CW582494
BY535818,DE26736
EH1213623,EH785153
CW311401,CW265588
BN219288,BN196252
EH373653,EH304138
DR43480,DR69477
BG22738,BL279675
AS97078,AS97078
BE121390,BE42138
CG187003,CG106828
CW159779,CW167965
CM33052,CJ51875
DB38325,DB149340
AA163840,AA164250
EH149209,AL190305
CW985722,CW60504
CW330373,CW935564
CW238791,CW935564
DS116311,CW1041772
CW268678,CW1327461
AF14323,CC78989
CW202500,CW358512
CW650542,CW508238
CW435750,AL57601
DB184224,DB193188
DT147515,DT147515
EH115167,EH104202
CJ133622,CJ133622
EH144921,EH335767
BL47598,BL148638
CW618197,CW608564
AN71120,AN71120
CW1117260,CW789525
AL197078,AL164186
CJ166485,CJ166485
BH69968,BH109372
EG32151,CB42727
DB58817,DB226005
EF158892,EF158892
BY142625,CH21650
EH1164148,EH1164148
BY635618,BY635618
EH243040,EH639958
DZ10608,DZ34250
EH165860,DH20592
AK163106,AK163106
DB253821,DB253821
DN76031,DN76031
EH115074,EH288788
BL411505,BL411505
CW50108,CW29214
CB46893,BD16490
CW392938,CW1202767
DB216438,DB113599
BL300763,BL300763
CW441751,CW199905
CW945523,CW860496
AK142655,AK142655
AS59443,AS59443
CW543857,CW848108
CW1224677,CW1132125
DE226799,DE226799
EP9236,EP9236
DB168267,DB295777
DN88495,CL34430
CW528552,CW391819
CW161294,CW369856
EH286757,BP22367
CW1252938,CW182032
CS33223,CS33223
EH243937,EH243937
DA53951,CE20802
EB52272,EB52272
EH1271702,EH1271702
DL206360,DL206360
AW200139,AW200139
EF182732,DX61085
BE254224,BE119012
EF176263,EF176263
EP92569,EP92569
AL55799,AL160105
ES22023,CR23775
DN16747,DN15433
AM65051,CP28689
CN54005,AL300350
CW140489,CW425099
EH938437,EH938437
AL43236,BK34224
DD129197,DD129197
DZ47496,DZ44232
CW170700,CC135745
AX5446,EH583605
CD26476,CD26476
EF173576,EF173576
CW692538,BR125381
EF2337,AL41879
AW118528,AW118528
DE73060,DE242276
BM55742,BM55742
EF73537,EF49294
EH802842,EH802842
DR34616,DR31500
BR182909,BR182909
CE56816,CE56816
EH1127359,EH1127359
CW54362,CW290373
AS58259,AS58259
CW720253,CW1084335
DT125858,DT125858
BY375988,BY375988
AL203465,AL142526
BY170801,BY27780
CW1098151,CW322414
CW373692,CW519003
EH783044,EH788862
CW124199,CW757835
CW330373,CW632661
BY373735,AW219417
DB192689,DB124606
CW828820,CW1315664
DB200825,DB291041
AN96425,CN62966
BY341603,BY341603
BY331700,DE165762
CW597129,AN112601
EH972530,EH972530
CW1243900,CW732441
BL380465,BL380465
DB169343,AW145864
BL406200,BL406200
CW340405,CW408417
EG56375,DT154223
DT177087,CW937025
AL41431,AL24387
AL177069,AL177069
EM108773,EM108773
EB32501,BL197226
EP26043,BG14949
BL306946,BL306946
DE190687,DE232249
EH692922,EP73553
EH386964,BY404739
EH354732,EH146914
BY150839,BY2869
DL262576,DL262576
BN287328,BN287328
CC12425,CC32270
CW900520,CW345789
DA70322,DA70322
CX22585,CX22585
EH646057,EH646057
CW455295,CW280655
BH111489,BH111489
AL210994,AL153078
BL111294,BL187670
CW983778,CW280009
AP61717,CN81191
BH116801,BH103344
CW1206970,CW1206970
EF119464,CT16743
CW1235656,CW817551
BY418590,BY279659
BL104908,BL78484
BK26565,CM5331
DE304983,DE304983
EH956532,EH956532
EH659474,EH402295
BR146322,BR141247
BP61231,BP61231
EL77669,EL77669
BB58275,BB16220
CE58927,CE58927
BY561019,BY561019
EH874689,EH874689
CP26782,CL34430
CW912070,CW1193563
EH105132,BN439990
DD159068,CW985828
EH365156,EH986891
BE345874,BE345874
EH1283774,EH1283774
BL373610,BL356979
EH196091,EH196091
CW110267,CW70216
CW938930,CW1083643
DT113568,DN22147
DH51808,DK40823
CW259302,CW465492
BD60421,BB45367
AA166595,AA166595
CW758080,CW50173
CW1225017,CW399512
DX47550,DW36816
BB14745,BB26666
DL244025,DL236262
CM71057,CM71057
CW1155120,CW848645
DE222509,DE222509
BY421365,BY402337
EP30787,DP23318
EM78045,EM78045
EH591891,EH591891
DE260082,DE260082
DL273868,DL273868
EA35409,DS87943
CW265302,CW224000
DL224505,DL224505
EH286604,EH623160
DB120015,DB92863
DE300585,DE300585
DR130304,BR244273
CW1157606,CW1185484
EL73289,EL73289
CW696159,CW696159
ED48034,ED48034
BE133634,BE80720
CW761910,CW475302
EH289965,EH235668
CW866110,CW305719
BL439464,BL439464
CW621757,AM52466
CW1157217,CW458463
CJ109607,CJ109607
EH905393,BL211265
BR86440,BR181894
EH408476,EH886131
CW571660,CW247128
CW653736,CW876676
BR206468,BR206468
AA14759,AA33871
DE279208,DE279208
BY424541,BY391794
CW186801,CW1326163
EL20729,AL77201
DB273055,DB192908
CW1021824,CW342968
CW884748,CW920205
DL185922,AL80454
DR4885,DR151960
BE96315,BE63027
AW86291,AW42264
BY706035,BY706035
EG26481,EH433435
BY573548,BY573548
BY411064,BY458463
EH263027,CJ38068
BL488302,BL488302
CW355346,CW176007
BN4838,BN73956
EH692922,EH1219170
DP23787,CW1024469
DL195724,DL195724
EH523354,EH523354
AS58001,EM91954
CW697478,CW110953
DD137553,DD137553
DR117141,DR117141
BN456526,CC68043
DB234434,BR176790
CW416529,CW319607
CW892340,CW774246
DE250706,DE250706
CW610619,CW1198938
DN134566,DA13749
BN424950,BN125441
CE58723,CE58723
CJ142021,EF104496
DD158343,DD110306
DZ10356,BL193636
EH1097895,EH1097895
CW1118511,CW808379
CW96227,CW366411
AL112260,AL137411
CJ98047,CA2836
DB107669,BE63985
AS91579,AS91579
AA141665,AA90534
DT121785,DT121785
CW269738,CW244233
BY642232,BY642232
EH249744,EH210062
EH1217125,EH1217125
DZ33923,BR53593
DL231404,DL205783
EM83687,EM83687
DG52783,DG7201
CW861035,CW464254
CW223620,CW467565
CZ112199,CZ112199
BY668153,BY668153
DE196663,DE184255
CA114151,CA114151
CW924778,CW546241
CW1139491,CW921003
DL277795,DL277795
BH153148,BH153148
DA79046,BE217424
AP20243,EP21755
CW804119,CW1254798
DS105744,DE280373
AL91253,AL91253
EH95813,DE69663
BY511962,BY511962
AX56940,AX59601
BN295747,BN4690
BE189983,BE242683
CG161407,CG148555
CW711115,CW279267
CN62816,CG57618
BE288954,BE252183
CW1138028,CG194866
AL133197,AL133197
AX76258,AX76258
EH630140,EH630140
CB57831,CB57831
DE311342,DE311342
EH805548,CW1190210
CW797948,CW399851
AC14053,AC14053
BY677007,BY677007
EH891838,EH891838
EH39479,BY178239
CW268678,CW244249
CW197253,CW159724
EM95440,EM95440
BE236735,BE236735
AA176100,EL85156
EH277362,CA2884
CW447323,CW322672
EL85048,CG155029
DE65830,DE60987
CW1134570,EH206074
AW214748,AW214748
EN45331,EH478597
CW206657,CW103971
DE313869,DE313869
AW193298,AW193298
CW689118,CW432468
BN254853,BN376349
CB59024,AL329165
CW122110,CW331967
BE326671,BE326671
CW56478,CW171739
BW16151,DL78296
CW393728,CW530296
CW903740,CW691625
EH418323,EH612987
CJ20833,AN162718
BY78618,BY10656
BR13625,CJ109498
AL218222,AL218222
CT44359,CT49809
BD94198,CL34430
DN142198,DN142198
BY144364,BY188502
DB15710,DB15710
BY466363,DL124411
CW100654,CW712479
CW561362,DB201045
EH855811,AW199953
CW1116300,CW1083207
EH666947,EH666947
EN57161,EN34513
EH815825,EH815825
CT35475,CT35475
BE166506,BE456245
CW4207,CW25655
EH182021,EH693911
BK3551,BK3551
CW140341,AM66812
CW263559,CW277285
EH635672,EH1059816
DL182721,DL182721
CW430625,CW328016
AA128606,AL300350
CW739786,CW1161895
DL210568,DL210568
EH46310,EH43641
AN43423,AN32936
EH834065,EH834065
AA173822,AA173822
AN83535,EF173238
CW67410,CW179424
BL4978,AS53794
CW1136541,CW1058737
CW1281728,CW214273
CW251549,CW1284984
BE424746,DL111409
BR143779,BL287786
CB46441,CZ81443
DD59588,DD116324
BE453801,BE451467
EJ3939,BY208325
AK113306,DB241469
AK101968,AK101968
BL129339,BL129339
DR134689,BK24914
CG37891,CG37891
EH1060843,EH288788
BY544864,AM52466
BB54411,BD64175
EH115347,EH201335
EH807420,EH807420
BL85018,AW99026
CW100722,CW218873
BL258542,DE220883
CW959494,CW926839
BL245472,BL245472
AL179735,AW163949
EF182732,BN519999
DB290925,DB278199
DR99516,DR73486
BR43523,BR115958
CW423808,CW776753
DD164420,DD90591
CW229362,CW229362
DD77199,DD60822
EH270385,DT42969
AN76990,AM51356
CW895966,CW895966
BK40059,BK40059
EH135077,EH374256
EF151725,EF35469
CW1134570,CW990080
CW1011103,CW527749
BY301945,BY103367
BE344238,BE344238
CC3609,DL241460
DK42631,DK42631
CW82745,CW280071
AP52171,AW195866
CW1152470,CW1082771
AL206162,AL114668
BR168403,BR153280
BE239900,BE195560
CW975213,CW202857
CW238870,CW300901
BN40261,BN40325
EH268409,CE4686
CW1266323,CW172825
CW379893,CW731041
AK77958,CM29334
BE271852,BE255083
BM50716,BM50716
DC21629,DC21629
AZ11733,AZ11733
CW537934,CW536559
CW955493,CW514096
DZ52607,BR61104
EK9669,EH558682
AA61836,AA16941
EH220680,EH121568
DT123047,DT123047
CJ163708,CJ163708
CJ142212,CJ142212
EH1101794,EH1101794
CZ66892,CZ82481
BY100274,EP33150
EP97192,EH1224954
BK45789,BK45789
BR39127,BR39127
BL381176,BL381176
DB298240,DB258955
CW1260064,EF134195
BY471085,BY471085
DT41716,AA28921
CW411040,CW279267
EH1055754,EH1055754
DE261295,DE196164
EF134195,DD127199
EH262579,DD138563
AL229910,AL211408
AW206449,AW206449
CJ23282,CJ29926
EH615978,EH615978
CW695560,CW357266
BR210362,AL290314
AK82322,DB235600
EH732461,EH732461
BN436970,DK39263
DT99011,AN227818
BY372453,EH155440
DA98249,AA163938
EH1066003,EH840341
BE336453,BE327963
EH827601,EH827601
BW58992,BW58992
EA35184,BH119024
AA65891,AX56523
DL132713,CN12735
EH1247229,EH568807
BW54596,BW54596
DB190976,DB119984
AW144052,EH833616
EH339579,EH332115
DE243005,DE243005
CW1124524,CW621075
DD95751,EA37018
CN61881,CN61881
BD16968,BD26575
EH414087,EH906576
AC14629,CH39001
EF58327,EF58327
AA163073,AA54675
CW424563,CW320329
CW1115348,CW576735
CW162665,CW581381
EN21578,DC17249
CW1040384,CW1040384
BE175147,BE194278
CW610619,CM29334
CW41097,CW407074
CW975147,CW1001674
EH132350,EH332058
BR168867,BR168867
EH358213,CJ167179
CW251291,CW717338
EH610987,EH610987
EH149209,BH106753
BY415489,BY753941
BE243860,BE218189
EL54740,EL54740
AJ14754,AM51356
AN138418,CN87837
CW493584,CW237753
BN165038,AS53009
CW866145,CW641230
CG158723,DE69491
CW21050,CW17857
AL225717,AL225717
DR28132,DR4878
BY552616,BY194502
CW741393,CW1059030
EH107683,EH238756
AY30044,AY30044
DB259668,DB259668
AG40521,AG40521
CW1049836,CW1148004
CW1009402,CW1339357
DE150350,DE130177
CJ68778,CJ59920
EM31294,EB46025
EM79836,CB42496
EH754998,EH754998
BX11452,EG45355
BN49795,BN46352
CW50332,CW11741
DA36999,BH83426
CW729820,CW729820
AW207698,AW207698
CC139476,CC139476
CW568428,CW170495
CL38926,DB204424
CW983714,CW244519
EH1045729,AM88686
EH27432,EH560979
CW937276,CW1352213
CW62496,CW104685
EB58470,AA155212
DR116392,DR55150
BN460267,BN460267
DB190471,DB296405
CW443982,CW699581
DB75006,DB159590
CA63561,AJ10365
BE192563,BE137171
AX67173,AX67173
BE72556,BE4629
EH337976,CW1221407
EN45331,AS46834
BN349921,CB70797
CW670572,CW1316208
DG5237,DG7201
BC14413,AL14659
BY59316,BY171154
DS81761,BL184377
AN207907,AN207907
DN94633,BD122090
CW237097,CW95696
AL237994,AL237994
BY76099,BY76098
BE375875,BE375875
AN160600,DT92626
DE310494,CJ151251
BY8629,BY137239
EH729820,AA155212
EL62857,EL62803
CC117401,CC81044
BY121835,BY252989
EH284490,DS14847
EH595061,EH595061
CW186801,CW272118
AS14229,DH12512
DL40554,BY161766
BY381844,BY381844
DN129793,DK40823
CW336739,CW190857
AY2466,DE13986
EH888540,EH888540
DN111443,DN111443
DE279102,DE279102
BN171633,BN126596
DT23920,BB33936
BN392281,BN392281
AA34569,AL67684
CW259302,CW259302
EH145179,EH145179
DR77998,DZ49957
CW331320,CW330781
CW617309,CW932921
DT27483,DT42286
DE292484,DE292484
DK30529,DK30529
BE394911,BR172720
CW43344,CW563790
EH670359,EH518113
CW357109,CW222332
EL77560,EL77560
CS30247,CS30247
CW1134071,CW1134071
BX2791,EH345667
BL92102,BL92102
BL61322,EN19019
DA73458,BL266337
BE113426,BE74218
DE238132,DE238132
CW1136224,CW1136224
CG63823,CG63823
CW991790,AP94471
BH57513,BL130073
CW439313,CW439313
DZ68997,CT51028
BW52948,BW52948
CW193333,CW420845
CW726622,CW664560
BE385979,CA107413
AA149663,AA149663
EH134651,EH210062
BL419160,BL419160
CW442326,CW535150
BR158940,DA42895
BN467589,CW186258
CW555857,CW287954
EH1043408,EH715219
CW1073431,CW1073431
CJ198795,CJ198795
BY375017,EA35014
EH169937,EH252755
CW62496,CW120197
DH57404,DH11085
EF49596,EF49596
CW477332,CW79495
CW1026494,CW576735
AL77503,AL47695
CW500802,CW500802
BE248751,AL190305
BN289759,BN167759
DE290192,DE290192
CW43388,CW124986
AX48399,AL235276
BD86740,EH742520
EL88252,EL88252
AL219128,AL167187
EF197271,DX15549
EH704163,CA98010
CW1162944,CW475691
EM117452,EM117452
CW914888,BN380160
CT59613,AL300350
BA9618,BY274763
DL65640,DL65640
EH515662,EH515662
EH354908,EH354908
EH149209,AP8782
BE213863,BE364945
EH459694,CJ85816
EH917979,EH917979
CW966697,CW1099568
CW778665,CW1118089
DR33236,DR40242
AN45864,AN39519
BY112681,BY139193
CW576856,CW399512
CG9390,BE146208
CW369263,CW292769
DT112397,DT112397
DD193880,DD138563
BY537733,BY531646
CA108925,CA108925
EH675696,EH466592
AA113631,DE151670
DB142860,CL34430
AF14323,AF13274
CG135002,CG135002
EH897160,EH897160
DZ41159,DZ34250
ES12342,AL311924
EH706614,DE253898
CP41273,EL78297
BN197386,BN522616
DE294694,DE294694
BY293081,BY315018
EH888233,EH888233
CW528151,CW581381
EH763528,EH335650
EH1015302,EH1015302
DB54784,DB141330
BN179562,CR8889
CW951734,CW342607
CW1288263,CW774246
CW100722,CW746828
CW1134570,CW795339
CS17371,CM5331
AL206162,AL267060
BY524224,BY335976
EH1118234,EH1118234
EH1189667,EH1189667
BN182442,BN133827
CW1112917,CW1112917
EH741767,EH382754
CW184660,CW1053361
EN66258,DP16620
BE331459,BE331459
DH57404,EH242840
AA107317,CS25808
CW925747,CW839196
CA73341,BY633732
CW260854,CW305757
EL70860,BH151572
BK53143,BK53143
DE118933,DE118933
BR13211,BR13211
EH836216,EH836216
CW454757,CW817551
BY21407,BY428592
BY484745,BY501280
EF177538,EL47655
CW509787,CW270477
EH821817,EH821817
DN143628,EF186635
DZ57966,DZ57966
CW178965,CW824673
EH115045,EH115045
EH697631,EH697631
EH797507,EH797507
CW1014650,CW1124252
CJ141086,CJ141086
CW219926,CW1025693
BY177908,BY177916
BN134434,AM42691
BR143779,CB93093
AT17099,AT17099
BN173712,BN511081
EF164199,DL151293
CW715198,CW619925
BN142877,BN204057
BD101015,BD101015
BY495669,BY622161
CW511321,CW708699
EH783770,EH783770
CJ148169,BM5630
BL403725,BL403725
DL138616,EH1235532
CW893134,CW879595
EH291763,EH146914
BR171041,BR171041
AS68915,AS68915
DD84507,DD156963
DN93691,DN100955
CW534577,CW658382
AW182102,AW182102
DB273665,DB273665
DE96082,BL333387
CW661767,CW880767
AL147240,AL147240
CA53694,CA53694
BN316495,BN316495
DT32942,DT32942
CW533974,AX29272
AK132491,AK132491
CW249380,CW998978
AG63275,AN189221
EL78855,EL78855
DT143250,AA117900
DE2600,DE2600
CC96538,CC85571
BD81299,BD81299
CW437888,CW433712
BY281710,CW228240
AA66331,EF49294
CW1023278,CW1355530
EH1202741,EH1202741
EH667407,EH667407
CW578879,CW199905
BE125548,BE87025
DB263735,DB263735
CW938930,CW709970
AL346421,EN2302
EH596565,EH204661
AJ21218,BE136497
EP63258,EP51601
CH27327,CH45429
CA83553,DE259725
CW644997,BE180960
CW822808,CW1202767
EH52522,BN85192
AW151364,AW151364
EF81691,DB154632
EH1002398,CZ54672
CA83553,BK24914
CW1051556,CW1051556
EH660943,EH660943
BY44117,BY188026
BN211046,BN159939
EH944828,EH677278
CW103073,CW836563
DS90136,DS122225
BN347418,BN347418
CW2065,CW18728
CL3371,EH5453
BE276937,BE276937
BD94198,AB28655
BE323978,BE323978
BN19665,BN46942
EB34098,DL168310
CW1011103,BL205240
AL265653,AK47069
CW969137,CW339059
BN553104,EH742520
EH405519,EH349030
EH704163,EH704163
EH330607,EH185624
CG87636,CG87636
CW1251863,CW1062449
CP34874,CP19069
CM63439,CM63439
AN94746,AN94746
CW214609,CW107127
DB205285,DB168002
EH133128,EH180607
AL288705,AL142526
CJ106945,EH810598
EH263786,EH487402
BY467184,BY467184
BN258328,BN258328
BE271852,DY33049
EH138414,EH190343
CW883935,CW898146
CN94526,CN94526
EN38519,BH89760
CW620667,CW620667
EH816614,EH816614
BN316447,CC68527
CW1219567,CW1219567
EH865201,EH109558
BA8961,DD69435
AW205936,AW40904
EF26063,EF115168
CW438952,CW438952
CW655811,CW432338
BN178651,BN85192
CW874301,CW1043623
EB27763,DR65657
BL195478,DB88655
CW143215,DE113376
DB70337,DB70337
BL360375,BL360375
EH250538,EH400020
EH769492,EH769492
BE271521,BE285901
CW371100,CW503682
BB82704,BR148333
DN86126,DN94073
BY647118,BY647118
BR143779,CW1034747
AY32462,EH742520
AL314263,AL336292
CW1208978,CW1370815
AK87813,AK47069
CS14102,DH21645
BY467960,BY315018
AA100252,EH529397
BY594311,CG124874
EH1218228,EH58284
CW691526,CW754980
BP20457,BP20457
EH698764,CF7032
BD117898,BD153659
EH839861,EH839861
CW74996,CW140443
AW59010,AW45649
DL236888,DL236888
CW859907,CW525806
BE27440,BE84290
BL308496,BL308496
EH127386,EH364525
CJ41883,EP60482
CW1229000,CW252237
DB151478,DB126997
CW578879,CW1028149
EL55785,EL55785
CC147743,EG20068
DB205104,AS70283
EF44177,EF84620
CW241382,BE157097
DE268187,DE268187
CW330373,CW879595
CW1131585,CW1131585
BY98799,BY177699
CW862372,CW632661
DE174998,BJ26651
AL136232,AL126524
CW1240584,CW1273687
EH408945,CW560761
AW13254,AW60613
CW382551,CW307668
BY577264,BY592343
CA130638,CA130638
BL387568,BL387568
EH704163,BL193636
BZ63148,BZ63148
CW65890,CW186614
CW756239,CW1060175
CW989348,CW853174
BN210167,BN78273
BY618186,BY618186
BY5093,BY126536
CW977514,CW338545
BL429788,BL429788
AX71353,AX71353
BM64087,BM48255
DB283980,DB283980
AX66576,AX66576
CP26782,CN51790
EH729820,EH1298769
CW1196633,CW756619
CW206400,CW118997
CW1126168,CW1347698
CM59317,CM66058
CW975147,CW226369
BL461346,EH648595
BP37184,DB95792
CW499942,CW1078986
BB42501,BE63985
EM99161,EM99161
CW1171383,CW1007548
BE269259,BE269259
BY177908,EH481215
BN68472,BN100876
DL184871,DL279518
BN409739,BL279675
AA107317,AJ21547
CW124751,CW172715
BD136678,BD136678
EH667903,EH711492
EB58470,BL506290
DT137103,DT137103
CW63942,CW103313
CW116551,CW746828
DB137922,BL279675
EH1081496,EH1081496
EF182732,DL67396
BN553104,CL41408
EF159671,EF159671
CW905782,CW905782
AL53474,AL53474
BN249812,BN96755
CW1194998,CW260237
CW710225,CW904025
CW396753,CW248153
CW286537,CW588057
EH842353,CG6470
AL58368,AL121895
CW981122,CW847264
CW272574,CW265797
CW1049836,CW752874
AF20036,BY386189
CW426984,CW889359
BL205395,BL121283
DD207004,BK34586
BY182392,BY23675
AP36751,AP4146
EF127233,EF127233
DB311783,DB324775
EH1100543,EH1278700
CW961771,CW961771
CW450833,BN151781
EH968683,EH968683
DR19761,DR50848
DB158891,DB335700
CW1158368,CW1194682
EH200940,EH200940
CJ131586,CJ61423
EH938240,EH938240
BH142845,BH142845
CW241738,CW412116
AX54887,AX54887
EH1055957,EH1055957
BY198530,BY198530
EL75111,BW55052
CW728124,CW728124
EH487514,BL260315
BR192033,AP88075
EH676428,EH682176
CC90061,CC71527
CM56549,CM56549
EH613643,EH751891
EH661256,EH516880
CW1153398,CW1358868
CW1079530,CW1027949
CA8356,BR89203
DB101797,DB62672
EH875971,EH875971
EL81664,EL81664
EH939135,EH676818
AL274784,AL274784
BY424944,BY424944
AN102491,DT79321
AL185729,AL185729
CW862372,CW935564
AL256110,AL256110
CW561659,CW1005841
CJ9714,CJ9714
EH101105,EH331658
CA69066,CA69066
AN73256,CW611851
BY63854,BY96154
CW1085040,EH843869
BB42501,BE157097
EH824432,EH824432
CW67410,CW186614
EH828862,EH828862
BL367137,BL367137
BN552501,BN552501
DB133203,DB95792
DE294198,BL237000
CK11801,CK11801
CW332959,CW588997
AL229910,BE227361
EP80778,EF151129
DB142860,AB28655
CJ145075,CJ145075
BR146772,BE257921
CW489957,BB80368
CW229778,CW1086688
DD100494,DD100494
CW604104,CW604104
CW796457,CW525628
EH471011,EH306790
BB94561,BR204896
CW501382,CW736004
AP75842,BR60230
DH21867,DH21867
CH51938,CH51938
CG22291,CG151931
DC25984,BN123996
BW6276,BW6276
CM62054,CM26592
EF200894,EF200894
CW644997,CW1010708
CW1117614,CW1117614
DN129793,CL61384
EK19994,EK4982
CG132165,CW688126
BN344706,BN344706
BE212938,BE153908
AA65978,DT19065
CW882344,CW180765
DB47292,DB181368
DE302189,DE112563
BY548948,BY492800
CW340750,CW540984
BY91915,BY27040
CW882475,CW983893
CG88129,CG18574
BY418590,BY451078
DN100719,DN100719
BN489967,BN489967
EH992690,EH992690
DB58817,BR81884
EN61086,EN61086
CW702294,CW702294
EH536281,EH156745
CW1246935,CW1246935
CW139729,CW471430
AP45763,CA47266
EH1079476,EH1079476
CW241382,BE63985
CJ111295,CJ99389
CW340820,CW189724
CW256827,CW23618
BG40730,BG40730
CW149341,CW1210892
CW1193607,CW1330943
CW230429,CW638169
CW507094,CW867985
CW321834,CW674274
BL239119,BL206874
EH182021,EH24095
DP5988,DS11692
DB120292,DB188511
BN512265,BN455155
DB140725,DB140725
AW144376,AW86661
CB55882,CB50492
BY275715,BY270095
EH329088,EH440311
CW544096,CW1035099
DK28923,BE123444
AA148163,BY344238
CW1175759,CW1225931
CJ116175,CJ116175
EH699444,EH699444
DN57561,AY20302
DD36521,DD36521
CL50726,CL29955
CX9306,BC38691
DE188214,DE188214
BE221721,CW935564
EH592029,EH592029
CE30707,CZ27209
DB97751,DB188633
CW1031374,CW449830
CW727659,CW727659
DB170640,DB142666
BY23003,BY11358
CW463192,CW227860
AK90665,BK34586
CW615215,CW180494
EH462377,BL186276
CW230112,CW529217
CW462628,BL391095
BN60414,BN60106
DD141356,DD141356
CW493167,CW1198938
BR172203,BR95767
AL232460,AL122019
CW429905,CW332769
AL329165,AL329165
CW800976,CW732623
BY400735,BY400735
BN69873,BN132893
CW733891,CW517225
DL220873,DL220873
DR39020,DR30548
BL192636,BL192636
EH661256,BX11643
EH581573,EH480387
AL220206,BE209123
DW22299,CZ81010
CW561659,CW357266
CA63657,BD7721
AM66253,AM66253
EH23876,EH10388
BR17640,BR17640
EL44854,EL44854
EH565570,EH565570
BY152970,BY187587
CN71672,BH193523
CW491480,CW466137
BH107023,BH107023
BL458746,BL458746
CW724721,CW515155
AW152667,AW152667
AN209597,AN209597
BN215374,BN215374
DE292753,EH1028493
BE254633,BE286188
CW1076121,EH843869
EH856611,EH856611
EH631533,EH631533
AL141368,EH477020
DL200050,DL200050
CW1137430,CW1137430
BE274984,BE304352
BN375334,BN404430
DB262891,AA57675
BH140246,BH140246
CW796104,CW517395
CW827452,CW531908
EH906320,CW934345
BY687591,BY221166
BY181699,BY181699
CL50930,CL50930
DP55580,DP55580
BE209449,EF238946
EB26391,CZ87827
BE334215,BW55052
BN423609,BN104382
AK119904,AK119904
CW1008545,CW1337517
CW338462,CW192321
EF94627,EF94627
CT34523,CY31004
EF143189,EF143189
DD95020,DD95020
DE290691,DE290691
EG41205,AX19339
AM59934,AW59967
AA18558,AA13830
BE74288,BE74288
DD161392,BD93988
DB232490,DB232490
EH700820,EH700820
AL66715,AL172379
CW890098,CW478608
EH1132465,EH1132465
CW1365817,CW797761
BL403232,AX71285
EH571503,EH571503
CN74202,CN74202
BE185565,BE150808
CW86355,CW127296
CW147816,CW141585
DN97755,CJ198893
BY146972,BY754728
DD35153,DD38148
EH239795,BP38536
BL71511,BL194519
CJ148078,CJ148078
AP21383,AP35296
EH912643,DE327302
BG37858,BG37858
CW157082,CW203913
BY342738,BN108040
CW497250,CW38104
CW721351,CW721351
CW816698,CW816698
DB146952,DB277216
DB188332,EH520302
BE311535,BE311535
CW1007874,CW1007874
CW156040,CW729385
EH315046,DE148568
EM111021,EM111021
CW937153,CW1325157
EH1085458,EH1085458
DE304181,DE304181
DZ8431,DM5837
CA20527,DL96397
DL8948,DA116930
CW55577,CW8279
CW268726,CW562318
BK37189,BP15630
BE293177,BE191179
AK57205,AE14306
EH617014,EH617014
BY305876,AP78767
EG31949,EH388072
DE180869,DE123547
CW437959,CW482698
BH151938,BH151938
CW656225,CW160924
CW747567,CW553977
BY579836,BY579836
BP66067,BP66067
EH636812,EH636812
CW553309,CW481786
CE42754,CE42754
EH101945,BL95088
BE409824,BE146208
CJ103416,DE221774
EF134918,EF134918
EH800906,EH1033529
EF36527,EF68288
CW116937,CW865441
BY210048,BY354604
EH747033,EH747033
CA117091,CA117091
BY347336,BY435189
CW571198,CW318482
CW755380,CW719884
EH858762,BL476367
DZ62419,DZ62419
DN71420,DN71420
CW1090476,CW162868
CW1195436,CW1021078
AW156758,AW156758
BR125608,BR156263
CW1368568,EH580056
BY495669,BY541253
CW337711,BD81285
EH1005048,CW1346764
AW63279,AW60057
CW1086676,CW109809
AL199892,AL92203
AK87638,AK87638
CW327861,CW848645
CJ90435,CJ90435
BG38232,BG38232
EH560726,EH560726
EJ11712,EJ11712
EH1128074,EH1128074
CW893250,CW953441
DD115812,DD115812
DL75062,DL106528
EH778184,EH515404
BE384523,BE449097
CW875631,CW816592
BR196901,DX61085
CJ37434,DN74293
CW867982,CW1294584
BP33147,BP33147
BL31575,BE444695
CW446183,CW259445
DT135033,BZ19023
CW399177,CW933518
DN139684,DN139684
EH710250,EH438279
BY392060,BY392060
CL38270,BY410592
CJ126740,CJ126740
CW1019944,CW948247
EH486001,EH399059
CW306268,CW527136
AL206151,AL323716
EH919854,EH919854
CW160187,CW212569
CZ85561,CY21692
CW310892,BH90535
CW1081134,CW798146
CW188042,CW1355868
CW642682,CW402930
BE186751,DL163823
AE26088,AE26088
BN408573,BN331648
BY209532,EH271498
EH831323,EH831323
BL245952,CW305427
AL204163,AL204163
BE14262,BE12893
CW501972,CW879595
AM75899,AM75899
BE324078,BE150452
CA103764,CA103764
EH418323,AH7788
DH48243,DD39293
CJ144816,CJ144816
CW214862,CW215469
AW206991,CW199905
CW1190392,BX2543
EH950240,EH950240
CZ37587,AW201921
EH817914,EH817914
EH326251,EH1250733
BL441750,BL441750
EH1116960,EH1116960
EH745384,EH745384
BY309594,BY320907
DB42575,DB315908
DR130848,AS13811
CW543374,CW872675
DH55577,DH55577
EH937986,EH937986
DE145638,CW434160
